Step,Reward
0.0,-20000.0
1.0,-20000.0
2.0,-20000.0
3.0,-20000.0
4.0,-20000.0
5.0,-20000.0
6.0,-20000.0
7.0,-20000.0
8.0,-20000.0
9.0,-20000.0
10.0,-20000.0
11.0,-20000.0
12.0,-20000.0
13.0,-20000.0
14.0,-20000.0
15.0,-20000.0
16.0,-20000.0
17.0,-20000.0
18.0,-20000.0
19.0,-20000.0
20.0,-20000.0
21.0,-20000.0
22.0,-20000.0
23.0,-20000.0
24.0,-20000.0
25.0,-20000.0
26.0,-20000.0
27.0,-20000.0
28.0,-20000.0
29.0,-20000.0
30.0,-20000.0
31.0,-20000.0
32.0,-20000.0
33.0,-20000.0
34.0,-20000.0
35.0,-20000.0
36.0,-20000.0
37.0,-20000.0
38.0,-20000.0
39.0,-20000.0
40.0,-20000.0
41.0,-20000.0
42.0,-20000.0
43.0,-20000.0
44.0,-20000.0
45.0,-20000.0
46.0,-20000.0
47.0,-20000.0
48.0,-20000.0
49.0,-20000.0
50.0,-20000.0
51.0,-20000.0
52.0,-20000.0
53.0,-20000.0
54.0,-20000.0
55.0,-20000.0
56.0,-20000.0
57.0,-20000.0
58.0,-20000.0
59.0,-20000.0
60.0,-20000.0
61.0,-20000.0
62.0,-20000.0
63.0,-20000.0
64.0,-20000.0
65.0,-20000.0
66.0,-20000.0
67.0,-20000.0
68.0,-20000.0
69.0,-20000.0
70.0,-20000.0
71.0,-20000.0
72.0,-20000.0
73.0,-20000.0
74.0,-20000.0
75.0,-20000.0
76.0,-20000.0
77.0,-20000.0
78.0,-20000.0
79.0,-20000.0
80.0,-20000.0
81.0,-20000.0
82.0,-20000.0
83.0,-20000.0
84.0,-20000.0
85.0,-20000.0
86.0,-20000.0
87.0,-20000.0
88.0,-20000.0
89.0,-20000.0
90.0,-20000.0
91.0,-20000.0
92.0,-20000.0
93.0,-20000.0
94.0,-20000.0
95.0,-20000.0
96.0,-20000.0
97.0,-20000.0
98.0,-20000.0
99.0,-20000.0
100.0,-20000.0
101.0,-20000.0
102.0,-20000.0
103.0,-20000.0
104.0,-20000.0
105.0,-20000.0
106.0,-20000.0
107.0,-20000.0
108.0,-20000.0
109.0,-20000.0
110.0,-20000.0
111.0,-20000.0
112.0,-20000.0
113.0,-20000.0
114.0,-20000.0
115.0,-20000.0
116.0,-20000.0
117.0,-20000.0
118.0,-20000.0
119.0,-20000.0
120.0,-20000.0
121.0,-20000.0
122.0,-20000.0
123.0,-20000.0
124.0,-20000.0
125.0,-20000.0
126.0,-20000.0
127.0,-20000.0
128.0,-20000.0
129.0,-20000.0
130.0,-20000.0
131.0,-20000.0
132.0,-20000.0
133.0,-20000.0
134.0,-20000.0
135.0,-20000.0
136.0,-20000.0
137.0,-20000.0
138.0,-20000.0
139.0,-20000.0
140.0,-20000.0
141.0,-20000.0
142.0,-20000.0
143.0,-20000.0
144.0,-20000.0
145.0,-20000.0
146.0,-20000.0
147.0,-20000.0
148.0,-20000.0
149.0,-20000.0
150.0,-20000.0
151.0,-20000.0
152.0,-20000.0
153.0,-20000.0
154.0,-20000.0
155.0,-20000.0
156.0,-20000.0
157.0,-20000.0
158.0,-20000.0
159.0,-20000.0
160.0,-20000.0
161.0,-20000.0
162.0,-20000.0
163.0,-20000.0
164.0,-20000.0
165.0,-20000.0
166.0,-20000.0
167.0,-20000.0
168.0,-20000.0
169.0,-20000.0
170.0,-20000.0
171.0,-20000.0
172.0,-20000.0
173.0,-20000.0
174.0,-20000.0
175.0,-20000.0
176.0,-20000.0
177.0,-20000.0
178.0,-20000.0
179.0,-20000.0
180.0,-20000.0
181.0,-20000.0
182.0,-20000.0
183.0,-20000.0
184.0,-20000.0
185.0,-20000.0
186.0,-20000.0
187.0,-20000.0
188.0,-20000.0
189.0,-20000.0
190.0,-20000.0
191.0,-20000.0
192.0,-20000.0
193.0,-20000.0
194.0,-20000.0
195.0,-20000.0
196.0,-20000.0
197.0,-20000.0
198.0,-20000.0
199.0,-20000.0
200.0,-20000.0
201.0,-20000.0
202.0,-20000.0
203.0,-20000.0
204.0,-20000.0
205.0,-20000.0
206.0,-20000.0
207.0,-20000.0
208.0,-20000.0
209.0,-20000.0
210.0,-20000.0
211.0,-20000.0
212.0,-20000.0
213.0,-20000.0
214.0,-20000.0
215.0,-20000.0
216.0,-20000.0
217.0,-20000.0
218.0,-20000.0
219.0,-20000.0
220.0,-20000.0
221.0,-20000.0
222.0,-20000.0
223.0,-20000.0
224.0,-20000.0
225.0,-20000.0
226.0,-20000.0
227.0,-20000.0
228.0,-20000.0
229.0,-20000.0
230.0,-20000.0
231.0,-20000.0
232.0,-20000.0
233.0,-20000.0
234.0,-20000.0
235.0,-20000.0
236.0,-20000.0
237.0,-20000.0
238.0,-20000.0
239.0,-20000.0
240.0,-20000.0
241.0,-20000.0
242.0,-20000.0
243.0,-20000.0
244.0,-20000.0
245.0,-20000.0
246.0,-20000.0
247.0,-20000.0
248.0,-20000.0
249.0,-20000.0
250.0,-20000.0
251.0,-20000.0
252.0,-20000.0
253.0,-20000.0
254.0,-20000.0
255.0,-20000.0
256.0,-20000.0
257.0,-20000.0
258.0,-20000.0
259.0,-20000.0
260.0,-20000.0
261.0,-20000.0
262.0,-20000.0
263.0,-20000.0
264.0,-20000.0
265.0,-20000.0
266.0,-20000.0
267.0,-20000.0
268.0,-20000.0
269.0,-20000.0
270.0,-20000.0
271.0,-20000.0
272.0,-20000.0
273.0,-20000.0
274.0,-20000.0
275.0,-20000.0
276.0,-20000.0
277.0,-20000.0
278.0,-20000.0
279.0,-20000.0
280.0,-20000.0
281.0,-20000.0
282.0,-20000.0
283.0,-20000.0
284.0,-20000.0
285.0,-20000.0
286.0,-20000.0
287.0,-20000.0
288.0,-20000.0
289.0,-20000.0
290.0,-20000.0
291.0,-20000.0
292.0,-20000.0
293.0,-20000.0
294.0,-20000.0
295.0,-20000.0
296.0,-20000.0
297.0,-20000.0
298.0,-20000.0
299.0,-20000.0
300.0,-20000.0
301.0,-20000.0
302.0,-20000.0
303.0,-20000.0
304.0,-20000.0
305.0,-20000.0
306.0,-20000.0
307.0,-20000.0
308.0,-20000.0
309.0,-20000.0
310.0,-20000.0
311.0,-20000.0
312.0,-20000.0
313.0,-20000.0
314.0,-20000.0
315.0,-20000.0
316.0,-20000.0
317.0,-20000.0
318.0,-20000.0
319.0,-20000.0
320.0,-20000.0
321.0,-20000.0
322.0,-20000.0
323.0,-20000.0
324.0,-20000.0
325.0,-20000.0
326.0,-20000.0
327.0,-20000.0
328.0,-20000.0
329.0,-20000.0
330.0,-20000.0
331.0,-20000.0
332.0,-20000.0
333.0,-20000.0
334.0,-20000.0
335.0,-20000.0
336.0,-20000.0
337.0,-20000.0
338.0,-20000.0
339.0,-20000.0
340.0,-20000.0
341.0,-20000.0
342.0,-20000.0
343.0,-20000.0
344.0,-20000.0
345.0,-20000.0
346.0,-20000.0
347.0,-20000.0
348.0,-20000.0
349.0,-20000.0
350.0,-20000.0
351.0,-20000.0
352.0,-20000.0
353.0,-20000.0
354.0,-20000.0
355.0,-20000.0
356.0,-20000.0
357.0,-20000.0
358.0,-20000.0
359.0,-20000.0
360.0,-20000.0
361.0,-20000.0
362.0,-20000.0
363.0,-20000.0
364.0,-20000.0
365.0,-20000.0
366.0,-20000.0
367.0,-20000.0
368.0,-20000.0
369.0,-20000.0
370.0,-20000.0
371.0,-20000.0
372.0,-20000.0
373.0,-20000.0
374.0,-20000.0
375.0,-20000.0
376.0,-20000.0
377.0,-20000.0
378.0,-20000.0
379.0,-20000.0
380.0,-20000.0
381.0,-20000.0
382.0,-20000.0
383.0,-20000.0
384.0,-20000.0
385.0,-20000.0
386.0,-20000.0
387.0,-20000.0
388.0,-20000.0
389.0,-20000.0
390.0,-20000.0
391.0,-20000.0
392.0,-20000.0
393.0,-20000.0
394.0,-20000.0
395.0,-20000.0
396.0,-20000.0
397.0,-20000.0
398.0,-20000.0
399.0,-20000.0
400.0,-20000.0
401.0,-20000.0
402.0,-20000.0
403.0,-20000.0
404.0,-20000.0
405.0,-20000.0
406.0,-20000.0
407.0,-20000.0
408.0,-20000.0
409.0,-20000.0
410.0,-20000.0
411.0,-20000.0
412.0,-20000.0
413.0,-20000.0
414.0,-20000.0
415.0,-20000.0
416.0,-20000.0
417.0,-20000.0
418.0,-20000.0
419.0,-20000.0
420.0,-20000.0
421.0,-20000.0
422.0,-20000.0
423.0,-20000.0
424.0,-20000.0
425.0,-20000.0
426.0,-20000.0
427.0,-20000.0
428.0,-20000.0
429.0,-20000.0
430.0,-20000.0
431.0,-20000.0
432.0,-20000.0
433.0,-20000.0
434.0,-20000.0
435.0,-20000.0
436.0,-20000.0
437.0,-20000.0
438.0,-20000.0
439.0,-20000.0
440.0,-20000.0
441.0,-20000.0
442.0,-20000.0
443.0,-20000.0
444.0,-20000.0
445.0,-20000.0
446.0,-20000.0
447.0,-20000.0
448.0,-20000.0
449.0,-20000.0
450.0,-20000.0
451.0,-20000.0
452.0,-20000.0
453.0,-20000.0
454.0,-20000.0
455.0,-20000.0
456.0,-20000.0
457.0,-20000.0
458.0,-20000.0
459.0,-20000.0
460.0,-20000.0
461.0,-20000.0
462.0,-20000.0
463.0,-20000.0
464.0,-20000.0
465.0,-20000.0
466.0,-20000.0
467.0,-20000.0
468.0,-20000.0
469.0,-20000.0
470.0,-20000.0
471.0,-20000.0
472.0,-20000.0
473.0,-20000.0
474.0,-20000.0
475.0,-20000.0
476.0,-20000.0
477.0,-20000.0
478.0,-20000.0
479.0,-20000.0
480.0,-20000.0
481.0,-20000.0
482.0,-20000.0
483.0,-20000.0
484.0,-20000.0
485.0,-20000.0
486.0,-20000.0
487.0,-20000.0
488.0,-20000.0
489.0,-20000.0
490.0,-20000.0
491.0,-20000.0
492.0,-20000.0
493.0,-20000.0
494.0,-20000.0
495.0,-20000.0
496.0,-20000.0
497.0,-20000.0
498.0,-20000.0
499.0,-20000.0
500.0,-20000.0
501.0,-20000.0
502.0,-20000.0
503.0,-20000.0
504.0,-20000.0
505.0,-20000.0
506.0,-20000.0
507.0,-20000.0
508.0,-20000.0
509.0,-20000.0
510.0,-20000.0
511.0,-20000.0
512.0,-20000.0
513.0,-20000.0
514.0,-20000.0
515.0,-20000.0
516.0,-20000.0
517.0,-20000.0
518.0,-20000.0
519.0,-20000.0
520.0,-20000.0
521.0,-20000.0
522.0,-20000.0
523.0,-20000.0
524.0,-20000.0
525.0,-20000.0
526.0,-20000.0
527.0,-20000.0
528.0,-20000.0
529.0,-20000.0
530.0,-20000.0
531.0,-20000.0
532.0,-20000.0
533.0,-20000.0
534.0,-20000.0
535.0,-20000.0
536.0,-20000.0
537.0,-20000.0
538.0,-20000.0
539.0,-20000.0
540.0,-20000.0
541.0,-20000.0
542.0,-20000.0
543.0,-20000.0
544.0,-20000.0
545.0,-20000.0
546.0,-20000.0
547.0,-20000.0
548.0,-20000.0
549.0,-20000.0
550.0,-20000.0
551.0,-20000.0
552.0,-20000.0
553.0,-20000.0
554.0,-20000.0
555.0,-20000.0
556.0,-20000.0
557.0,-20000.0
558.0,-20000.0
559.0,-20000.0
560.0,-20000.0
561.0,-20000.0
562.0,-20000.0
563.0,-20000.0
564.0,-20000.0
565.0,-20000.0
566.0,-20000.0
567.0,-20000.0
568.0,-20000.0
569.0,-20000.0
570.0,-20000.0
571.0,-20000.0
572.0,-20000.0
573.0,-20000.0
574.0,-20000.0
575.0,-20000.0
576.0,-20000.0
577.0,-20000.0
578.0,-20000.0
579.0,-20000.0
580.0,-20000.0
581.0,-20000.0
582.0,-20000.0
583.0,-20000.0
584.0,-20000.0
585.0,-20000.0
586.0,-20000.0
587.0,-20000.0
588.0,-20000.0
589.0,-20000.0
590.0,-20000.0
591.0,-20000.0
592.0,-20000.0
593.0,-20000.0
594.0,-20000.0
595.0,-20000.0
596.0,-20000.0
597.0,-20000.0
598.0,-20000.0
599.0,-20000.0
600.0,-20000.0
601.0,-20000.0
602.0,-20000.0
603.0,-20000.0
604.0,-20000.0
605.0,-20000.0
606.0,-20000.0
607.0,-20000.0
608.0,-20000.0
609.0,-20000.0
610.0,-20000.0
611.0,-20000.0
612.0,-20000.0
613.0,-20000.0
614.0,-20000.0
615.0,-20000.0
616.0,-20000.0
617.0,-20000.0
618.0,-20000.0
619.0,-20000.0
620.0,-20000.0
621.0,-20000.0
622.0,-20000.0
623.0,-20000.0
624.0,-20000.0
625.0,-20000.0
626.0,-20000.0
627.0,-20000.0
628.0,-20000.0
629.0,-20000.0
630.0,-20000.0
631.0,-20000.0
632.0,-20000.0
633.0,-20000.0
634.0,-20000.0
635.0,-20000.0
636.0,-20000.0
637.0,-20000.0
638.0,-20000.0
639.0,-20000.0
640.0,-20000.0
641.0,-20000.0
642.0,-20000.0
643.0,-20000.0
644.0,-20000.0
645.0,-20000.0
646.0,-20000.0
647.0,-20000.0
648.0,-20000.0
649.0,-20000.0
650.0,-20000.0
651.0,-20000.0
652.0,-20000.0
653.0,-20000.0
654.0,-20000.0
655.0,-20000.0
656.0,-20000.0
657.0,-20000.0
658.0,-20000.0
659.0,-20000.0
660.0,-20000.0
661.0,-20000.0
662.0,-20000.0
663.0,-20000.0
664.0,-20000.0
665.0,-20000.0
666.0,-20000.0
667.0,-20000.0
668.0,-20000.0
669.0,-20000.0
670.0,-20000.0
671.0,-20000.0
672.0,-20000.0
673.0,-20000.0
674.0,-20000.0
675.0,-20000.0
676.0,-20000.0
677.0,-20000.0
678.0,-20000.0
679.0,-20000.0
680.0,-20000.0
681.0,-20000.0
682.0,-20000.0
683.0,-20000.0
684.0,-20000.0
685.0,-20000.0
686.0,-20000.0
687.0,-20000.0
688.0,-20000.0
689.0,-20000.0
690.0,-20000.0
691.0,-20000.0
692.0,-20000.0
693.0,-20000.0
694.0,-20000.0
695.0,-20000.0
696.0,-20000.0
697.0,-20000.0
698.0,-20000.0
699.0,-20000.0
700.0,-20000.0
701.0,-20000.0
702.0,-20000.0
703.0,-20000.0
704.0,-20000.0
705.0,-20000.0
706.0,-20000.0
707.0,-20000.0
708.0,-20000.0
709.0,-20000.0
710.0,-20000.0
711.0,-20000.0
712.0,-20000.0
713.0,-20000.0
714.0,-20000.0
715.0,-20000.0
716.0,-20000.0
717.0,-20000.0
718.0,-20000.0
719.0,-20000.0
720.0,-20000.0
721.0,-20000.0
722.0,-20000.0
723.0,-20000.0
724.0,-20000.0
725.0,-20000.0
726.0,-20000.0
727.0,-20000.0
728.0,-20000.0
729.0,-20000.0
730.0,-20000.0
731.0,-20000.0
732.0,-20000.0
733.0,-20000.0
734.0,-20000.0
735.0,-20000.0
736.0,-20000.0
737.0,-20000.0
738.0,-20000.0
739.0,-20000.0
740.0,-20000.0
741.0,-20000.0
742.0,-20000.0
743.0,-20000.0
744.0,-20000.0
745.0,-20000.0
746.0,-20000.0
747.0,-20000.0
748.0,-20000.0
749.0,-20000.0
750.0,-20000.0
751.0,-20000.0
752.0,-20000.0
753.0,-20000.0
754.0,-20000.0
755.0,-20000.0
756.0,-20000.0
757.0,-20000.0
758.0,-20000.0
759.0,-20000.0
760.0,-20000.0
761.0,-20000.0
762.0,-20000.0
763.0,-20000.0
764.0,-20000.0
765.0,-20000.0
766.0,-20000.0
767.0,-20000.0
768.0,-20000.0
769.0,-20000.0
770.0,-20000.0
771.0,-20000.0
772.0,-20000.0
773.0,-20000.0
774.0,-20000.0
775.0,-20000.0
776.0,-20000.0
777.0,-20000.0
778.0,-20000.0
779.0,-20000.0
780.0,-20000.0
781.0,-20000.0
782.0,-20000.0
783.0,-20000.0
784.0,-20000.0
785.0,-20000.0
786.0,-20000.0
787.0,-20000.0
788.0,-20000.0
789.0,-20000.0
790.0,-20000.0
791.0,-20000.0
792.0,-20000.0
793.0,-20000.0
794.0,-20000.0
795.0,-20000.0
796.0,-20000.0
797.0,-20000.0
798.0,-20000.0
799.0,-20000.0
800.0,-20000.0
801.0,-20000.0
802.0,-20000.0
803.0,-20000.0
804.0,-20000.0
805.0,-20000.0
806.0,-20000.0
807.0,-20000.0
808.0,-20000.0
809.0,-20000.0
810.0,-20000.0
811.0,-20000.0
812.0,-20000.0
813.0,-20000.0
814.0,-20000.0
815.0,-20000.0
816.0,-20000.0
817.0,-20000.0
818.0,-20000.0
819.0,-20000.0
820.0,-20000.0
821.0,-20000.0
822.0,-20000.0
823.0,-20000.0
824.0,-20000.0
825.0,-20000.0
826.0,-20000.0
827.0,-20000.0
828.0,-20000.0
829.0,-20000.0
830.0,-20000.0
831.0,-20000.0
832.0,-20000.0
833.0,-20000.0
834.0,-20000.0
835.0,-20000.0
836.0,-20000.0
837.0,-20000.0
838.0,-20000.0
839.0,-20000.0
840.0,-20000.0
841.0,-20000.0
842.0,-20000.0
843.0,-20000.0
844.0,-20000.0
845.0,-20000.0
846.0,-20000.0
847.0,-20000.0
848.0,-20000.0
849.0,-20000.0
850.0,-20000.0
851.0,-20000.0
852.0,-20000.0
853.0,-20000.0
854.0,-20000.0
855.0,-20000.0
856.0,-20000.0
857.0,-20000.0
858.0,-20000.0
859.0,-20000.0
860.0,-20000.0
861.0,-20000.0
862.0,-20000.0
863.0,-20000.0
864.0,-20000.0
865.0,-20000.0
866.0,-20000.0
867.0,-20000.0
868.0,-20000.0
869.0,-20000.0
870.0,-20000.0
871.0,-20000.0
872.0,-20000.0
873.0,-20000.0
874.0,-20000.0
875.0,-20000.0
876.0,-20000.0
877.0,-20000.0
878.0,-20000.0
879.0,-20000.0
880.0,-20000.0
881.0,-20000.0
882.0,-20000.0
883.0,-20000.0
884.0,-20000.0
885.0,-20000.0
886.0,-20000.0
887.0,-20000.0
888.0,-20000.0
889.0,-20000.0
890.0,-20000.0
891.0,-20000.0
892.0,-20000.0
893.0,-20000.0
894.0,-20000.0
895.0,-20000.0
896.0,-20000.0
897.0,-20000.0
898.0,-20000.0
899.0,-20000.0
900.0,-20000.0
901.0,-20000.0
902.0,-20000.0
903.0,-20000.0
904.0,-20000.0
905.0,-20000.0
906.0,-20000.0
907.0,-20000.0
908.0,-20000.0
909.0,-20000.0
910.0,-20000.0
911.0,-20000.0
912.0,-20000.0
913.0,-20000.0
914.0,-20000.0
915.0,-20000.0
916.0,-20000.0
917.0,-20000.0
918.0,-20000.0
919.0,-20000.0
920.0,-20000.0
921.0,-20000.0
922.0,-20000.0
923.0,-20000.0
924.0,-20000.0
925.0,-20000.0
926.0,-20000.0
927.0,-20000.0
928.0,-20000.0
929.0,-20000.0
930.0,-20000.0
931.0,-20000.0
932.0,-20000.0
933.0,-20000.0
934.0,-20000.0
935.0,-20000.0
936.0,-20000.0
937.0,-20000.0
938.0,-20000.0
939.0,-20000.0
940.0,-20000.0
941.0,-20000.0
942.0,-20000.0
943.0,-20000.0
944.0,-20000.0
945.0,-20000.0
946.0,-20000.0
947.0,-20000.0
948.0,-20000.0
949.0,-20000.0
950.0,-20000.0
951.0,-20000.0
952.0,-20000.0
953.0,-20000.0
954.0,-20000.0
955.0,-20000.0
956.0,-20000.0
957.0,-20000.0
958.0,-20000.0
959.0,-20000.0
960.0,-20000.0
961.0,-20000.0
962.0,-20000.0
963.0,-20000.0
964.0,-20000.0
965.0,-20000.0
966.0,-20000.0
967.0,-20000.0
968.0,-20000.0
969.0,-20000.0
970.0,-20000.0
971.0,-20000.0
972.0,-20000.0
973.0,-20000.0
974.0,-20000.0
975.0,-20000.0
976.0,-20000.0
977.0,-20000.0
978.0,-20000.0
979.0,-20000.0
980.0,-20000.0
981.0,-20000.0
982.0,-20000.0
983.0,-20000.0
984.0,-20000.0
985.0,-20000.0
986.0,-20000.0
987.0,-20000.0
988.0,-20000.0
989.0,-20000.0
990.0,-20000.0
991.0,-20000.0
992.0,-20000.0
993.0,-20000.0
994.0,-20000.0
995.0,-20000.0
996.0,-20000.0
997.0,-20000.0
998.0,-20000.0
999.0,-20000.0
1000.0,-20000.0
1001.0,-20000.0
1002.0,-20000.0
1003.0,-20000.0
1004.0,-20000.0
1005.0,-20000.0
1006.0,-20000.0
1007.0,-20000.0
1008.0,-20000.0
1009.0,-20000.0
1010.0,-20000.0
1011.0,-20000.0
1012.0,-20000.0
1013.0,-20000.0
1014.0,-20000.0
1015.0,-20000.0
1016.0,-20000.0
1017.0,-20000.0
1018.0,-20000.0
1019.0,-20000.0
1020.0,-20000.0
1021.0,-20000.0
1022.0,-20000.0
1023.0,-20000.0
1024.0,-20000.0
1025.0,-20000.0
1026.0,-20000.0
1027.0,-20000.0
1028.0,-20000.0
1029.0,-20000.0
1030.0,-20000.0
1031.0,-20000.0
1032.0,-20000.0
1033.0,-20000.0
1034.0,-20000.0
1035.0,-20000.0
1036.0,-20000.0
1037.0,-20000.0
1038.0,-20000.0
1039.0,-20000.0
1040.0,-20000.0
1041.0,-20000.0
1042.0,-20000.0
1043.0,-20000.0
1044.0,-20000.0
1045.0,-20000.0
1046.0,-20000.0
1047.0,-20000.0
1048.0,-20000.0
1049.0,-20000.0
1050.0,-20000.0
1051.0,-20000.0
1052.0,-20000.0
1053.0,-20000.0
1054.0,-20000.0
1055.0,-20000.0
1056.0,-20000.0
1057.0,-20000.0
1058.0,-20000.0
1059.0,-20000.0
1060.0,-20000.0
1061.0,-20000.0
1062.0,-20000.0
1063.0,-20000.0
1064.0,-20000.0
1065.0,-20000.0
1066.0,-20000.0
1067.0,-20000.0
1068.0,-20000.0
1069.0,-20000.0
1070.0,-20000.0
1071.0,-20000.0
1072.0,-20000.0
1073.0,-20000.0
1074.0,-20000.0
1075.0,-20000.0
1076.0,-20000.0
1077.0,-20000.0
1078.0,-20000.0
1079.0,-20000.0
1080.0,-20000.0
1081.0,-20000.0
1082.0,-20000.0
1083.0,-20000.0
1084.0,-20000.0
1085.0,-20000.0
1086.0,-20000.0
1087.0,-20000.0
1088.0,-20000.0
1089.0,-20000.0
1090.0,-20000.0
1091.0,-20000.0
1092.0,-20000.0
1093.0,-20000.0
1094.0,-20000.0
1095.0,-20000.0
1096.0,-20000.0
1097.0,-20000.0
1098.0,-20000.0
1099.0,-20000.0
1100.0,-20000.0
1101.0,-20000.0
1102.0,-20000.0
1103.0,-20000.0
1104.0,-20000.0
1105.0,-20000.0
1106.0,-20000.0
1107.0,-20000.0
1108.0,-20000.0
1109.0,-20000.0
1110.0,-20000.0
1111.0,-20000.0
1112.0,-20000.0
1113.0,-20000.0
1114.0,-20000.0
1115.0,-20000.0
1116.0,-20000.0
1117.0,-20000.0
1118.0,-20000.0
1119.0,-20000.0
1120.0,-20000.0
1121.0,-20000.0
1122.0,-20000.0
1123.0,-20000.0
1124.0,-20000.0
1125.0,-20000.0
1126.0,-20000.0
1127.0,-20000.0
1128.0,-20000.0
1129.0,-20000.0
1130.0,-20000.0
1131.0,-20000.0
1132.0,-20000.0
1133.0,-20000.0
1134.0,-20000.0
1135.0,-20000.0
1136.0,-20000.0
1137.0,-20000.0
1138.0,-20000.0
1139.0,-20000.0
1140.0,-20000.0
1141.0,-20000.0
1142.0,-20000.0
1143.0,-20000.0
1144.0,-20000.0
1145.0,-20000.0
1146.0,-20000.0
1147.0,-20000.0
1148.0,-20000.0
1149.0,-20000.0
1150.0,-20000.0
1151.0,-20000.0
1152.0,-20000.0
1153.0,-20000.0
1154.0,-20000.0
1155.0,-20000.0
1156.0,-20000.0
1157.0,-20000.0
1158.0,-20000.0
1159.0,-20000.0
1160.0,-20000.0
1161.0,-20000.0
1162.0,-20000.0
1163.0,-20000.0
1164.0,-20000.0
1165.0,-20000.0
1166.0,-20000.0
1167.0,-20000.0
1168.0,-20000.0
1169.0,-20000.0
1170.0,-20000.0
1171.0,-20000.0
1172.0,-20000.0
1173.0,-20000.0
1174.0,-20000.0
1175.0,-20000.0
1176.0,-20000.0
1177.0,-20000.0
1178.0,-20000.0
1179.0,-20000.0
1180.0,-20000.0
1181.0,-20000.0
1182.0,-20000.0
1183.0,-20000.0
1184.0,-20000.0
1185.0,-20000.0
1186.0,-20000.0
1187.0,-20000.0
1188.0,-20000.0
1189.0,-20000.0
1190.0,-20000.0
1191.0,-20000.0
1192.0,-20000.0
1193.0,-20000.0
1194.0,-20000.0
1195.0,-20000.0
1196.0,-20000.0
1197.0,-20000.0
1198.0,-20000.0
1199.0,-20000.0
1200.0,-20000.0
1201.0,-20000.0
1202.0,-20000.0
1203.0,-20000.0
1204.0,-20000.0
1205.0,-20000.0
1206.0,-20000.0
1207.0,-20000.0
1208.0,-20000.0
1209.0,-20000.0
1210.0,-20000.0
1211.0,-20000.0
1212.0,-20000.0
1213.0,-20000.0
1214.0,-20000.0
1215.0,-20000.0
1216.0,-20000.0
1217.0,-20000.0
1218.0,-20000.0
1219.0,-20000.0
1220.0,-20000.0
1221.0,-20000.0
1222.0,-20000.0
1223.0,-20000.0
1224.0,-20000.0
1225.0,-20000.0
1226.0,-20000.0
1227.0,-20000.0
1228.0,-20000.0
1229.0,-20000.0
1230.0,-20000.0
1231.0,-20000.0
1232.0,-20000.0
1233.0,-20000.0
1234.0,-20000.0
1235.0,-20000.0
1236.0,-20000.0
1237.0,-20000.0
1238.0,-20000.0
1239.0,-20000.0
1240.0,-20000.0
1241.0,-20000.0
1242.0,-20000.0
1243.0,-20000.0
1244.0,-20000.0
1245.0,-20000.0
1246.0,-20000.0
1247.0,-20000.0
1248.0,-20000.0
1249.0,-20000.0
1250.0,-20000.0
1251.0,-20000.0
1252.0,-20000.0
1253.0,-20000.0
1254.0,-20000.0
1255.0,-20000.0
1256.0,-20000.0
1257.0,-20000.0
1258.0,-20000.0
1259.0,-20000.0
1260.0,-20000.0
1261.0,-20000.0
1262.0,-20000.0
1263.0,-20000.0
1264.0,-20000.0
1265.0,-20000.0
1266.0,-20000.0
1267.0,-20000.0
1268.0,-20000.0
1269.0,-20000.0
1270.0,-20000.0
1271.0,-20000.0
1272.0,-20000.0
1273.0,-20000.0
1274.0,-20000.0
1275.0,-20000.0
1276.0,-20000.0
1277.0,-20000.0
1278.0,-20000.0
1279.0,-20000.0
1280.0,-20000.0
1281.0,-20000.0
1282.0,-20000.0
1283.0,-20000.0
1284.0,-20000.0
1285.0,-20000.0
1286.0,-20000.0
1287.0,-20000.0
1288.0,-20000.0
1289.0,-20000.0
1290.0,-20000.0
1291.0,-20000.0
1292.0,-20000.0
1293.0,-20000.0
1294.0,-20000.0
1295.0,-20000.0
1296.0,-20000.0
1297.0,-20000.0
1298.0,-20000.0
1299.0,-20000.0
1300.0,-20000.0
1301.0,-20000.0
1302.0,-20000.0
1303.0,-20000.0
1304.0,-20000.0
1305.0,-20000.0
1306.0,-20000.0
1307.0,-20000.0
1308.0,-20000.0
1309.0,-20000.0
1310.0,-20000.0
1311.0,-20000.0
1312.0,-20000.0
1313.0,-20000.0
1314.0,-20000.0
1315.0,-20000.0
1316.0,-20000.0
1317.0,-20000.0
1318.0,-20000.0
1319.0,-20000.0
1320.0,-20000.0
1321.0,-20000.0
1322.0,-20000.0
1323.0,-20000.0
1324.0,-20000.0
1325.0,-20000.0
1326.0,-20000.0
1327.0,-20000.0
1328.0,-20000.0
1329.0,-20000.0
1330.0,-20000.0
1331.0,-20000.0
1332.0,-20000.0
1333.0,-20000.0
1334.0,-20000.0
1335.0,-20000.0
1336.0,-20000.0
1337.0,-20000.0
1338.0,-20000.0
1339.0,-20000.0
1340.0,-20000.0
1341.0,-20000.0
1342.0,-20000.0
1343.0,-20000.0
1344.0,-20000.0
1345.0,-20000.0
1346.0,-20000.0
1347.0,-20000.0
1348.0,-20000.0
1349.0,-20000.0
1350.0,-20000.0
1351.0,-20000.0
1352.0,-20000.0
1353.0,-20000.0
1354.0,-20000.0
1355.0,-20000.0
1356.0,-20000.0
1357.0,-20000.0
1358.0,-20000.0
1359.0,-20000.0
1360.0,-20000.0
1361.0,-20000.0
1362.0,-20000.0
1363.0,-20000.0
1364.0,-20000.0
1365.0,-20000.0
1366.0,-20000.0
1367.0,-20000.0
1368.0,-20000.0
1369.0,-20000.0
1370.0,-20000.0
1371.0,-20000.0
1372.0,-20000.0
1373.0,-20000.0
1374.0,-20000.0
1375.0,-20000.0
1376.0,-20000.0
1377.0,-20000.0
1378.0,-20000.0
1379.0,-20000.0
1380.0,-20000.0
1381.0,-20000.0
1382.0,-20000.0
1383.0,-20000.0
1384.0,-20000.0
1385.0,-20000.0
1386.0,-20000.0
1387.0,-20000.0
1388.0,-20000.0
1389.0,-20000.0
1390.0,-20000.0
1391.0,-20000.0
1392.0,-20000.0
1393.0,-20000.0
1394.0,-20000.0
1395.0,-20000.0
1396.0,-20000.0
1397.0,-20000.0
1398.0,-20000.0
1399.0,-20000.0
1400.0,-20000.0
1401.0,-20000.0
1402.0,-20000.0
1403.0,-20000.0
1404.0,-20000.0
1405.0,-20000.0
1406.0,-20000.0
1407.0,-20000.0
1408.0,-20000.0
1409.0,-20000.0
1410.0,-20000.0
1411.0,-20000.0
1412.0,-20000.0
1413.0,-20000.0
1414.0,-20000.0
1415.0,-20000.0
1416.0,-20000.0
1417.0,-20000.0
1418.0,-20000.0
1419.0,-20000.0
1420.0,-20000.0
1421.0,-20000.0
1422.0,-20000.0
1423.0,-20000.0
1424.0,-20000.0
1425.0,-20000.0
1426.0,-20000.0
1427.0,-20000.0
1428.0,-20000.0
1429.0,-20000.0
1430.0,-20000.0
1431.0,-20000.0
1432.0,-20000.0
1433.0,-20000.0
1434.0,-20000.0
1435.0,-20000.0
1436.0,-20000.0
1437.0,-20000.0
1438.0,-20000.0
1439.0,-20000.0
1440.0,-20000.0
1441.0,-20000.0
1442.0,-20000.0
1443.0,-20000.0
1444.0,-20000.0
1445.0,-20000.0
1446.0,-20000.0
1447.0,-20000.0
1448.0,-20000.0
1449.0,-20000.0
1450.0,-20000.0
1451.0,-20000.0
1452.0,-20000.0
1453.0,-20000.0
1454.0,-20000.0
1455.0,-20000.0
1456.0,-20000.0
1457.0,-20000.0
1458.0,-20000.0
1459.0,-20000.0
1460.0,-20000.0
1461.0,-20000.0
1462.0,-20000.0
1463.0,-20000.0
1464.0,-20000.0
1465.0,-20000.0
1466.0,-20000.0
1467.0,-20000.0
1468.0,-20000.0
1469.0,-20000.0
1470.0,-20000.0
1471.0,-20000.0
1472.0,-20000.0
1473.0,-20000.0
1474.0,-20000.0
1475.0,-20000.0
1476.0,-20000.0
1477.0,-20000.0
1478.0,-20000.0
1479.0,-20000.0
1480.0,-20000.0
1481.0,-20000.0
1482.0,-20000.0
1483.0,-20000.0
1484.0,-20000.0
1485.0,-20000.0
1486.0,-20000.0
1487.0,-20000.0
1488.0,-20000.0
1489.0,-20000.0
1490.0,-20000.0
1491.0,-20000.0
1492.0,-20000.0
1493.0,-20000.0
1494.0,-20000.0
1495.0,-20000.0
1496.0,-20000.0
1497.0,-20000.0
1498.0,-20000.0
1499.0,-20000.0
1500.0,-20000.0
1501.0,-20000.0
1502.0,-20000.0
1503.0,-20000.0
1504.0,-20000.0
1505.0,-20000.0
1506.0,-20000.0
1507.0,-20000.0
1508.0,-20000.0
1509.0,-20000.0
1510.0,-20000.0
1511.0,-20000.0
1512.0,-20000.0
1513.0,-20000.0
1514.0,-20000.0
1515.0,-20000.0
1516.0,-20000.0
1517.0,-20000.0
1518.0,-20000.0
1519.0,-20000.0
1520.0,-20000.0
1521.0,-20000.0
1522.0,-20000.0
1523.0,-20000.0
1524.0,-20000.0
1525.0,-20000.0
1526.0,-20000.0
1527.0,-20000.0
1528.0,-20000.0
1529.0,-20000.0
1530.0,-20000.0
1531.0,-20000.0
1532.0,-20000.0
1533.0,-20000.0
1534.0,-20000.0
1535.0,-20000.0
1536.0,-20000.0
1537.0,-20000.0
1538.0,-20000.0
1539.0,-20000.0
1540.0,-20000.0
1541.0,-20000.0
1542.0,-20000.0
1543.0,-20000.0
1544.0,-20000.0
1545.0,-20000.0
1546.0,-20000.0
1547.0,-20000.0
1548.0,-20000.0
1549.0,-20000.0
1550.0,-20000.0
1551.0,-20000.0
1552.0,-20000.0
1553.0,-20000.0
1554.0,-20000.0
1555.0,-20000.0
1556.0,-20000.0
1557.0,-20000.0
1558.0,-20000.0
1559.0,-20000.0
1560.0,-20000.0
1561.0,-20000.0
1562.0,-20000.0
1563.0,-20000.0
1564.0,-20000.0
1565.0,-20000.0
1566.0,-20000.0
1567.0,-20000.0
1568.0,-20000.0
1569.0,-20000.0
1570.0,-20000.0
1571.0,-20000.0
1572.0,-20000.0
1573.0,-20000.0
1574.0,-20000.0
1575.0,-20000.0
1576.0,-20000.0
1577.0,-20000.0
1578.0,-20000.0
1579.0,-20000.0
1580.0,-20000.0
1581.0,-20000.0
1582.0,-20000.0
1583.0,-20000.0
1584.0,-20000.0
1585.0,-20000.0
1586.0,-20000.0
1587.0,-20000.0
1588.0,-20000.0
1589.0,-20000.0
1590.0,-20000.0
1591.0,-20000.0
1592.0,-20000.0
1593.0,-20000.0
1594.0,-20000.0
1595.0,-20000.0
1596.0,-20000.0
1597.0,-20000.0
1598.0,-20000.0
1599.0,-20000.0
1600.0,-20000.0
1601.0,-20000.0
1602.0,-20000.0
1603.0,-20000.0
1604.0,-20000.0
1605.0,-20000.0
1606.0,-20000.0
1607.0,-20000.0
1608.0,-20000.0
1609.0,-20000.0
1610.0,-20000.0
1611.0,-20000.0
1612.0,-20000.0
1613.0,-20000.0
1614.0,-20000.0
1615.0,-20000.0
1616.0,-20000.0
1617.0,-20000.0
1618.0,-20000.0
1619.0,-20000.0
1620.0,-20000.0
1621.0,-20000.0
1622.0,-20000.0
1623.0,-20000.0
1624.0,-20000.0
1625.0,-20000.0
1626.0,-20000.0
1627.0,-20000.0
1628.0,-20000.0
1629.0,-20000.0
1630.0,-20000.0
1631.0,-20000.0
1632.0,-20000.0
1633.0,-20000.0
1634.0,-20000.0
1635.0,-20000.0
1636.0,-20000.0
1637.0,-20000.0
1638.0,-20000.0
1639.0,-20000.0
1640.0,-20000.0
1641.0,-20000.0
1642.0,-20000.0
1643.0,-20000.0
1644.0,-20000.0
1645.0,-20000.0
1646.0,-20000.0
1647.0,-20000.0
1648.0,-20000.0
1649.0,-20000.0
1650.0,-20000.0
1651.0,-20000.0
1652.0,-20000.0
1653.0,-20000.0
1654.0,-20000.0
1655.0,-20000.0
1656.0,-20000.0
1657.0,-20000.0
1658.0,-20000.0
1659.0,-20000.0
1660.0,-20000.0
1661.0,-20000.0
1662.0,-20000.0
1663.0,-20000.0
1664.0,-20000.0
1665.0,-20000.0
1666.0,-20000.0
1667.0,-20000.0
1668.0,-20000.0
1669.0,-20000.0
1670.0,-20000.0
1671.0,-20000.0
1672.0,-20000.0
1673.0,-20000.0
1674.0,-20000.0
1675.0,-20000.0
1676.0,-20000.0
1677.0,-20000.0
1678.0,-20000.0
1679.0,-20000.0
1680.0,-20000.0
1681.0,-20000.0
1682.0,-20000.0
1683.0,-20000.0
1684.0,-20000.0
1685.0,-20000.0
1686.0,-20000.0
1687.0,-20000.0
1688.0,-20000.0
1689.0,-20000.0
1690.0,-20000.0
1691.0,-20000.0
1692.0,-20000.0
1693.0,-20000.0
1694.0,-20000.0
1695.0,-20000.0
1696.0,-20000.0
1697.0,-20000.0
1698.0,-20000.0
1699.0,-20000.0
1700.0,-20000.0
1701.0,-20000.0
1702.0,-20000.0
1703.0,-20000.0
1704.0,-20000.0
1705.0,-20000.0
1706.0,-20000.0
1707.0,-20000.0
1708.0,-20000.0
1709.0,-20000.0
1710.0,-20000.0
1711.0,-20000.0
1712.0,-20000.0
1713.0,-20000.0
1714.0,-20000.0
1715.0,-20000.0
1716.0,-20000.0
1717.0,-20000.0
1718.0,-20000.0
1719.0,-20000.0
1720.0,-20000.0
1721.0,-20000.0
1722.0,-20000.0
1723.0,-20000.0
1724.0,-20000.0
1725.0,-20000.0
1726.0,-20000.0
1727.0,-20000.0
1728.0,-20000.0
1729.0,-20000.0
1730.0,-20000.0
1731.0,-20000.0
1732.0,-20000.0
1733.0,-20000.0
1734.0,-20000.0
1735.0,-20000.0
1736.0,-20000.0
1737.0,-20000.0
1738.0,-20000.0
1739.0,-20000.0
1740.0,-20000.0
1741.0,-20000.0
1742.0,-20000.0
1743.0,-20000.0
1744.0,-20000.0
1745.0,-20000.0
1746.0,-20000.0
1747.0,-20000.0
1748.0,-20000.0
1749.0,-20000.0
1750.0,-20000.0
1751.0,-20000.0
1752.0,-20000.0
1753.0,-20000.0
1754.0,-20000.0
1755.0,-20000.0
1756.0,-20000.0
1757.0,-20000.0
1758.0,-20000.0
1759.0,-20000.0
1760.0,-20000.0
1761.0,-20000.0
1762.0,-20000.0
1763.0,-20000.0
1764.0,-20000.0
1765.0,-20000.0
1766.0,-20000.0
1767.0,-20000.0
1768.0,-20000.0
1769.0,-20000.0
1770.0,-20000.0
1771.0,-20000.0
1772.0,-20000.0
1773.0,-20000.0
1774.0,-20000.0
1775.0,-20000.0
1776.0,-20000.0
1777.0,-20000.0
1778.0,-20000.0
1779.0,-20000.0
1780.0,-20000.0
1781.0,-20000.0
1782.0,-20000.0
1783.0,-20000.0
1784.0,-20000.0
1785.0,-20000.0
1786.0,-20000.0
1787.0,-20000.0
1788.0,-20000.0
1789.0,-20000.0
1790.0,-20000.0
1791.0,-20000.0
1792.0,-20000.0
1793.0,-20000.0
1794.0,-20000.0
1795.0,-20000.0
1796.0,-20000.0
1797.0,-20000.0
1798.0,-20000.0
1799.0,-20000.0
1800.0,-20000.0
1801.0,-20000.0
1802.0,-20000.0
1803.0,-20000.0
1804.0,-20000.0
1805.0,-20000.0
1806.0,-20000.0
1807.0,-20000.0
1808.0,-20000.0
1809.0,-20000.0
1810.0,-20000.0
1811.0,-20000.0
1812.0,-20000.0
1813.0,-20000.0
1814.0,-20000.0
1815.0,-20000.0
1816.0,-20000.0
1817.0,-20000.0
1818.0,-20000.0
1819.0,-20000.0
1820.0,-20000.0
1821.0,-20000.0
1822.0,-20000.0
1823.0,-20000.0
1824.0,-20000.0
1825.0,-20000.0
1826.0,-20000.0
1827.0,-20000.0
1828.0,-20000.0
1829.0,-20000.0
1830.0,-20000.0
1831.0,-20000.0
1832.0,-20000.0
1833.0,-20000.0
1834.0,-20000.0
1835.0,-20000.0
1836.0,-20000.0
1837.0,-20000.0
1838.0,-20000.0
1839.0,-20000.0
1840.0,-20000.0
1841.0,-20000.0
1842.0,-20000.0
1843.0,-20000.0
1844.0,-20000.0
1845.0,-20000.0
1846.0,-20000.0
1847.0,-20000.0
1848.0,-20000.0
1849.0,-20000.0
1850.0,-20000.0
1851.0,-20000.0
1852.0,-20000.0
1853.0,-20000.0
1854.0,-20000.0
1855.0,-20000.0
1856.0,-20000.0
1857.0,-20000.0
1858.0,-20000.0
1859.0,-20000.0
1860.0,-20000.0
1861.0,-20000.0
1862.0,-20000.0
1863.0,-20000.0
1864.0,-20000.0
1865.0,-20000.0
1866.0,-20000.0
1867.0,-20000.0
1868.0,-20000.0
1869.0,-20000.0
1870.0,-20000.0
1871.0,-20000.0
1872.0,-20000.0
1873.0,-20000.0
1874.0,-20000.0
1875.0,-20000.0
1876.0,-20000.0
1877.0,-20000.0
1878.0,-20000.0
1879.0,-20000.0
1880.0,-20000.0
1881.0,-20000.0
1882.0,-20000.0
1883.0,-20000.0
1884.0,-20000.0
1885.0,-20000.0
1886.0,-20000.0
1887.0,-20000.0
1888.0,-20000.0
1889.0,-20000.0
1890.0,-20000.0
1891.0,-20000.0
1892.0,-20000.0
1893.0,-20000.0
1894.0,-20000.0
1895.0,-20000.0
1896.0,-20000.0
1897.0,-20000.0
1898.0,-20000.0
1899.0,-20000.0
1900.0,-20000.0
1901.0,-20000.0
1902.0,-20000.0
1903.0,-20000.0
1904.0,-20000.0
1905.0,-20000.0
1906.0,-20000.0
1907.0,-20000.0
1908.0,-20000.0
1909.0,-20000.0
1910.0,-20000.0
1911.0,-20000.0
1912.0,-20000.0
1913.0,-20000.0
1914.0,-20000.0
1915.0,-20000.0
1916.0,-20000.0
1917.0,-20000.0
1918.0,-20000.0
1919.0,-20000.0
1920.0,-20000.0
1921.0,-20000.0
1922.0,-20000.0
1923.0,-20000.0
1924.0,-20000.0
1925.0,-20000.0
1926.0,-20000.0
1927.0,-20000.0
1928.0,-20000.0
1929.0,-20000.0
1930.0,-20000.0
1931.0,-20000.0
1932.0,-20000.0
1933.0,-20000.0
1934.0,-20000.0
1935.0,-20000.0
1936.0,-20000.0
1937.0,-20000.0
1938.0,-20000.0
1939.0,-20000.0
1940.0,-20000.0
1941.0,-20000.0
1942.0,-20000.0
1943.0,-20000.0
1944.0,-20000.0
1945.0,-20000.0
1946.0,-20000.0
1947.0,-20000.0
1948.0,-20000.0
1949.0,-20000.0
1950.0,-20000.0
1951.0,-20000.0
1952.0,-20000.0
1953.0,-20000.0
1954.0,-20000.0
1955.0,-20000.0
1956.0,-20000.0
1957.0,-20000.0
1958.0,-20000.0
1959.0,-20000.0
1960.0,-20000.0
1961.0,-20000.0
1962.0,-20000.0
1963.0,-20000.0
1964.0,-20000.0
1965.0,-20000.0
1966.0,-20000.0
1967.0,-20000.0
1968.0,-20000.0
1969.0,-20000.0
1970.0,-20000.0
1971.0,-20000.0
1972.0,-20000.0
1973.0,-20000.0
1974.0,-20000.0
1975.0,-20000.0
1976.0,-20000.0
1977.0,-20000.0
1978.0,-20000.0
1979.0,-20000.0
1980.0,-20000.0
1981.0,-20000.0
1982.0,-20000.0
1983.0,-20000.0
1984.0,-20000.0
1985.0,-20000.0
1986.0,-20000.0
1987.0,-20000.0
1988.0,-20000.0
1989.0,-20000.0
1990.0,-20000.0
1991.0,-20000.0
1992.0,-20000.0
1993.0,-20000.0
1994.0,-20000.0
1995.0,-20000.0
1996.0,-20000.0
1997.0,-20000.0
1998.0,-20000.0
1999.0,-20000.0
2000.0,-20000.0
2001.0,-20000.0
2002.0,-20000.0
2003.0,-20000.0
2004.0,-20000.0
2005.0,-20000.0
2006.0,-20000.0
2007.0,-20000.0
2008.0,-20000.0
2009.0,-20000.0
2010.0,-20000.0
2011.0,-20000.0
2012.0,-20000.0
2013.0,-20000.0
2014.0,-20000.0
2015.0,-20000.0
2016.0,-20000.0
2017.0,-20000.0
2018.0,-20000.0
2019.0,-20000.0
2020.0,-20000.0
2021.0,-20000.0
2022.0,-20000.0
2023.0,-20000.0
2024.0,-20000.0
2025.0,-20000.0
2026.0,-20000.0
2027.0,-20000.0
2028.0,-20000.0
2029.0,-20000.0
2030.0,-20000.0
2031.0,-20000.0
2032.0,-20000.0
2033.0,-20000.0
2034.0,-20000.0
2035.0,-20000.0
2036.0,-20000.0
2037.0,-20000.0
2038.0,-20000.0
2039.0,-20000.0
2040.0,-20000.0
2041.0,-20000.0
2042.0,-20000.0
2043.0,-20000.0
2044.0,-20000.0
2045.0,-20000.0
2046.0,-20000.0
2047.0,-20000.0
2048.0,-10042.738262176514
2049.0,-10042.77440078929
2050.0,-10042.810539402068
2051.0,-10042.846678014845
2052.0,-10042.882816627622
2053.0,-10042.918955240399
2054.0,-10042.955093853176
2055.0,-10042.991232465953
2056.0,-10043.02737107873
2057.0,-10043.063509691507
2058.0,-10043.099648304284
2059.0,-10043.13578691706
2060.0,-10043.171925529838
2061.0,-10043.208064142615
2062.0,-10043.244202755392
2063.0,-10043.280341368169
2064.0,-10043.316479980946
2065.0,-10043.352618593723
2066.0,-10043.3887572065
2067.0,-10043.424895819277
2068.0,-10043.461034432054
2069.0,-10043.49717304483
2070.0,-10043.533311657608
2071.0,-10043.569450270385
2072.0,-10043.605588883162
2073.0,-10043.641727495939
2074.0,-10043.677866108716
2075.0,-10043.714004721493
2076.0,-10043.75014333427
2077.0,-10043.786281947047
2078.0,-10043.822420559824
2079.0,-10043.8585591726
2080.0,-10043.894697785378
2081.0,-10043.930836398154
2082.0,-10043.966975010931
2083.0,-10044.003113623708
2084.0,-10044.039252236485
2085.0,-10044.075390849262
2086.0,-10044.11152946204
2087.0,-10044.147668074816
2088.0,-10044.183806687593
2089.0,-10044.21994530037
2090.0,-10044.256083913147
2091.0,-10044.292222525924
2092.0,-10044.328361138701
2093.0,-10044.364499751478
2094.0,-10044.400638364255
2095.0,-10044.436776977032
2096.0,-10044.47291558981
2097.0,-10044.509054202586
2098.0,-10044.545192815363
2099.0,-10044.58133142814
2100.0,-10044.617470040917
2101.0,-10044.653608653694
2102.0,-10044.689747266471
2103.0,-10044.725885879248
2104.0,-10044.762024492025
2105.0,-10044.798163104802
2106.0,-10044.83430171758
2107.0,-10044.870440330356
2108.0,-10044.906578943133
2109.0,-10044.94271755591
2110.0,-10044.978856168687
2111.0,-10045.014994781464
2112.0,-10045.051133394241
2113.0,-10045.087272007018
2114.0,-10045.123410619795
2115.0,-10045.159549232572
2116.0,-10045.19568784535
2117.0,-10045.231826458126
2118.0,-10045.267965070903
2119.0,-10045.30410368368
2120.0,-10045.340242296457
2121.0,-10045.376380909234
2122.0,-10045.412519522011
2123.0,-10045.448658134788
2124.0,-10045.484796747565
2125.0,-10045.520935360342
2126.0,-10045.55707397312
2127.0,-10045.593212585896
2128.0,-10045.629351198673
2129.0,-10045.66548981145
2130.0,-10045.701628424227
2131.0,-10045.737767037004
2132.0,-10045.773905649781
2133.0,-10045.810044262558
2134.0,-10045.846182875335
2135.0,-10045.882321488112
2136.0,-10045.91846010089
2137.0,-10045.954598713666
2138.0,-10045.990737326443
2139.0,-10046.02687593922
2140.0,-10046.063014551997
2141.0,-10046.099153164774
2142.0,-10046.135291777551
2143.0,-10046.171430390328
2144.0,-10046.207569003105
2145.0,-10046.243707615882
2146.0,-10046.27984622866
2147.0,-10046.315984841436
2148.0,-10046.352123454213
2149.0,-10046.38826206699
2150.0,-10046.424400679767
2151.0,-10046.460539292544
2152.0,-10046.496677905321
2153.0,-10046.532816518098
2154.0,-10046.568955130875
2155.0,-10046.605093743652
2156.0,-10046.64123235643
2157.0,-10046.677370969206
2158.0,-10046.713509581983
2159.0,-10046.74964819476
2160.0,-10046.785786807537
2161.0,-10046.821925420314
2162.0,-10046.858064033091
2163.0,-10046.894202645868
2164.0,-10046.930341258645
2165.0,-10046.966479871422
2166.0,-10047.002618484199
2167.0,-10047.038757096976
2168.0,-10047.074895709753
2169.0,-10047.11103432253
2170.0,-10047.147172935307
2171.0,-10047.183311548084
2172.0,-10047.219450160861
2173.0,-10047.255588773638
2174.0,-10047.291727386415
2175.0,-10047.327865999192
2176.0,-10047.364004611969
2177.0,-10047.400143224746
2178.0,-10047.436281837523
2179.0,-10047.4724204503
2180.0,-10047.508559063077
2181.0,-10047.544697675854
2182.0,-10047.580836288631
2183.0,-10047.616974901408
2184.0,-10047.653113514185
2185.0,-10047.689252126962
2186.0,-10047.725390739739
2187.0,-10047.761529352516
2188.0,-10047.797667965293
2189.0,-10047.83380657807
2190.0,-10047.869945190847
2191.0,-10047.906083803624
2192.0,-10047.9422224164
2193.0,-10047.978361029178
2194.0,-10048.014499641955
2195.0,-10048.050638254732
2196.0,-10048.086776867509
2197.0,-10048.122915480286
2198.0,-10048.159054093063
2199.0,-10048.19519270584
2200.0,-10048.231331318617
2201.0,-10048.267469931394
2202.0,-10048.30360854417
2203.0,-10048.339747156948
2204.0,-10048.375885769725
2205.0,-10048.412024382502
2206.0,-10048.448162995279
2207.0,-10048.484301608056
2208.0,-10048.520440220833
2209.0,-10048.55657883361
2210.0,-10048.592717446387
2211.0,-10048.628856059164
2212.0,-10048.66499467194
2213.0,-10048.701133284718
2214.0,-10048.737271897495
2215.0,-10048.773410510272
2216.0,-10048.809549123049
2217.0,-10048.845687735826
2218.0,-10048.881826348603
2219.0,-10048.91796496138
2220.0,-10048.954103574157
2221.0,-10048.990242186934
2222.0,-10049.02638079971
2223.0,-10049.062519412488
2224.0,-10049.098658025265
2225.0,-10049.134796638042
2226.0,-10049.170935250819
2227.0,-10049.207073863596
2228.0,-10049.243212476373
2229.0,-10049.27935108915
2230.0,-10049.315489701927
2231.0,-10049.351628314704
2232.0,-10049.38776692748
2233.0,-10049.423905540258
2234.0,-10049.460044153035
2235.0,-10049.496182765812
2236.0,-10049.532321378589
2237.0,-10049.568459991366
2238.0,-10049.604598604143
2239.0,-10049.64073721692
2240.0,-10049.676875829697
2241.0,-10049.713014442474
2242.0,-10049.74915305525
2243.0,-10049.785291668028
2244.0,-10049.821430280805
2245.0,-10049.857568893582
2246.0,-10049.893707506359
2247.0,-10049.929846119136
2248.0,-10049.965984731913
2249.0,-10050.00212334469
2250.0,-10050.038261957467
2251.0,-10050.074400570244
2252.0,-10050.11053918302
2253.0,-10050.146677795798
2254.0,-10050.182816408575
2255.0,-10050.218955021352
2256.0,-10050.255093634129
2257.0,-10050.291232246906
2258.0,-10050.327370859683
2259.0,-10050.36350947246
2260.0,-10050.399648085237
2261.0,-10050.435786698014
2262.0,-10050.47192531079
2263.0,-10050.508063923568
2264.0,-10050.544202536345
2265.0,-10050.580341149122
2266.0,-10050.616479761899
2267.0,-10050.652618374676
2268.0,-10050.688756987453
2269.0,-10050.72489560023
2270.0,-10050.761034213006
2271.0,-10050.797172825783
2272.0,-10050.83331143856
2273.0,-10050.869450051337
2274.0,-10050.905588664114
2275.0,-10050.941727276891
2276.0,-10050.977865889668
2277.0,-10051.014004502445
2278.0,-10051.050143115222
2279.0,-10051.086281728
2280.0,-10051.122420340776
2281.0,-10051.158558953553
2282.0,-10051.19469756633
2283.0,-10051.230836179107
2284.0,-10051.266974791884
2285.0,-10051.303113404661
2286.0,-10051.339252017438
2287.0,-10051.375390630215
2288.0,-10051.411529242992
2289.0,-10051.44766785577
2290.0,-10051.483806468546
2291.0,-10051.519945081323
2292.0,-10051.5560836941
2293.0,-10051.592222306877
2294.0,-10051.628360919654
2295.0,-10051.664499532431
2296.0,-10051.700638145208
2297.0,-10051.736776757985
2298.0,-10051.772915370762
2299.0,-10051.80905398354
2300.0,-10051.845192596316
2301.0,-10051.881331209093
2302.0,-10051.91746982187
2303.0,-10051.953608434647
2304.0,-10051.989747047424
2305.0,-10052.025885660201
2306.0,-10052.062024272978
2307.0,-10052.098162885755
2308.0,-10052.134301498532
2309.0,-10052.17044011131
2310.0,-10052.206578724086
2311.0,-10052.242717336863
2312.0,-10052.27885594964
2313.0,-10052.314994562417
2314.0,-10052.351133175194
2315.0,-10052.387271787971
2316.0,-10052.423410400748
2317.0,-10052.459549013525
2318.0,-10052.495687626302
2319.0,-10052.53182623908
2320.0,-10052.567964851856
2321.0,-10052.604103464633
2322.0,-10052.64024207741
2323.0,-10052.676380690187
2324.0,-10052.712519302964
2325.0,-10052.748657915741
2326.0,-10052.784796528518
2327.0,-10052.820935141295
2328.0,-10052.857073754072
2329.0,-10052.89321236685
2330.0,-10052.929350979626
2331.0,-10052.965489592403
2332.0,-10053.00162820518
2333.0,-10053.037766817957
2334.0,-10053.073905430734
2335.0,-10053.110044043511
2336.0,-10053.146182656288
2337.0,-10053.182321269065
2338.0,-10053.218459881842
2339.0,-10053.25459849462
2340.0,-10053.290737107396
2341.0,-10053.326875720173
2342.0,-10053.36301433295
2343.0,-10053.399152945727
2344.0,-10053.435291558504
2345.0,-10053.471430171281
2346.0,-10053.507568784058
2347.0,-10053.543707396835
2348.0,-10053.579846009612
2349.0,-10053.615984622389
2350.0,-10053.652123235166
2351.0,-10053.688261847943
2352.0,-10053.72440046072
2353.0,-10053.760539073497
2354.0,-10053.796677686274
2355.0,-10053.832816299051
2356.0,-10053.868954911828
2357.0,-10053.905093524605
2358.0,-10053.941232137382
2359.0,-10053.977370750159
2360.0,-10054.013509362936
2361.0,-10054.049647975713
2362.0,-10054.08578658849
2363.0,-10054.121925201267
2364.0,-10054.158063814044
2365.0,-10054.194202426821
2366.0,-10054.230341039598
2367.0,-10054.266479652375
2368.0,-10054.302618265152
2369.0,-10054.338756877929
2370.0,-10054.374895490706
2371.0,-10054.411034103483
2372.0,-10054.44717271626
2373.0,-10054.483311329037
2374.0,-10054.519449941814
2375.0,-10054.555588554591
2376.0,-10054.591727167368
2377.0,-10054.627865780145
2378.0,-10054.664004392922
2379.0,-10054.700143005699
2380.0,-10054.736281618476
2381.0,-10054.772420231253
2382.0,-10054.80855884403
2383.0,-10054.844697456807
2384.0,-10054.880836069584
2385.0,-10054.91697468236
2386.0,-10054.953113295138
2387.0,-10054.989251907915
2388.0,-10055.025390520692
2389.0,-10055.061529133469
2390.0,-10055.097667746246
2391.0,-10055.133806359023
2392.0,-10055.1699449718
2393.0,-10055.206083584577
2394.0,-10055.242222197354
2395.0,-10055.27836081013
2396.0,-10055.314499422908
2397.0,-10055.350638035685
2398.0,-10055.386776648462
2399.0,-10055.422915261239
2400.0,-10055.459053874016
2401.0,-10055.495192486793
2402.0,-10055.53133109957
2403.0,-10055.567469712347
2404.0,-10055.603608325124
2405.0,-10055.6397469379
2406.0,-10055.675885550678
2407.0,-10055.712024163455
2408.0,-10055.748162776232
2409.0,-10055.784301389009
2410.0,-10055.820440001786
2411.0,-10055.856578614563
2412.0,-10055.89271722734
2413.0,-10055.928855840117
2414.0,-10055.964994452894
2415.0,-10056.00113306567
2416.0,-10056.037271678448
2417.0,-10056.073410291225
2418.0,-10056.109548904002
2419.0,-10056.145687516779
2420.0,-10056.181826129556
2421.0,-10056.217964742333
2422.0,-10056.25410335511
2423.0,-10056.290241967887
2424.0,-10056.326380580664
2425.0,-10056.36251919344
2426.0,-10056.398657806218
2427.0,-10056.434796418995
2428.0,-10056.470935031772
2429.0,-10056.507073644549
2430.0,-10056.543212257326
2431.0,-10056.579350870103
2432.0,-10056.61548948288
2433.0,-10056.651628095657
2434.0,-10056.687766708434
2435.0,-10056.72390532121
2436.0,-10056.760043933988
2437.0,-10056.796182546765
2438.0,-10056.832321159542
2439.0,-10056.868459772319
2440.0,-10056.904598385096
2441.0,-10056.940736997873
2442.0,-10056.97687561065
2443.0,-10057.013014223427
2444.0,-10057.049152836204
2445.0,-10057.08529144898
2446.0,-10057.121430061758
2447.0,-10057.157568674535
2448.0,-10057.193707287312
2449.0,-10057.229845900089
2450.0,-10057.265984512866
2451.0,-10057.302123125643
2452.0,-10057.33826173842
2453.0,-10057.374400351197
2454.0,-10057.410538963974
2455.0,-10057.44667757675
2456.0,-10057.482816189528
2457.0,-10057.518954802305
2458.0,-10057.555093415082
2459.0,-10057.591232027858
2460.0,-10057.627370640635
2461.0,-10057.663509253412
2462.0,-10057.69964786619
2463.0,-10057.735786478966
2464.0,-10057.771925091743
2465.0,-10057.80806370452
2466.0,-10057.844202317297
2467.0,-10057.880340930074
2468.0,-10057.916479542851
2469.0,-10057.952618155628
2470.0,-10057.988756768405
2471.0,-10058.024895381182
2472.0,-10058.06103399396
2473.0,-10058.097172606736
2474.0,-10058.133311219513
2475.0,-10058.16944983229
2476.0,-10058.205588445067
2477.0,-10058.241727057844
2478.0,-10058.277865670621
2479.0,-10058.314004283398
2480.0,-10058.350142896175
2481.0,-10058.386281508952
2482.0,-10058.42242012173
2483.0,-10058.458558734506
2484.0,-10058.494697347283
2485.0,-10058.53083596006
2486.0,-10058.566974572837
2487.0,-10058.603113185614
2488.0,-10058.639251798391
2489.0,-10058.675390411168
2490.0,-10058.711529023945
2491.0,-10058.747667636722
2492.0,-10058.7838062495
2493.0,-10058.819944862276
2494.0,-10058.856083475053
2495.0,-10058.89222208783
2496.0,-10058.928360700607
2497.0,-10058.964499313384
2498.0,-10059.000637926161
2499.0,-10059.036776538938
2500.0,-10059.072915151715
2501.0,-10059.109053764492
2502.0,-10059.14519237727
2503.0,-10059.181330990046
2504.0,-10059.217469602823
2505.0,-10059.2536082156
2506.0,-10059.289746828377
2507.0,-10059.325885441154
2508.0,-10059.362024053931
2509.0,-10059.398162666708
2510.0,-10059.434301279485
2511.0,-10059.470439892262
2512.0,-10059.50657850504
2513.0,-10059.542717117816
2514.0,-10059.578855730593
2515.0,-10059.61499434337
2516.0,-10059.651132956147
2517.0,-10059.687271568924
2518.0,-10059.723410181701
2519.0,-10059.759548794478
2520.0,-10059.795687407255
2521.0,-10059.831826020032
2522.0,-10059.86796463281
2523.0,-10059.904103245586
2524.0,-10059.940241858363
2525.0,-10059.97638047114
2526.0,-10060.012519083917
2527.0,-10060.048657696694
2528.0,-10060.084796309471
2529.0,-10060.120934922248
2530.0,-10060.157073535025
2531.0,-10060.193212147802
2532.0,-10060.22935076058
2533.0,-10060.265489373356
2534.0,-10060.301627986133
2535.0,-10060.33776659891
2536.0,-10060.373905211687
2537.0,-10060.410043824464
2538.0,-10060.446182437241
2539.0,-10060.482321050018
2540.0,-10060.518459662795
2541.0,-10060.554598275572
2542.0,-10060.590736888349
2543.0,-10060.626875501126
2544.0,-10060.663014113903
2545.0,-10060.69915272668
2546.0,-10060.735291339457
2547.0,-10060.771429952234
2548.0,-10060.807568565011
2549.0,-10060.843707177788
2550.0,-10060.879845790565
2551.0,-10060.915984403342
2552.0,-10060.952123016119
2553.0,-10060.988261628896
2554.0,-10061.024400241673
2555.0,-10061.06053885445
2556.0,-10061.096677467227
2557.0,-10061.132816080004
2558.0,-10061.168954692781
2559.0,-10061.205093305558
2560.0,-10061.241231918335
2561.0,-10061.277370531112
2562.0,-10061.313509143889
2563.0,-10061.349647756666
2564.0,-10061.385786369443
2565.0,-10061.42192498222
2566.0,-10061.458063594997
2567.0,-10061.494202207774
2568.0,-10061.530340820551
2569.0,-10061.566479433328
2570.0,-10061.602618046105
2571.0,-10061.638756658882
2572.0,-10061.674895271659
2573.0,-10061.711033884436
2574.0,-10061.747172497213
2575.0,-10061.78331110999
2576.0,-10061.819449722767
2577.0,-10061.855588335544
2578.0,-10061.89172694832
2579.0,-10061.927865561098
2580.0,-10061.964004173875
2581.0,-10062.000142786652
2582.0,-10062.036281399429
2583.0,-10062.072420012206
2584.0,-10062.108558624983
2585.0,-10062.14469723776
2586.0,-10062.180835850537
2587.0,-10062.216974463314
2588.0,-10062.25311307609
2589.0,-10062.289251688868
2590.0,-10062.325390301645
2591.0,-10062.361528914422
2592.0,-10062.397667527199
2593.0,-10062.433806139976
2594.0,-10062.469944752753
2595.0,-10062.50608336553
2596.0,-10062.542221978307
2597.0,-10062.578360591084
2598.0,-10062.61449920386
2599.0,-10062.650637816638
2600.0,-10062.686776429415
2601.0,-10062.722915042192
2602.0,-10062.759053654969
2603.0,-10062.795192267746
2604.0,-10062.831330880523
2605.0,-10062.8674694933
2606.0,-10062.903608106077
2607.0,-10062.939746718854
2608.0,-10062.97588533163
2609.0,-10063.012023944408
2610.0,-10063.048162557185
2611.0,-10063.084301169962
2612.0,-10063.120439782739
2613.0,-10063.156578395516
2614.0,-10063.192717008293
2615.0,-10063.22885562107
2616.0,-10063.264994233847
2617.0,-10063.301132846624
2618.0,-10063.3372714594
2619.0,-10063.373410072178
2620.0,-10063.409548684955
2621.0,-10063.445687297732
2622.0,-10063.481825910509
2623.0,-10063.517964523286
2624.0,-10063.554103136063
2625.0,-10063.59024174884
2626.0,-10063.626380361617
2627.0,-10063.662518974394
2628.0,-10063.69865758717
2629.0,-10063.734796199948
2630.0,-10063.770934812725
2631.0,-10063.807073425502
2632.0,-10063.843212038279
2633.0,-10063.879350651056
2634.0,-10063.915489263833
2635.0,-10063.95162787661
2636.0,-10063.987766489387
2637.0,-10064.023905102164
2638.0,-10064.06004371494
2639.0,-10064.096182327718
2640.0,-10064.132320940495
2641.0,-10064.168459553272
2642.0,-10064.204598166049
2643.0,-10064.240736778826
2644.0,-10064.276875391603
2645.0,-10064.31301400438
2646.0,-10064.349152617157
2647.0,-10064.385291229934
2648.0,-10064.42142984271
2649.0,-10064.457568455487
2650.0,-10064.493707068264
2651.0,-10064.529845681041
2652.0,-10064.565984293818
2653.0,-10064.602122906595
2654.0,-10064.638261519372
2655.0,-10064.67440013215
2656.0,-10064.710538744926
2657.0,-10064.746677357703
2658.0,-10064.78281597048
2659.0,-10064.818954583257
2660.0,-10064.855093196034
2661.0,-10064.891231808811
2662.0,-10064.927370421588
2663.0,-10064.963509034365
2664.0,-10064.999647647142
2665.0,-10065.03578625992
2666.0,-10065.071924872696
2667.0,-10065.108063485473
2668.0,-10065.14420209825
2669.0,-10065.180340711027
2670.0,-10065.216479323804
2671.0,-10065.252617936581
2672.0,-10065.288756549358
2673.0,-10065.324895162135
2674.0,-10065.361033774912
2675.0,-10065.39717238769
2676.0,-10065.433311000466
2677.0,-10065.469449613243
2678.0,-10065.50558822602
2679.0,-10065.541726838797
2680.0,-10065.577865451574
2681.0,-10065.614004064351
2682.0,-10065.650142677128
2683.0,-10065.686281289905
2684.0,-10065.722419902682
2685.0,-10065.75855851546
2686.0,-10065.794697128236
2687.0,-10065.830835741013
2688.0,-10065.86697435379
2689.0,-10065.903112966567
2690.0,-10065.939251579344
2691.0,-10065.975390192121
2692.0,-10066.011528804898
2693.0,-10066.047667417675
2694.0,-10066.083806030452
2695.0,-10066.11994464323
2696.0,-10066.156083256006
2697.0,-10066.192221868783
2698.0,-10066.22836048156
2699.0,-10066.264499094337
2700.0,-10066.300637707114
2701.0,-10066.336776319891
2702.0,-10066.372914932668
2703.0,-10066.409053545445
2704.0,-10066.445192158222
2705.0,-10066.481330771
2706.0,-10066.517469383776
2707.0,-10066.553607996553
2708.0,-10066.58974660933
2709.0,-10066.625885222107
2710.0,-10066.662023834884
2711.0,-10066.698162447661
2712.0,-10066.734301060438
2713.0,-10066.770439673215
2714.0,-10066.806578285992
2715.0,-10066.84271689877
2716.0,-10066.878855511546
2717.0,-10066.914994124323
2718.0,-10066.9511327371
2719.0,-10066.987271349877
2720.0,-10067.023409962654
2721.0,-10067.059548575431
2722.0,-10067.095687188208
2723.0,-10067.131825800985
2724.0,-10067.167964413762
2725.0,-10067.204103026539
2726.0,-10067.240241639316
2727.0,-10067.276380252093
2728.0,-10067.31251886487
2729.0,-10067.348657477647
2730.0,-10067.384796090424
2731.0,-10067.420934703201
2732.0,-10067.457073315978
2733.0,-10067.493211928755
2734.0,-10067.529350541532
2735.0,-10067.565489154309
2736.0,-10067.601627767086
2737.0,-10067.637766379863
2738.0,-10067.67390499264
2739.0,-10067.710043605417
2740.0,-10067.746182218194
2741.0,-10067.782320830971
2742.0,-10067.818459443748
2743.0,-10067.854598056525
2744.0,-10067.890736669302
2745.0,-10067.926875282079
2746.0,-10067.963013894856
2747.0,-10067.999152507633
2748.0,-10068.03529112041
2749.0,-10068.071429733187
2750.0,-10068.107568345964
2751.0,-10068.143706958741
2752.0,-10068.179845571518
2753.0,-10068.215984184295
2754.0,-10068.252122797072
2755.0,-10068.288261409849
2756.0,-10068.324400022626
2757.0,-10068.360538635403
2758.0,-10068.39667724818
2759.0,-10068.432815860957
2760.0,-10068.468954473734
2761.0,-10068.50509308651
2762.0,-10068.541231699288
2763.0,-10068.577370312065
2764.0,-10068.613508924842
2765.0,-10068.649647537619
2766.0,-10068.685786150396
2767.0,-10068.721924763173
2768.0,-10068.75806337595
2769.0,-10068.794201988727
2770.0,-10068.830340601504
2771.0,-10068.86647921428
2772.0,-10068.902617827058
2773.0,-10068.938756439835
2774.0,-10068.974895052612
2775.0,-10069.011033665389
2776.0,-10069.047172278166
2777.0,-10069.083310890943
2778.0,-10069.11944950372
2779.0,-10069.155588116497
2780.0,-10069.191726729274
2781.0,-10069.22786534205
2782.0,-10069.264003954828
2783.0,-10069.300142567605
2784.0,-10069.336281180382
2785.0,-10069.372419793159
2786.0,-10069.408558405936
2787.0,-10069.444697018713
2788.0,-10069.48083563149
2789.0,-10069.516974244267
2790.0,-10069.553112857044
2791.0,-10069.58925146982
2792.0,-10069.625390082598
2793.0,-10069.661528695375
2794.0,-10069.697667308152
2795.0,-10069.733805920929
2796.0,-10069.769944533706
2797.0,-10069.806083146483
2798.0,-10069.84222175926
2799.0,-10069.878360372037
2800.0,-10069.914498984814
2801.0,-10069.95063759759
2802.0,-10069.986776210368
2803.0,-10070.022914823145
2804.0,-10070.059053435922
2805.0,-10070.095192048699
2806.0,-10070.131330661476
2807.0,-10070.167469274253
2808.0,-10070.20360788703
2809.0,-10070.239746499807
2810.0,-10070.275885112584
2811.0,-10070.31202372536
2812.0,-10070.348162338138
2813.0,-10070.384300950915
2814.0,-10070.420439563692
2815.0,-10070.456578176469
2816.0,-10070.492716789246
2817.0,-10070.528855402023
2818.0,-10070.5649940148
2819.0,-10070.601132627577
2820.0,-10070.637271240354
2821.0,-10070.67340985313
2822.0,-10070.709548465908
2823.0,-10070.745687078685
2824.0,-10070.781825691462
2825.0,-10070.817964304239
2826.0,-10070.854102917016
2827.0,-10070.890241529793
2828.0,-10070.92638014257
2829.0,-10070.962518755347
2830.0,-10070.998657368124
2831.0,-10071.0347959809
2832.0,-10071.070934593678
2833.0,-10071.107073206455
2834.0,-10071.143211819232
2835.0,-10071.179350432009
2836.0,-10071.215489044785
2837.0,-10071.251627657562
2838.0,-10071.28776627034
2839.0,-10071.323904883116
2840.0,-10071.360043495893
2841.0,-10071.39618210867
2842.0,-10071.432320721447
2843.0,-10071.468459334224
2844.0,-10071.504597947001
2845.0,-10071.540736559778
2846.0,-10071.576875172555
2847.0,-10071.613013785332
2848.0,-10071.64915239811
2849.0,-10071.685291010886
2850.0,-10071.721429623663
2851.0,-10071.75756823644
2852.0,-10071.793706849217
2853.0,-10071.829845461994
2854.0,-10071.865984074771
2855.0,-10071.902122687548
2856.0,-10071.938261300325
2857.0,-10071.974399913102
2858.0,-10072.01053852588
2859.0,-10072.046677138656
2860.0,-10072.082815751433
2861.0,-10072.11895436421
2862.0,-10072.155092976987
2863.0,-10072.191231589764
2864.0,-10072.227370202541
2865.0,-10072.263508815318
2866.0,-10072.299647428095
2867.0,-10072.335786040872
2868.0,-10072.37192465365
2869.0,-10072.408063266426
2870.0,-10072.444201879203
2871.0,-10072.48034049198
2872.0,-10072.516479104757
2873.0,-10072.552617717534
2874.0,-10072.588756330311
2875.0,-10072.624894943088
2876.0,-10072.661033555865
2877.0,-10072.697172168642
2878.0,-10072.73331078142
2879.0,-10072.769449394196
2880.0,-10072.805588006973
2881.0,-10072.84172661975
2882.0,-10072.877865232527
2883.0,-10072.914003845304
2884.0,-10072.950142458081
2885.0,-10072.986281070858
2886.0,-10073.022419683635
2887.0,-10073.058558296412
2888.0,-10073.09469690919
2889.0,-10073.130835521966
2890.0,-10073.166974134743
2891.0,-10073.20311274752
2892.0,-10073.239251360297
2893.0,-10073.275389973074
2894.0,-10073.311528585851
2895.0,-10073.347667198628
2896.0,-10073.383805811405
2897.0,-10073.419944424182
2898.0,-10073.45608303696
2899.0,-10073.492221649736
2900.0,-10073.528360262513
2901.0,-10073.56449887529
2902.0,-10073.600637488067
2903.0,-10073.636776100844
2904.0,-10073.672914713621
2905.0,-10073.709053326398
2906.0,-10073.745191939175
2907.0,-10073.781330551952
2908.0,-10073.81746916473
2909.0,-10073.853607777506
2910.0,-10073.889746390283
2911.0,-10073.92588500306
2912.0,-10073.962023615837
2913.0,-10073.998162228614
2914.0,-10074.034300841391
2915.0,-10074.070439454168
2916.0,-10074.106578066945
2917.0,-10074.142716679722
2918.0,-10074.178855292499
2919.0,-10074.214993905276
2920.0,-10074.251132518053
2921.0,-10074.28727113083
2922.0,-10074.323409743607
2923.0,-10074.359548356384
2924.0,-10074.395686969161
2925.0,-10074.431825581938
2926.0,-10074.467964194715
2927.0,-10074.504102807492
2928.0,-10074.540241420269
2929.0,-10074.576380033046
2930.0,-10074.612518645823
2931.0,-10074.6486572586
2932.0,-10074.684795871377
2933.0,-10074.720934484154
2934.0,-10074.757073096931
2935.0,-10074.793211709708
2936.0,-10074.829350322485
2937.0,-10074.865488935262
2938.0,-10074.901627548039
2939.0,-10074.937766160816
2940.0,-10074.973904773593
2941.0,-10075.01004338637
2942.0,-10075.046181999147
2943.0,-10075.082320611924
2944.0,-10075.118459224701
2945.0,-10075.154597837478
2946.0,-10075.190736450255
2947.0,-10075.226875063032
2948.0,-10075.263013675809
2949.0,-10075.299152288586
2950.0,-10075.335290901363
2951.0,-10075.37142951414
2952.0,-10075.407568126917
2953.0,-10075.443706739694
2954.0,-10075.47984535247
2955.0,-10075.515983965248
2956.0,-10075.552122578025
2957.0,-10075.588261190802
2958.0,-10075.624399803579
2959.0,-10075.660538416356
2960.0,-10075.696677029133
2961.0,-10075.73281564191
2962.0,-10075.768954254687
2963.0,-10075.805092867464
2964.0,-10075.84123148024
2965.0,-10075.877370093018
2966.0,-10075.913508705795
2967.0,-10075.949647318572
2968.0,-10075.985785931349
2969.0,-10076.021924544126
2970.0,-10076.058063156903
2971.0,-10076.09420176968
2972.0,-10076.130340382457
2973.0,-10076.166478995234
2974.0,-10076.20261760801
2975.0,-10076.238756220788
2976.0,-10076.274894833565
2977.0,-10076.311033446342
2978.0,-10076.347172059119
2979.0,-10076.383310671896
2980.0,-10076.419449284673
2981.0,-10076.45558789745
2982.0,-10076.491726510227
2983.0,-10076.527865123004
2984.0,-10076.56400373578
2985.0,-10076.600142348558
2986.0,-10076.636280961335
2987.0,-10076.672419574112
2988.0,-10076.708558186889
2989.0,-10076.744696799666
2990.0,-10076.780835412443
2991.0,-10076.81697402522
2992.0,-10076.853112637997
2993.0,-10076.889251250774
2994.0,-10076.92538986355
2995.0,-10076.961528476328
2996.0,-10076.997667089105
2997.0,-10077.033805701882
2998.0,-10077.069944314659
2999.0,-10077.106082927436
3000.0,-10077.142221540213
3001.0,-10077.17836015299
3002.0,-10077.214498765767
3003.0,-10077.250637378544
3004.0,-10077.28677599132
3005.0,-10077.322914604098
3006.0,-10077.359053216875
3007.0,-10077.395191829652
3008.0,-10077.431330442429
3009.0,-10077.467469055206
3010.0,-10077.503607667983
3011.0,-10077.53974628076
3012.0,-10077.575884893537
3013.0,-10077.612023506314
3014.0,-10077.64816211909
3015.0,-10077.684300731868
3016.0,-10077.720439344645
3017.0,-10077.756577957422
3018.0,-10077.792716570199
3019.0,-10077.828855182976
3020.0,-10077.864993795753
3021.0,-10077.90113240853
3022.0,-10077.937271021307
3023.0,-10077.973409634084
3024.0,-10078.00954824686
3025.0,-10078.045686859637
3026.0,-10078.081825472414
3027.0,-10078.117964085191
3028.0,-10078.154102697968
3029.0,-10078.190241310745
3030.0,-10078.226379923522
3031.0,-10078.2625185363
3032.0,-10078.298657149076
3033.0,-10078.334795761853
3034.0,-10078.37093437463
3035.0,-10078.407072987407
3036.0,-10078.443211600184
3037.0,-10078.479350212961
3038.0,-10078.515488825738
3039.0,-10078.551627438515
3040.0,-10078.587766051292
3041.0,-10078.62390466407
3042.0,-10078.660043276846
3043.0,-10078.696181889623
3044.0,-10078.7323205024
3045.0,-10078.768459115177
3046.0,-10078.804597727954
3047.0,-10078.840736340731
3048.0,-10078.876874953508
3049.0,-10078.913013566285
3050.0,-10078.949152179062
3051.0,-10078.98529079184
3052.0,-10079.021429404616
3053.0,-10079.057568017393
3054.0,-10079.09370663017
3055.0,-10079.129845242947
3056.0,-10079.165983855724
3057.0,-10079.202122468501
3058.0,-10079.238261081278
3059.0,-10079.274399694055
3060.0,-10079.310538306832
3061.0,-10079.34667691961
3062.0,-10079.382815532386
3063.0,-10079.418954145163
3064.0,-10079.45509275794
3065.0,-10079.491231370717
3066.0,-10079.527369983494
3067.0,-10079.563508596271
3068.0,-10079.599647209048
3069.0,-10079.635785821825
3070.0,-10079.671924434602
3071.0,-10079.70806304738
3072.0,-6796.462371826172
3073.0,-6796.527094706893
3074.0,-6796.591817587614
3075.0,-6796.656540468335
3076.0,-6796.721263349056
3077.0,-6796.785986229777
3078.0,-6796.850709110498
3079.0,-6796.9154319912195
3080.0,-6796.980154871941
3081.0,-6797.044877752662
3082.0,-6797.109600633383
3083.0,-6797.174323514104
3084.0,-6797.239046394825
3085.0,-6797.303769275546
3086.0,-6797.368492156267
3087.0,-6797.433215036988
3088.0,-6797.497937917709
3089.0,-6797.56266079843
3090.0,-6797.6273836791515
3091.0,-6797.692106559873
3092.0,-6797.756829440594
3093.0,-6797.821552321315
3094.0,-6797.886275202036
3095.0,-6797.950998082757
3096.0,-6798.015720963478
3097.0,-6798.080443844199
3098.0,-6798.14516672492
3099.0,-6798.209889605641
3100.0,-6798.2746124863625
3101.0,-6798.339335367084
3102.0,-6798.404058247805
3103.0,-6798.468781128526
3104.0,-6798.533504009247
3105.0,-6798.598226889968
3106.0,-6798.662949770689
3107.0,-6798.72767265141
3108.0,-6798.792395532131
3109.0,-6798.857118412852
3110.0,-6798.921841293573
3111.0,-6798.9865641742945
3112.0,-6799.051287055016
3113.0,-6799.116009935737
3114.0,-6799.180732816458
3115.0,-6799.245455697179
3116.0,-6799.3101785779
3117.0,-6799.374901458621
3118.0,-6799.439624339342
3119.0,-6799.504347220063
3120.0,-6799.569070100784
3121.0,-6799.633792981505
3122.0,-6799.6985158622265
3123.0,-6799.763238742948
3124.0,-6799.827961623669
3125.0,-6799.89268450439
3126.0,-6799.957407385111
3127.0,-6800.022130265832
3128.0,-6800.086853146553
3129.0,-6800.151576027274
3130.0,-6800.216298907995
3131.0,-6800.281021788716
3132.0,-6800.345744669437
3133.0,-6800.4104675501585
3134.0,-6800.47519043088
3135.0,-6800.539913311601
3136.0,-6800.604636192322
3137.0,-6800.669359073043
3138.0,-6800.734081953764
3139.0,-6800.798804834485
3140.0,-6800.863527715206
3141.0,-6800.928250595927
3142.0,-6800.992973476648
3143.0,-6801.057696357369
3144.0,-6801.1224192380905
3145.0,-6801.187142118812
3146.0,-6801.251864999533
3147.0,-6801.316587880254
3148.0,-6801.381310760975
3149.0,-6801.446033641696
3150.0,-6801.510756522417
3151.0,-6801.575479403138
3152.0,-6801.640202283859
3153.0,-6801.70492516458
3154.0,-6801.769648045301
3155.0,-6801.8343709260225
3156.0,-6801.899093806744
3157.0,-6801.963816687465
3158.0,-6802.028539568186
3159.0,-6802.093262448907
3160.0,-6802.157985329628
3161.0,-6802.222708210349
3162.0,-6802.28743109107
3163.0,-6802.352153971791
3164.0,-6802.416876852512
3165.0,-6802.481599733233
3166.0,-6802.5463226139545
3167.0,-6802.611045494676
3168.0,-6802.675768375397
3169.0,-6802.740491256118
3170.0,-6802.805214136839
3171.0,-6802.86993701756
3172.0,-6802.934659898281
3173.0,-6802.999382779002
3174.0,-6803.064105659723
3175.0,-6803.128828540444
3176.0,-6803.1935514211655
3177.0,-6803.258274301887
3178.0,-6803.322997182608
3179.0,-6803.387720063329
3180.0,-6803.45244294405
3181.0,-6803.517165824771
3182.0,-6803.581888705492
3183.0,-6803.646611586213
3184.0,-6803.711334466934
3185.0,-6803.776057347655
3186.0,-6803.840780228376
3187.0,-6803.9055031090975
3188.0,-6803.970225989819
3189.0,-6804.03494887054
3190.0,-6804.099671751261
3191.0,-6804.164394631982
3192.0,-6804.229117512703
3193.0,-6804.293840393424
3194.0,-6804.358563274145
3195.0,-6804.423286154866
3196.0,-6804.488009035587
3197.0,-6804.552731916308
3198.0,-6804.6174547970295
3199.0,-6804.682177677751
3200.0,-6804.746900558472
3201.0,-6804.811623439193
3202.0,-6804.876346319914
3203.0,-6804.941069200635
3204.0,-6805.005792081356
3205.0,-6805.070514962077
3206.0,-6805.135237842798
3207.0,-6805.199960723519
3208.0,-6805.26468360424
3209.0,-6805.3294064849615
3210.0,-6805.394129365683
3211.0,-6805.458852246404
3212.0,-6805.523575127125
3213.0,-6805.588298007846
3214.0,-6805.653020888567
3215.0,-6805.717743769288
3216.0,-6805.782466650009
3217.0,-6805.84718953073
3218.0,-6805.911912411451
3219.0,-6805.976635292172
3220.0,-6806.0413581728935
3221.0,-6806.106081053615
3222.0,-6806.170803934336
3223.0,-6806.235526815057
3224.0,-6806.300249695778
3225.0,-6806.364972576499
3226.0,-6806.42969545722
3227.0,-6806.494418337941
3228.0,-6806.559141218662
3229.0,-6806.623864099383
3230.0,-6806.688586980104
3231.0,-6806.7533098608255
3232.0,-6806.818032741547
3233.0,-6806.882755622268
3234.0,-6806.947478502989
3235.0,-6807.01220138371
3236.0,-6807.076924264431
3237.0,-6807.141647145152
3238.0,-6807.206370025873
3239.0,-6807.271092906594
3240.0,-6807.335815787315
3241.0,-6807.4005386680365
3242.0,-6807.465261548758
3243.0,-6807.529984429479
3244.0,-6807.5947073102
3245.0,-6807.659430190921
3246.0,-6807.724153071642
3247.0,-6807.788875952363
3248.0,-6807.853598833084
3249.0,-6807.918321713805
3250.0,-6807.983044594526
3251.0,-6808.047767475247
3252.0,-6808.1124903559685
3253.0,-6808.17721323669
3254.0,-6808.241936117411
3255.0,-6808.306658998132
3256.0,-6808.371381878853
3257.0,-6808.436104759574
3258.0,-6808.500827640295
3259.0,-6808.565550521016
3260.0,-6808.630273401737
3261.0,-6808.694996282458
3262.0,-6808.759719163179
3263.0,-6808.8244420439005
3264.0,-6808.889164924622
3265.0,-6808.953887805343
3266.0,-6809.018610686064
3267.0,-6809.083333566785
3268.0,-6809.148056447506
3269.0,-6809.212779328227
3270.0,-6809.277502208948
3271.0,-6809.342225089669
3272.0,-6809.40694797039
3273.0,-6809.471670851111
3274.0,-6809.5363937318325
3275.0,-6809.601116612554
3276.0,-6809.665839493275
3277.0,-6809.730562373996
3278.0,-6809.795285254717
3279.0,-6809.860008135438
3280.0,-6809.924731016159
3281.0,-6809.98945389688
3282.0,-6810.054176777601
3283.0,-6810.118899658322
3284.0,-6810.183622539043
3285.0,-6810.2483454197645
3286.0,-6810.313068300486
3287.0,-6810.377791181207
3288.0,-6810.442514061928
3289.0,-6810.507236942649
3290.0,-6810.57195982337
3291.0,-6810.636682704091
3292.0,-6810.701405584812
3293.0,-6810.766128465533
3294.0,-6810.830851346254
3295.0,-6810.895574226975
3296.0,-6810.9602971076965
3297.0,-6811.025019988418
3298.0,-6811.089742869139
3299.0,-6811.15446574986
3300.0,-6811.219188630581
3301.0,-6811.283911511302
3302.0,-6811.348634392023
3303.0,-6811.413357272744
3304.0,-6811.478080153465
3305.0,-6811.542803034186
3306.0,-6811.6075259149075
3307.0,-6811.672248795629
3308.0,-6811.73697167635
3309.0,-6811.801694557071
3310.0,-6811.866417437792
3311.0,-6811.931140318513
3312.0,-6811.995863199234
3313.0,-6812.060586079955
3314.0,-6812.125308960676
3315.0,-6812.190031841397
3316.0,-6812.254754722118
3317.0,-6812.3194776028395
3318.0,-6812.384200483561
3319.0,-6812.448923364282
3320.0,-6812.513646245003
3321.0,-6812.578369125724
3322.0,-6812.643092006445
3323.0,-6812.707814887166
3324.0,-6812.772537767887
3325.0,-6812.837260648608
3326.0,-6812.901983529329
3327.0,-6812.96670641005
3328.0,-6813.0314292907715
3329.0,-6813.096152171493
3330.0,-6813.160875052214
3331.0,-6813.225597932935
3332.0,-6813.290320813656
3333.0,-6813.355043694377
3334.0,-6813.419766575098
3335.0,-6813.484489455819
3336.0,-6813.54921233654
3337.0,-6813.613935217261
3338.0,-6813.678658097982
3339.0,-6813.7433809787035
3340.0,-6813.808103859425
3341.0,-6813.872826740146
3342.0,-6813.937549620867
3343.0,-6814.002272501588
3344.0,-6814.066995382309
3345.0,-6814.13171826303
3346.0,-6814.196441143751
3347.0,-6814.261164024472
3348.0,-6814.325886905193
3349.0,-6814.390609785914
3350.0,-6814.4553326666355
3351.0,-6814.520055547357
3352.0,-6814.584778428078
3353.0,-6814.649501308799
3354.0,-6814.71422418952
3355.0,-6814.778947070241
3356.0,-6814.843669950962
3357.0,-6814.908392831683
3358.0,-6814.973115712404
3359.0,-6815.037838593125
3360.0,-6815.102561473846
3361.0,-6815.1672843545675
3362.0,-6815.232007235289
3363.0,-6815.29673011601
3364.0,-6815.361452996731
3365.0,-6815.426175877452
3366.0,-6815.490898758173
3367.0,-6815.555621638894
3368.0,-6815.620344519615
3369.0,-6815.685067400336
3370.0,-6815.749790281057
3371.0,-6815.814513161778
3372.0,-6815.8792360424995
3373.0,-6815.943958923221
3374.0,-6816.008681803942
3375.0,-6816.073404684663
3376.0,-6816.138127565384
3377.0,-6816.202850446105
3378.0,-6816.267573326826
3379.0,-6816.332296207547
3380.0,-6816.397019088268
3381.0,-6816.461741968989
3382.0,-6816.5264648497105
3383.0,-6816.591187730432
3384.0,-6816.655910611153
3385.0,-6816.720633491874
3386.0,-6816.785356372595
3387.0,-6816.850079253316
3388.0,-6816.914802134037
3389.0,-6816.979525014758
3390.0,-6817.044247895479
3391.0,-6817.1089707762
3392.0,-6817.173693656921
3393.0,-6817.2384165376425
3394.0,-6817.303139418364
3395.0,-6817.367862299085
3396.0,-6817.432585179806
3397.0,-6817.497308060527
3398.0,-6817.562030941248
3399.0,-6817.626753821969
3400.0,-6817.69147670269
3401.0,-6817.756199583411
3402.0,-6817.820922464132
3403.0,-6817.885645344853
3404.0,-6817.9503682255745
3405.0,-6818.015091106296
3406.0,-6818.079813987017
3407.0,-6818.144536867738
3408.0,-6818.209259748459
3409.0,-6818.27398262918
3410.0,-6818.338705509901
3411.0,-6818.403428390622
3412.0,-6818.468151271343
3413.0,-6818.532874152064
3414.0,-6818.597597032785
3415.0,-6818.6623199135065
3416.0,-6818.727042794228
3417.0,-6818.791765674949
3418.0,-6818.85648855567
3419.0,-6818.921211436391
3420.0,-6818.985934317112
3421.0,-6819.050657197833
3422.0,-6819.115380078554
3423.0,-6819.180102959275
3424.0,-6819.244825839996
3425.0,-6819.309548720717
3426.0,-6819.3742716014385
3427.0,-6819.43899448216
3428.0,-6819.503717362881
3429.0,-6819.568440243602
3430.0,-6819.633163124323
3431.0,-6819.697886005044
3432.0,-6819.762608885765
3433.0,-6819.827331766486
3434.0,-6819.892054647207
3435.0,-6819.956777527928
3436.0,-6820.021500408649
3437.0,-6820.0862232893705
3438.0,-6820.150946170092
3439.0,-6820.215669050813
3440.0,-6820.280391931534
3441.0,-6820.345114812255
3442.0,-6820.409837692976
3443.0,-6820.474560573697
3444.0,-6820.539283454418
3445.0,-6820.604006335139
3446.0,-6820.66872921586
3447.0,-6820.7334520965815
3448.0,-6820.798174977303
3449.0,-6820.862897858024
3450.0,-6820.927620738745
3451.0,-6820.992343619466
3452.0,-6821.057066500187
3453.0,-6821.121789380908
3454.0,-6821.186512261629
3455.0,-6821.25123514235
3456.0,-6821.315958023071
3457.0,-6821.380680903792
3458.0,-6821.4454037845135
3459.0,-6821.510126665235
3460.0,-6821.574849545956
3461.0,-6821.639572426677
3462.0,-6821.704295307398
3463.0,-6821.769018188119
3464.0,-6821.83374106884
3465.0,-6821.898463949561
3466.0,-6821.963186830282
3467.0,-6822.027909711003
3468.0,-6822.092632591724
3469.0,-6822.1573554724455
3470.0,-6822.222078353167
3471.0,-6822.286801233888
3472.0,-6822.351524114609
3473.0,-6822.41624699533
3474.0,-6822.480969876051
3475.0,-6822.545692756772
3476.0,-6822.610415637493
3477.0,-6822.675138518214
3478.0,-6822.739861398935
3479.0,-6822.804584279656
3480.0,-6822.8693071603775
3481.0,-6822.934030041099
3482.0,-6822.99875292182
3483.0,-6823.063475802541
3484.0,-6823.128198683262
3485.0,-6823.192921563983
3486.0,-6823.257644444704
3487.0,-6823.322367325425
3488.0,-6823.387090206146
3489.0,-6823.451813086867
3490.0,-6823.516535967588
3491.0,-6823.5812588483095
3492.0,-6823.645981729031
3493.0,-6823.710704609752
3494.0,-6823.775427490473
3495.0,-6823.840150371194
3496.0,-6823.904873251915
3497.0,-6823.969596132636
3498.0,-6824.034319013357
3499.0,-6824.099041894078
3500.0,-6824.163764774799
3501.0,-6824.22848765552
3502.0,-6824.2932105362415
3503.0,-6824.357933416963
3504.0,-6824.422656297684
3505.0,-6824.487379178405
3506.0,-6824.552102059126
3507.0,-6824.616824939847
3508.0,-6824.681547820568
3509.0,-6824.746270701289
3510.0,-6824.81099358201
3511.0,-6824.875716462731
3512.0,-6824.940439343452
3513.0,-6825.005162224174
3514.0,-6825.069885104895
3515.0,-6825.134607985616
3516.0,-6825.199330866337
3517.0,-6825.264053747058
3518.0,-6825.328776627779
3519.0,-6825.3934995085
3520.0,-6825.458222389221
3521.0,-6825.522945269942
3522.0,-6825.587668150663
3523.0,-6825.6523910313845
3524.0,-6825.717113912106
3525.0,-6825.781836792827
3526.0,-6825.846559673548
3527.0,-6825.911282554269
3528.0,-6825.97600543499
3529.0,-6826.040728315711
3530.0,-6826.105451196432
3531.0,-6826.170174077153
3532.0,-6826.234896957874
3533.0,-6826.299619838595
3534.0,-6826.3643427193165
3535.0,-6826.429065600038
3536.0,-6826.493788480759
3537.0,-6826.55851136148
3538.0,-6826.623234242201
3539.0,-6826.687957122922
3540.0,-6826.752680003643
3541.0,-6826.817402884364
3542.0,-6826.882125765085
3543.0,-6826.946848645806
3544.0,-6827.011571526527
3545.0,-6827.0762944072485
3546.0,-6827.14101728797
3547.0,-6827.205740168691
3548.0,-6827.270463049412
3549.0,-6827.335185930133
3550.0,-6827.399908810854
3551.0,-6827.464631691575
3552.0,-6827.529354572296
3553.0,-6827.594077453017
3554.0,-6827.658800333738
3555.0,-6827.723523214459
3556.0,-6827.7882460951805
3557.0,-6827.852968975902
3558.0,-6827.917691856623
3559.0,-6827.982414737344
3560.0,-6828.047137618065
3561.0,-6828.111860498786
3562.0,-6828.176583379507
3563.0,-6828.241306260228
3564.0,-6828.306029140949
3565.0,-6828.37075202167
3566.0,-6828.435474902391
3567.0,-6828.5001977831125
3568.0,-6828.564920663834
3569.0,-6828.629643544555
3570.0,-6828.694366425276
3571.0,-6828.759089305997
3572.0,-6828.823812186718
3573.0,-6828.888535067439
3574.0,-6828.95325794816
3575.0,-6829.017980828881
3576.0,-6829.082703709602
3577.0,-6829.147426590323
3578.0,-6829.2121494710445
3579.0,-6829.276872351766
3580.0,-6829.341595232487
3581.0,-6829.406318113208
3582.0,-6829.471040993929
3583.0,-6829.53576387465
3584.0,-6829.600486755371
3585.0,-6829.665209636092
3586.0,-6829.729932516813
3587.0,-6829.794655397534
3588.0,-6829.8593782782555
3589.0,-6829.924101158977
3590.0,-6829.988824039698
3591.0,-6830.053546920419
3592.0,-6830.11826980114
3593.0,-6830.182992681861
3594.0,-6830.247715562582
3595.0,-6830.312438443303
3596.0,-6830.377161324024
3597.0,-6830.441884204745
3598.0,-6830.506607085466
3599.0,-6830.5713299661875
3600.0,-6830.636052846909
3601.0,-6830.70077572763
3602.0,-6830.765498608351
3603.0,-6830.830221489072
3604.0,-6830.894944369793
3605.0,-6830.959667250514
3606.0,-6831.024390131235
3607.0,-6831.089113011956
3608.0,-6831.153835892677
3609.0,-6831.218558773398
3610.0,-6831.2832816541195
3611.0,-6831.348004534841
3612.0,-6831.412727415562
3613.0,-6831.477450296283
3614.0,-6831.542173177004
3615.0,-6831.606896057725
3616.0,-6831.671618938446
3617.0,-6831.736341819167
3618.0,-6831.801064699888
3619.0,-6831.865787580609
3620.0,-6831.93051046133
3621.0,-6831.9952333420515
3622.0,-6832.059956222773
3623.0,-6832.124679103494
3624.0,-6832.189401984215
3625.0,-6832.254124864936
3626.0,-6832.318847745657
3627.0,-6832.383570626378
3628.0,-6832.448293507099
3629.0,-6832.51301638782
3630.0,-6832.577739268541
3631.0,-6832.642462149262
3632.0,-6832.7071850299835
3633.0,-6832.771907910705
3634.0,-6832.836630791426
3635.0,-6832.901353672147
3636.0,-6832.966076552868
3637.0,-6833.030799433589
3638.0,-6833.09552231431
3639.0,-6833.160245195031
3640.0,-6833.224968075752
3641.0,-6833.289690956473
3642.0,-6833.354413837194
3643.0,-6833.4191367179155
3644.0,-6833.483859598637
3645.0,-6833.548582479358
3646.0,-6833.613305360079
3647.0,-6833.6780282408
3648.0,-6833.742751121521
3649.0,-6833.807474002242
3650.0,-6833.872196882963
3651.0,-6833.936919763684
3652.0,-6834.001642644405
3653.0,-6834.0663655251265
3654.0,-6834.131088405848
3655.0,-6834.195811286569
3656.0,-6834.26053416729
3657.0,-6834.325257048011
3658.0,-6834.389979928732
3659.0,-6834.454702809453
3660.0,-6834.519425690174
3661.0,-6834.584148570895
3662.0,-6834.648871451616
3663.0,-6834.713594332337
3664.0,-6834.7783172130585
3665.0,-6834.84304009378
3666.0,-6834.907762974501
3667.0,-6834.972485855222
3668.0,-6835.037208735943
3669.0,-6835.101931616664
3670.0,-6835.166654497385
3671.0,-6835.231377378106
3672.0,-6835.296100258827
3673.0,-6835.360823139548
3674.0,-6835.425546020269
3675.0,-6835.4902689009905
3676.0,-6835.554991781712
3677.0,-6835.619714662433
3678.0,-6835.684437543154
3679.0,-6835.749160423875
3680.0,-6835.813883304596
3681.0,-6835.878606185317
3682.0,-6835.943329066038
3683.0,-6836.008051946759
3684.0,-6836.07277482748
3685.0,-6836.137497708201
3686.0,-6836.2022205889225
3687.0,-6836.266943469644
3688.0,-6836.331666350365
3689.0,-6836.396389231086
3690.0,-6836.461112111807
3691.0,-6836.525834992528
3692.0,-6836.590557873249
3693.0,-6836.65528075397
3694.0,-6836.720003634691
3695.0,-6836.784726515412
3696.0,-6836.849449396133
3697.0,-6836.9141722768545
3698.0,-6836.978895157576
3699.0,-6837.043618038297
3700.0,-6837.108340919018
3701.0,-6837.173063799739
3702.0,-6837.23778668046
3703.0,-6837.302509561181
3704.0,-6837.367232441902
3705.0,-6837.431955322623
3706.0,-6837.496678203344
3707.0,-6837.561401084065
3708.0,-6837.6261239647865
3709.0,-6837.690846845508
3710.0,-6837.755569726229
3711.0,-6837.82029260695
3712.0,-6837.885015487671
3713.0,-6837.949738368392
3714.0,-6838.014461249113
3715.0,-6838.079184129834
3716.0,-6838.143907010555
3717.0,-6838.208629891276
3718.0,-6838.273352771997
3719.0,-6838.3380756527185
3720.0,-6838.40279853344
3721.0,-6838.467521414161
3722.0,-6838.532244294882
3723.0,-6838.596967175603
3724.0,-6838.661690056324
3725.0,-6838.726412937045
3726.0,-6838.791135817766
3727.0,-6838.855858698487
3728.0,-6838.920581579208
3729.0,-6838.9853044599295
3730.0,-6839.050027340651
3731.0,-6839.114750221372
3732.0,-6839.179473102093
3733.0,-6839.244195982814
3734.0,-6839.308918863535
3735.0,-6839.373641744256
3736.0,-6839.438364624977
3737.0,-6839.503087505698
3738.0,-6839.567810386419
3739.0,-6839.63253326714
3740.0,-6839.6972561478615
3741.0,-6839.761979028583
3742.0,-6839.826701909304
3743.0,-6839.891424790025
3744.0,-6839.956147670746
3745.0,-6840.020870551467
3746.0,-6840.085593432188
3747.0,-6840.150316312909
3748.0,-6840.21503919363
3749.0,-6840.279762074351
3750.0,-6840.344484955072
3751.0,-6840.4092078357935
3752.0,-6840.473930716515
3753.0,-6840.538653597236
3754.0,-6840.603376477957
3755.0,-6840.668099358678
3756.0,-6840.732822239399
3757.0,-6840.79754512012
3758.0,-6840.862268000841
3759.0,-6840.926990881562
3760.0,-6840.991713762283
3761.0,-6841.056436643004
3762.0,-6841.1211595237255
3763.0,-6841.185882404447
3764.0,-6841.250605285168
3765.0,-6841.315328165889
3766.0,-6841.38005104661
3767.0,-6841.444773927331
3768.0,-6841.509496808052
3769.0,-6841.574219688773
3770.0,-6841.638942569494
3771.0,-6841.703665450215
3772.0,-6841.768388330936
3773.0,-6841.8331112116575
3774.0,-6841.897834092379
3775.0,-6841.9625569731
3776.0,-6842.027279853821
3777.0,-6842.092002734542
3778.0,-6842.156725615263
3779.0,-6842.221448495984
3780.0,-6842.286171376705
3781.0,-6842.350894257426
3782.0,-6842.415617138147
3783.0,-6842.480340018868
3784.0,-6842.5450628995895
3785.0,-6842.609785780311
3786.0,-6842.674508661032
3787.0,-6842.739231541753
3788.0,-6842.803954422474
3789.0,-6842.868677303195
3790.0,-6842.933400183916
3791.0,-6842.998123064637
3792.0,-6843.062845945358
3793.0,-6843.127568826079
3794.0,-6843.1922917068005
3795.0,-6843.257014587522
3796.0,-6843.321737468243
3797.0,-6843.386460348964
3798.0,-6843.451183229685
3799.0,-6843.515906110406
3800.0,-6843.580628991127
3801.0,-6843.645351871848
3802.0,-6843.710074752569
3803.0,-6843.77479763329
3804.0,-6843.839520514011
3805.0,-6843.9042433947325
3806.0,-6843.968966275454
3807.0,-6844.033689156175
3808.0,-6844.098412036896
3809.0,-6844.163134917617
3810.0,-6844.227857798338
3811.0,-6844.292580679059
3812.0,-6844.35730355978
3813.0,-6844.422026440501
3814.0,-6844.486749321222
3815.0,-6844.551472201943
3816.0,-6844.6161950826645
3817.0,-6844.680917963386
3818.0,-6844.745640844107
3819.0,-6844.810363724828
3820.0,-6844.875086605549
3821.0,-6844.93980948627
3822.0,-6845.004532366991
3823.0,-6845.069255247712
3824.0,-6845.133978128433
3825.0,-6845.198701009154
3826.0,-6845.263423889875
3827.0,-6845.3281467705965
3828.0,-6845.392869651318
3829.0,-6845.457592532039
3830.0,-6845.52231541276
3831.0,-6845.587038293481
3832.0,-6845.651761174202
3833.0,-6845.716484054923
3834.0,-6845.781206935644
3835.0,-6845.845929816365
3836.0,-6845.910652697086
3837.0,-6845.975375577807
3838.0,-6846.0400984585285
3839.0,-6846.10482133925
3840.0,-6846.169544219971
3841.0,-6846.234267100692
3842.0,-6846.298989981413
3843.0,-6846.363712862134
3844.0,-6846.428435742855
3845.0,-6846.493158623576
3846.0,-6846.557881504297
3847.0,-6846.622604385018
3848.0,-6846.687327265739
3849.0,-6846.7520501464605
3850.0,-6846.816773027182
3851.0,-6846.881495907903
3852.0,-6846.946218788624
3853.0,-6847.010941669345
3854.0,-6847.075664550066
3855.0,-6847.140387430787
3856.0,-6847.205110311508
3857.0,-6847.269833192229
3858.0,-6847.33455607295
3859.0,-6847.3992789536715
3860.0,-6847.464001834393
3861.0,-6847.528724715114
3862.0,-6847.593447595835
3863.0,-6847.658170476556
3864.0,-6847.722893357277
3865.0,-6847.787616237998
3866.0,-6847.852339118719
3867.0,-6847.91706199944
3868.0,-6847.981784880161
3869.0,-6848.046507760882
3870.0,-6848.1112306416035
3871.0,-6848.175953522325
3872.0,-6848.240676403046
3873.0,-6848.305399283767
3874.0,-6848.370122164488
3875.0,-6848.434845045209
3876.0,-6848.49956792593
3877.0,-6848.564290806651
3878.0,-6848.629013687372
3879.0,-6848.693736568093
3880.0,-6848.758459448814
3881.0,-6848.8231823295355
3882.0,-6848.887905210257
3883.0,-6848.952628090978
3884.0,-6849.017350971699
3885.0,-6849.08207385242
3886.0,-6849.146796733141
3887.0,-6849.211519613862
3888.0,-6849.276242494583
3889.0,-6849.340965375304
3890.0,-6849.405688256025
3891.0,-6849.470411136746
3892.0,-6849.5351340174675
3893.0,-6849.599856898189
3894.0,-6849.66457977891
3895.0,-6849.729302659631
3896.0,-6849.794025540352
3897.0,-6849.858748421073
3898.0,-6849.923471301794
3899.0,-6849.988194182515
3900.0,-6850.052917063236
3901.0,-6850.117639943957
3902.0,-6850.182362824678
3903.0,-6850.2470857053995
3904.0,-6850.311808586121
3905.0,-6850.376531466842
3906.0,-6850.441254347563
3907.0,-6850.505977228284
3908.0,-6850.570700109005
3909.0,-6850.635422989726
3910.0,-6850.700145870447
3911.0,-6850.764868751168
3912.0,-6850.829591631889
3913.0,-6850.89431451261
3914.0,-6850.9590373933315
3915.0,-6851.023760274053
3916.0,-6851.088483154774
3917.0,-6851.153206035495
3918.0,-6851.217928916216
3919.0,-6851.282651796937
3920.0,-6851.347374677658
3921.0,-6851.412097558379
3922.0,-6851.4768204391
3923.0,-6851.541543319821
3924.0,-6851.606266200542
3925.0,-6851.6709890812635
3926.0,-6851.735711961985
3927.0,-6851.800434842706
3928.0,-6851.865157723427
3929.0,-6851.929880604148
3930.0,-6851.994603484869
3931.0,-6852.05932636559
3932.0,-6852.124049246311
3933.0,-6852.188772127032
3934.0,-6852.253495007753
3935.0,-6852.3182178884745
3936.0,-6852.382940769196
3937.0,-6852.447663649917
3938.0,-6852.512386530638
3939.0,-6852.577109411359
3940.0,-6852.64183229208
3941.0,-6852.706555172801
3942.0,-6852.771278053522
3943.0,-6852.836000934243
3944.0,-6852.900723814964
3945.0,-6852.965446695685
3946.0,-6853.0301695764065
3947.0,-6853.094892457128
3948.0,-6853.159615337849
3949.0,-6853.22433821857
3950.0,-6853.289061099291
3951.0,-6853.353783980012
3952.0,-6853.418506860733
3953.0,-6853.483229741454
3954.0,-6853.547952622175
3955.0,-6853.612675502896
3956.0,-6853.677398383617
3957.0,-6853.7421212643385
3958.0,-6853.80684414506
3959.0,-6853.871567025781
3960.0,-6853.936289906502
3961.0,-6854.001012787223
3962.0,-6854.065735667944
3963.0,-6854.130458548665
3964.0,-6854.195181429386
3965.0,-6854.259904310107
3966.0,-6854.324627190828
3967.0,-6854.389350071549
3968.0,-6854.4540729522705
3969.0,-6854.518795832992
3970.0,-6854.583518713713
3971.0,-6854.648241594434
3972.0,-6854.712964475155
3973.0,-6854.777687355876
3974.0,-6854.842410236597
3975.0,-6854.907133117318
3976.0,-6854.971855998039
3977.0,-6855.03657887876
3978.0,-6855.101301759481
3979.0,-6855.1660246402025
3980.0,-6855.230747520924
3981.0,-6855.295470401645
3982.0,-6855.360193282366
3983.0,-6855.424916163087
3984.0,-6855.489639043808
3985.0,-6855.554361924529
3986.0,-6855.61908480525
3987.0,-6855.683807685971
3988.0,-6855.748530566692
3989.0,-6855.813253447413
3990.0,-6855.8779763281345
3991.0,-6855.942699208856
3992.0,-6856.007422089577
3993.0,-6856.072144970298
3994.0,-6856.136867851019
3995.0,-6856.20159073174
3996.0,-6856.266313612461
3997.0,-6856.331036493182
3998.0,-6856.395759373903
3999.0,-6856.460482254624
4000.0,-6856.5252051353455
4001.0,-6856.589928016067
4002.0,-6856.654650896788
4003.0,-6856.719373777509
4004.0,-6856.78409665823
4005.0,-6856.848819538951
4006.0,-6856.913542419672
4007.0,-6856.978265300393
4008.0,-6857.042988181114
4009.0,-6857.107711061835
4010.0,-6857.172433942556
4011.0,-6857.2371568232775
4012.0,-6857.301879703999
4013.0,-6857.36660258472
4014.0,-6857.431325465441
4015.0,-6857.496048346162
4016.0,-6857.560771226883
4017.0,-6857.625494107604
4018.0,-6857.690216988325
4019.0,-6857.754939869046
4020.0,-6857.819662749767
4021.0,-6857.884385630488
4022.0,-6857.9491085112095
4023.0,-6858.013831391931
4024.0,-6858.078554272652
4025.0,-6858.143277153373
4026.0,-6858.208000034094
4027.0,-6858.272722914815
4028.0,-6858.337445795536
4029.0,-6858.402168676257
4030.0,-6858.466891556978
4031.0,-6858.531614437699
4032.0,-6858.59633731842
4033.0,-6858.6610601991415
4034.0,-6858.725783079863
4035.0,-6858.790505960584
4036.0,-6858.855228841305
4037.0,-6858.919951722026
4038.0,-6858.984674602747
4039.0,-6859.049397483468
4040.0,-6859.114120364189
4041.0,-6859.17884324491
4042.0,-6859.243566125631
4043.0,-6859.308289006352
4044.0,-6859.3730118870735
4045.0,-6859.437734767795
4046.0,-6859.502457648516
4047.0,-6859.567180529237
4048.0,-6859.631903409958
4049.0,-6859.696626290679
4050.0,-6859.7613491714
4051.0,-6859.826072052121
4052.0,-6859.890794932842
4053.0,-6859.955517813563
4054.0,-6860.020240694284
4055.0,-6860.0849635750055
4056.0,-6860.149686455727
4057.0,-6860.214409336448
4058.0,-6860.279132217169
4059.0,-6860.34385509789
4060.0,-6860.408577978611
4061.0,-6860.473300859332
4062.0,-6860.538023740053
4063.0,-6860.602746620774
4064.0,-6860.667469501495
4065.0,-6860.732192382216
4066.0,-6860.796915262938
4067.0,-6860.861638143659
4068.0,-6860.92636102438
4069.0,-6860.991083905101
4070.0,-6861.055806785822
4071.0,-6861.120529666543
4072.0,-6861.185252547264
4073.0,-6861.249975427985
4074.0,-6861.314698308706
4075.0,-6861.379421189427
4076.0,-6861.4441440701485
4077.0,-6861.50886695087
4078.0,-6861.573589831591
4079.0,-6861.638312712312
4080.0,-6861.703035593033
4081.0,-6861.767758473754
4082.0,-6861.832481354475
4083.0,-6861.897204235196
4084.0,-6861.961927115917
4085.0,-6862.026649996638
4086.0,-6862.091372877359
4087.0,-6862.1560957580805
4088.0,-6862.220818638802
4089.0,-6862.285541519523
4090.0,-6862.350264400244
4091.0,-6862.414987280965
4092.0,-6862.479710161686
4093.0,-6862.544433042407
4094.0,-6862.609155923128
4095.0,-6862.673878803849
4096.0,-6862.73860168457
4097.0,-6862.73535092175
4098.0,-6862.73210015893
4099.0,-6862.72884939611
4100.0,-6862.725598633289
4101.0,-6862.722347870469
4102.0,-6862.719097107649
4103.0,-6862.715846344829
4104.0,-6862.712595582008
4105.0,-6862.709344819188
4106.0,-6862.706094056368
4107.0,-6862.702843293548
4108.0,-6862.699592530727
4109.0,-6862.696341767907
4110.0,-6862.693091005087
4111.0,-6862.689840242267
4112.0,-6862.686589479446
4113.0,-6862.683338716626
4114.0,-6862.680087953806
4115.0,-6862.676837190986
4116.0,-6862.673586428165
4117.0,-6862.670335665345
4118.0,-6862.667084902525
4119.0,-6862.663834139705
4120.0,-6862.6605833768845
4121.0,-6862.657332614064
4122.0,-6862.654081851244
4123.0,-6862.650831088424
4124.0,-6862.6475803256035
4125.0,-6862.644329562783
4126.0,-6862.641078799963
4127.0,-6862.637828037143
4128.0,-6862.6345772743225
4129.0,-6862.631326511502
4130.0,-6862.628075748682
4131.0,-6862.624824985862
4132.0,-6862.6215742230415
4133.0,-6862.618323460221
4134.0,-6862.615072697401
4135.0,-6862.611821934581
4136.0,-6862.608571171761
4137.0,-6862.60532040894
4138.0,-6862.60206964612
4139.0,-6862.5988188833
4140.0,-6862.59556812048
4141.0,-6862.592317357659
4142.0,-6862.589066594839
4143.0,-6862.585815832019
4144.0,-6862.582565069199
4145.0,-6862.579314306378
4146.0,-6862.576063543558
4147.0,-6862.572812780738
4148.0,-6862.569562017918
4149.0,-6862.566311255097
4150.0,-6862.563060492277
4151.0,-6862.559809729457
4152.0,-6862.556558966637
4153.0,-6862.553308203816
4154.0,-6862.550057440996
4155.0,-6862.546806678176
4156.0,-6862.543555915356
4157.0,-6862.540305152535
4158.0,-6862.537054389715
4159.0,-6862.533803626895
4160.0,-6862.530552864075
4161.0,-6862.5273021012545
4162.0,-6862.524051338434
4163.0,-6862.520800575614
4164.0,-6862.517549812794
4165.0,-6862.5142990499735
4166.0,-6862.511048287153
4167.0,-6862.507797524333
4168.0,-6862.504546761513
4169.0,-6862.5012959986925
4170.0,-6862.498045235872
4171.0,-6862.494794473052
4172.0,-6862.491543710232
4173.0,-6862.4882929474115
4174.0,-6862.485042184591
4175.0,-6862.481791421771
4176.0,-6862.478540658951
4177.0,-6862.475289896131
4178.0,-6862.47203913331
4179.0,-6862.46878837049
4180.0,-6862.46553760767
4181.0,-6862.46228684485
4182.0,-6862.459036082029
4183.0,-6862.455785319209
4184.0,-6862.452534556389
4185.0,-6862.449283793569
4186.0,-6862.446033030748
4187.0,-6862.442782267928
4188.0,-6862.439531505108
4189.0,-6862.436280742288
4190.0,-6862.433029979467
4191.0,-6862.429779216647
4192.0,-6862.426528453827
4193.0,-6862.423277691007
4194.0,-6862.420026928186
4195.0,-6862.416776165366
4196.0,-6862.413525402546
4197.0,-6862.410274639726
4198.0,-6862.407023876905
4199.0,-6862.403773114085
4200.0,-6862.400522351265
4201.0,-6862.397271588445
4202.0,-6862.3940208256245
4203.0,-6862.390770062804
4204.0,-6862.387519299984
4205.0,-6862.384268537164
4206.0,-6862.3810177743435
4207.0,-6862.377767011523
4208.0,-6862.374516248703
4209.0,-6862.371265485883
4210.0,-6862.3680147230625
4211.0,-6862.364763960242
4212.0,-6862.361513197422
4213.0,-6862.358262434602
4214.0,-6862.3550116717815
4215.0,-6862.351760908961
4216.0,-6862.348510146141
4217.0,-6862.345259383321
4218.0,-6862.342008620501
4219.0,-6862.33875785768
4220.0,-6862.33550709486
4221.0,-6862.33225633204
4222.0,-6862.32900556922
4223.0,-6862.325754806399
4224.0,-6862.322504043579
4225.0,-6862.319253280759
4226.0,-6862.316002517939
4227.0,-6862.312751755118
4228.0,-6862.309500992298
4229.0,-6862.306250229478
4230.0,-6862.302999466658
4231.0,-6862.299748703837
4232.0,-6862.296497941017
4233.0,-6862.293247178197
4234.0,-6862.289996415377
4235.0,-6862.286745652556
4236.0,-6862.283494889736
4237.0,-6862.280244126916
4238.0,-6862.276993364096
4239.0,-6862.273742601275
4240.0,-6862.270491838455
4241.0,-6862.267241075635
4242.0,-6862.263990312815
4243.0,-6862.2607395499945
4244.0,-6862.257488787174
4245.0,-6862.254238024354
4246.0,-6862.250987261534
4247.0,-6862.2477364987135
4248.0,-6862.244485735893
4249.0,-6862.241234973073
4250.0,-6862.237984210253
4251.0,-6862.2347334474325
4252.0,-6862.231482684612
4253.0,-6862.228231921792
4254.0,-6862.224981158972
4255.0,-6862.2217303961515
4256.0,-6862.218479633331
4257.0,-6862.215228870511
4258.0,-6862.211978107691
4259.0,-6862.208727344871
4260.0,-6862.20547658205
4261.0,-6862.20222581923
4262.0,-6862.19897505641
4263.0,-6862.19572429359
4264.0,-6862.192473530769
4265.0,-6862.189222767949
4266.0,-6862.185972005129
4267.0,-6862.182721242309
4268.0,-6862.179470479488
4269.0,-6862.176219716668
4270.0,-6862.172968953848
4271.0,-6862.169718191028
4272.0,-6862.166467428207
4273.0,-6862.163216665387
4274.0,-6862.159965902567
4275.0,-6862.156715139747
4276.0,-6862.153464376926
4277.0,-6862.150213614106
4278.0,-6862.146962851286
4279.0,-6862.143712088466
4280.0,-6862.140461325645
4281.0,-6862.137210562825
4282.0,-6862.133959800005
4283.0,-6862.130709037185
4284.0,-6862.1274582743645
4285.0,-6862.124207511544
4286.0,-6862.120956748724
4287.0,-6862.117705985904
4288.0,-6862.1144552230835
4289.0,-6862.111204460263
4290.0,-6862.107953697443
4291.0,-6862.104702934623
4292.0,-6862.1014521718025
4293.0,-6862.098201408982
4294.0,-6862.094950646162
4295.0,-6862.091699883342
4296.0,-6862.088449120522
4297.0,-6862.085198357701
4298.0,-6862.081947594881
4299.0,-6862.078696832061
4300.0,-6862.075446069241
4301.0,-6862.07219530642
4302.0,-6862.0689445436
4303.0,-6862.06569378078
4304.0,-6862.06244301796
4305.0,-6862.059192255139
4306.0,-6862.055941492319
4307.0,-6862.052690729499
4308.0,-6862.049439966679
4309.0,-6862.046189203858
4310.0,-6862.042938441038
4311.0,-6862.039687678218
4312.0,-6862.036436915398
4313.0,-6862.033186152577
4314.0,-6862.029935389757
4315.0,-6862.026684626937
4316.0,-6862.023433864117
4317.0,-6862.020183101296
4318.0,-6862.016932338476
4319.0,-6862.013681575656
4320.0,-6862.010430812836
4321.0,-6862.007180050015
4322.0,-6862.003929287195
4323.0,-6862.000678524375
4324.0,-6861.997427761555
4325.0,-6861.9941769987345
4326.0,-6861.990926235914
4327.0,-6861.987675473094
4328.0,-6861.984424710274
4329.0,-6861.9811739474535
4330.0,-6861.977923184633
4331.0,-6861.974672421813
4332.0,-6861.971421658993
4333.0,-6861.9681708961725
4334.0,-6861.964920133352
4335.0,-6861.961669370532
4336.0,-6861.958418607712
4337.0,-6861.955167844892
4338.0,-6861.951917082071
4339.0,-6861.948666319251
4340.0,-6861.945415556431
4341.0,-6861.942164793611
4342.0,-6861.93891403079
4343.0,-6861.93566326797
4344.0,-6861.93241250515
4345.0,-6861.92916174233
4346.0,-6861.925910979509
4347.0,-6861.922660216689
4348.0,-6861.919409453869
4349.0,-6861.916158691049
4350.0,-6861.912907928228
4351.0,-6861.909657165408
4352.0,-6861.906406402588
4353.0,-6861.903155639768
4354.0,-6861.899904876947
4355.0,-6861.896654114127
4356.0,-6861.893403351307
4357.0,-6861.890152588487
4358.0,-6861.886901825666
4359.0,-6861.883651062846
4360.0,-6861.880400300026
4361.0,-6861.877149537206
4362.0,-6861.873898774385
4363.0,-6861.870648011565
4364.0,-6861.867397248745
4365.0,-6861.864146485925
4366.0,-6861.8608957231045
4367.0,-6861.857644960284
4368.0,-6861.854394197464
4369.0,-6861.851143434644
4370.0,-6861.8478926718235
4371.0,-6861.844641909003
4372.0,-6861.841391146183
4373.0,-6861.838140383363
4374.0,-6861.8348896205425
4375.0,-6861.831638857722
4376.0,-6861.828388094902
4377.0,-6861.825137332082
4378.0,-6861.821886569262
4379.0,-6861.818635806441
4380.0,-6861.815385043621
4381.0,-6861.812134280801
4382.0,-6861.808883517981
4383.0,-6861.80563275516
4384.0,-6861.80238199234
4385.0,-6861.79913122952
4386.0,-6861.7958804667
4387.0,-6861.792629703879
4388.0,-6861.789378941059
4389.0,-6861.786128178239
4390.0,-6861.782877415419
4391.0,-6861.779626652598
4392.0,-6861.776375889778
4393.0,-6861.773125126958
4394.0,-6861.769874364138
4395.0,-6861.766623601317
4396.0,-6861.763372838497
4397.0,-6861.760122075677
4398.0,-6861.756871312857
4399.0,-6861.753620550036
4400.0,-6861.750369787216
4401.0,-6861.747119024396
4402.0,-6861.743868261576
4403.0,-6861.7406174987555
4404.0,-6861.737366735935
4405.0,-6861.734115973115
4406.0,-6861.730865210295
4407.0,-6861.7276144474745
4408.0,-6861.724363684654
4409.0,-6861.721112921834
4410.0,-6861.717862159014
4411.0,-6861.7146113961935
4412.0,-6861.711360633373
4413.0,-6861.708109870553
4414.0,-6861.704859107733
4415.0,-6861.7016083449125
4416.0,-6861.698357582092
4417.0,-6861.695106819272
4418.0,-6861.691856056452
4419.0,-6861.688605293632
4420.0,-6861.685354530811
4421.0,-6861.682103767991
4422.0,-6861.678853005171
4423.0,-6861.675602242351
4424.0,-6861.67235147953
4425.0,-6861.66910071671
4426.0,-6861.66584995389
4427.0,-6861.66259919107
4428.0,-6861.659348428249
4429.0,-6861.656097665429
4430.0,-6861.652846902609
4431.0,-6861.649596139789
4432.0,-6861.646345376968
4433.0,-6861.643094614148
4434.0,-6861.639843851328
4435.0,-6861.636593088508
4436.0,-6861.633342325687
4437.0,-6861.630091562867
4438.0,-6861.626840800047
4439.0,-6861.623590037227
4440.0,-6861.620339274406
4441.0,-6861.617088511586
4442.0,-6861.613837748766
4443.0,-6861.610586985946
4444.0,-6861.6073362231255
4445.0,-6861.604085460305
4446.0,-6861.600834697485
4447.0,-6861.597583934665
4448.0,-6861.5943331718445
4449.0,-6861.591082409024
4450.0,-6861.587831646204
4451.0,-6861.584580883384
4452.0,-6861.5813301205635
4453.0,-6861.578079357743
4454.0,-6861.574828594923
4455.0,-6861.571577832103
4456.0,-6861.5683270692825
4457.0,-6861.565076306462
4458.0,-6861.561825543642
4459.0,-6861.558574780822
4460.0,-6861.555324018002
4461.0,-6861.552073255181
4462.0,-6861.548822492361
4463.0,-6861.545571729541
4464.0,-6861.542320966721
4465.0,-6861.5390702039
4466.0,-6861.53581944108
4467.0,-6861.53256867826
4468.0,-6861.52931791544
4469.0,-6861.526067152619
4470.0,-6861.522816389799
4471.0,-6861.519565626979
4472.0,-6861.516314864159
4473.0,-6861.513064101338
4474.0,-6861.509813338518
4475.0,-6861.506562575698
4476.0,-6861.503311812878
4477.0,-6861.500061050057
4478.0,-6861.496810287237
4479.0,-6861.493559524417
4480.0,-6861.490308761597
4481.0,-6861.487057998776
4482.0,-6861.483807235956
4483.0,-6861.480556473136
4484.0,-6861.477305710316
4485.0,-6861.4740549474955
4486.0,-6861.470804184675
4487.0,-6861.467553421855
4488.0,-6861.464302659035
4489.0,-6861.4610518962145
4490.0,-6861.457801133394
4491.0,-6861.454550370574
4492.0,-6861.451299607754
4493.0,-6861.4480488449335
4494.0,-6861.444798082113
4495.0,-6861.441547319293
4496.0,-6861.438296556473
4497.0,-6861.4350457936525
4498.0,-6861.431795030832
4499.0,-6861.428544268012
4500.0,-6861.425293505192
4501.0,-6861.422042742372
4502.0,-6861.418791979551
4503.0,-6861.415541216731
4504.0,-6861.412290453911
4505.0,-6861.409039691091
4506.0,-6861.40578892827
4507.0,-6861.40253816545
4508.0,-6861.39928740263
4509.0,-6861.39603663981
4510.0,-6861.392785876989
4511.0,-6861.389535114169
4512.0,-6861.386284351349
4513.0,-6861.383033588529
4514.0,-6861.379782825708
4515.0,-6861.376532062888
4516.0,-6861.373281300068
4517.0,-6861.370030537248
4518.0,-6861.366779774427
4519.0,-6861.363529011607
4520.0,-6861.360278248787
4521.0,-6861.357027485967
4522.0,-6861.353776723146
4523.0,-6861.350525960326
4524.0,-6861.347275197506
4525.0,-6861.344024434686
4526.0,-6861.3407736718655
4527.0,-6861.337522909045
4528.0,-6861.334272146225
4529.0,-6861.331021383405
4530.0,-6861.3277706205845
4531.0,-6861.324519857764
4532.0,-6861.321269094944
4533.0,-6861.318018332124
4534.0,-6861.3147675693035
4535.0,-6861.311516806483
4536.0,-6861.308266043663
4537.0,-6861.305015280843
4538.0,-6861.3017645180225
4539.0,-6861.298513755202
4540.0,-6861.295262992382
4541.0,-6861.292012229562
4542.0,-6861.288761466742
4543.0,-6861.285510703921
4544.0,-6861.282259941101
4545.0,-6861.279009178281
4546.0,-6861.275758415461
4547.0,-6861.27250765264
4548.0,-6861.26925688982
4549.0,-6861.266006127
4550.0,-6861.26275536418
4551.0,-6861.259504601359
4552.0,-6861.256253838539
4553.0,-6861.253003075719
4554.0,-6861.249752312899
4555.0,-6861.246501550078
4556.0,-6861.243250787258
4557.0,-6861.240000024438
4558.0,-6861.236749261618
4559.0,-6861.233498498797
4560.0,-6861.230247735977
4561.0,-6861.226996973157
4562.0,-6861.223746210337
4563.0,-6861.220495447516
4564.0,-6861.217244684696
4565.0,-6861.213993921876
4566.0,-6861.210743159056
4567.0,-6861.2074923962355
4568.0,-6861.204241633415
4569.0,-6861.200990870595
4570.0,-6861.197740107775
4571.0,-6861.1944893449545
4572.0,-6861.191238582134
4573.0,-6861.187987819314
4574.0,-6861.184737056494
4575.0,-6861.1814862936735
4576.0,-6861.178235530853
4577.0,-6861.174984768033
4578.0,-6861.171734005213
4579.0,-6861.1684832423925
4580.0,-6861.165232479572
4581.0,-6861.161981716752
4582.0,-6861.158730953932
4583.0,-6861.155480191112
4584.0,-6861.152229428291
4585.0,-6861.148978665471
4586.0,-6861.145727902651
4587.0,-6861.142477139831
4588.0,-6861.13922637701
4589.0,-6861.13597561419
4590.0,-6861.13272485137
4591.0,-6861.12947408855
4592.0,-6861.126223325729
4593.0,-6861.122972562909
4594.0,-6861.119721800089
4595.0,-6861.116471037269
4596.0,-6861.113220274448
4597.0,-6861.109969511628
4598.0,-6861.106718748808
4599.0,-6861.103467985988
4600.0,-6861.100217223167
4601.0,-6861.096966460347
4602.0,-6861.093715697527
4603.0,-6861.090464934707
4604.0,-6861.087214171886
4605.0,-6861.083963409066
4606.0,-6861.080712646246
4607.0,-6861.077461883426
4608.0,-6861.0742111206055
4609.0,-6861.070960357785
4610.0,-6861.067709594965
4611.0,-6861.064458832145
4612.0,-6861.0612080693245
4613.0,-6861.057957306504
4614.0,-6861.054706543684
4615.0,-6861.051455780864
4616.0,-6861.0482050180435
4617.0,-6861.044954255223
4618.0,-6861.041703492403
4619.0,-6861.038452729583
4620.0,-6861.0352019667625
4621.0,-6861.031951203942
4622.0,-6861.028700441122
4623.0,-6861.025449678302
4624.0,-6861.022198915482
4625.0,-6861.018948152661
4626.0,-6861.015697389841
4627.0,-6861.012446627021
4628.0,-6861.009195864201
4629.0,-6861.00594510138
4630.0,-6861.00269433856
4631.0,-6860.99944357574
4632.0,-6860.99619281292
4633.0,-6860.992942050099
4634.0,-6860.989691287279
4635.0,-6860.986440524459
4636.0,-6860.983189761639
4637.0,-6860.979938998818
4638.0,-6860.976688235998
4639.0,-6860.973437473178
4640.0,-6860.970186710358
4641.0,-6860.966935947537
4642.0,-6860.963685184717
4643.0,-6860.960434421897
4644.0,-6860.957183659077
4645.0,-6860.953932896256
4646.0,-6860.950682133436
4647.0,-6860.947431370616
4648.0,-6860.944180607796
4649.0,-6860.9409298449755
4650.0,-6860.937679082155
4651.0,-6860.934428319335
4652.0,-6860.931177556515
4653.0,-6860.9279267936945
4654.0,-6860.924676030874
4655.0,-6860.921425268054
4656.0,-6860.918174505234
4657.0,-6860.9149237424135
4658.0,-6860.911672979593
4659.0,-6860.908422216773
4660.0,-6860.905171453953
4661.0,-6860.901920691133
4662.0,-6860.898669928312
4663.0,-6860.895419165492
4664.0,-6860.892168402672
4665.0,-6860.888917639852
4666.0,-6860.885666877031
4667.0,-6860.882416114211
4668.0,-6860.879165351391
4669.0,-6860.875914588571
4670.0,-6860.87266382575
4671.0,-6860.86941306293
4672.0,-6860.86616230011
4673.0,-6860.86291153729
4674.0,-6860.859660774469
4675.0,-6860.856410011649
4676.0,-6860.853159248829
4677.0,-6860.849908486009
4678.0,-6860.846657723188
4679.0,-6860.843406960368
4680.0,-6860.840156197548
4681.0,-6860.836905434728
4682.0,-6860.833654671907
4683.0,-6860.830403909087
4684.0,-6860.827153146267
4685.0,-6860.823902383447
4686.0,-6860.820651620626
4687.0,-6860.817400857806
4688.0,-6860.814150094986
4689.0,-6860.810899332166
4690.0,-6860.8076485693455
4691.0,-6860.804397806525
4692.0,-6860.801147043705
4693.0,-6860.797896280885
4694.0,-6860.7946455180645
4695.0,-6860.791394755244
4696.0,-6860.788143992424
4697.0,-6860.784893229604
4698.0,-6860.7816424667835
4699.0,-6860.778391703963
4700.0,-6860.775140941143
4701.0,-6860.771890178323
4702.0,-6860.768639415503
4703.0,-6860.765388652682
4704.0,-6860.762137889862
4705.0,-6860.758887127042
4706.0,-6860.755636364222
4707.0,-6860.752385601401
4708.0,-6860.749134838581
4709.0,-6860.745884075761
4710.0,-6860.742633312941
4711.0,-6860.73938255012
4712.0,-6860.7361317873
4713.0,-6860.73288102448
4714.0,-6860.72963026166
4715.0,-6860.726379498839
4716.0,-6860.723128736019
4717.0,-6860.719877973199
4718.0,-6860.716627210379
4719.0,-6860.713376447558
4720.0,-6860.710125684738
4721.0,-6860.706874921918
4722.0,-6860.703624159098
4723.0,-6860.700373396277
4724.0,-6860.697122633457
4725.0,-6860.693871870637
4726.0,-6860.690621107817
4727.0,-6860.687370344996
4728.0,-6860.684119582176
4729.0,-6860.680868819356
4730.0,-6860.677618056536
4731.0,-6860.6743672937155
4732.0,-6860.671116530895
4733.0,-6860.667865768075
4734.0,-6860.664615005255
4735.0,-6860.6613642424345
4736.0,-6860.658113479614
4737.0,-6860.654862716794
4738.0,-6860.651611953974
4739.0,-6860.6483611911535
4740.0,-6860.645110428333
4741.0,-6860.641859665513
4742.0,-6860.638608902693
4743.0,-6860.635358139873
4744.0,-6860.632107377052
4745.0,-6860.628856614232
4746.0,-6860.625605851412
4747.0,-6860.622355088592
4748.0,-6860.619104325771
4749.0,-6860.615853562951
4750.0,-6860.612602800131
4751.0,-6860.609352037311
4752.0,-6860.60610127449
4753.0,-6860.60285051167
4754.0,-6860.59959974885
4755.0,-6860.59634898603
4756.0,-6860.593098223209
4757.0,-6860.589847460389
4758.0,-6860.586596697569
4759.0,-6860.583345934749
4760.0,-6860.580095171928
4761.0,-6860.576844409108
4762.0,-6860.573593646288
4763.0,-6860.570342883468
4764.0,-6860.567092120647
4765.0,-6860.563841357827
4766.0,-6860.560590595007
4767.0,-6860.557339832187
4768.0,-6860.5540890693665
4769.0,-6860.550838306546
4770.0,-6860.547587543726
4771.0,-6860.544336780906
4772.0,-6860.5410860180855
4773.0,-6860.537835255265
4774.0,-6860.534584492445
4775.0,-6860.531333729625
4776.0,-6860.5280829668045
4777.0,-6860.524832203984
4778.0,-6860.521581441164
4779.0,-6860.518330678344
4780.0,-6860.5150799155235
4781.0,-6860.511829152703
4782.0,-6860.508578389883
4783.0,-6860.505327627063
4784.0,-6860.502076864243
4785.0,-6860.498826101422
4786.0,-6860.495575338602
4787.0,-6860.492324575782
4788.0,-6860.489073812962
4789.0,-6860.485823050141
4790.0,-6860.482572287321
4791.0,-6860.479321524501
4792.0,-6860.476070761681
4793.0,-6860.47281999886
4794.0,-6860.46956923604
4795.0,-6860.46631847322
4796.0,-6860.4630677104
4797.0,-6860.459816947579
4798.0,-6860.456566184759
4799.0,-6860.453315421939
4800.0,-6860.450064659119
4801.0,-6860.446813896298
4802.0,-6860.443563133478
4803.0,-6860.440312370658
4804.0,-6860.437061607838
4805.0,-6860.433810845017
4806.0,-6860.430560082197
4807.0,-6860.427309319377
4808.0,-6860.424058556557
4809.0,-6860.4208077937365
4810.0,-6860.417557030916
4811.0,-6860.414306268096
4812.0,-6860.411055505276
4813.0,-6860.4078047424555
4814.0,-6860.404553979635
4815.0,-6860.401303216815
4816.0,-6860.398052453995
4817.0,-6860.3948016911745
4818.0,-6860.391550928354
4819.0,-6860.388300165534
4820.0,-6860.385049402714
4821.0,-6860.3817986398935
4822.0,-6860.378547877073
4823.0,-6860.375297114253
4824.0,-6860.372046351433
4825.0,-6860.368795588613
4826.0,-6860.365544825792
4827.0,-6860.362294062972
4828.0,-6860.359043300152
4829.0,-6860.355792537332
4830.0,-6860.352541774511
4831.0,-6860.349291011691
4832.0,-6860.346040248871
4833.0,-6860.342789486051
4834.0,-6860.33953872323
4835.0,-6860.33628796041
4836.0,-6860.33303719759
4837.0,-6860.32978643477
4838.0,-6860.326535671949
4839.0,-6860.323284909129
4840.0,-6860.320034146309
4841.0,-6860.316783383489
4842.0,-6860.313532620668
4843.0,-6860.310281857848
4844.0,-6860.307031095028
4845.0,-6860.303780332208
4846.0,-6860.300529569387
4847.0,-6860.297278806567
4848.0,-6860.294028043747
4849.0,-6860.290777280927
4850.0,-6860.2875265181065
4851.0,-6860.284275755286
4852.0,-6860.281024992466
4853.0,-6860.277774229646
4854.0,-6860.2745234668255
4855.0,-6860.271272704005
4856.0,-6860.268021941185
4857.0,-6860.264771178365
4858.0,-6860.2615204155445
4859.0,-6860.258269652724
4860.0,-6860.255018889904
4861.0,-6860.251768127084
4862.0,-6860.2485173642635
4863.0,-6860.245266601443
4864.0,-6860.242015838623
4865.0,-6860.238765075803
4866.0,-6860.235514312983
4867.0,-6860.232263550162
4868.0,-6860.229012787342
4869.0,-6860.225762024522
4870.0,-6860.222511261702
4871.0,-6860.219260498881
4872.0,-6860.216009736061
4873.0,-6860.212758973241
4874.0,-6860.209508210421
4875.0,-6860.2062574476
4876.0,-6860.20300668478
4877.0,-6860.19975592196
4878.0,-6860.19650515914
4879.0,-6860.193254396319
4880.0,-6860.190003633499
4881.0,-6860.186752870679
4882.0,-6860.183502107859
4883.0,-6860.180251345038
4884.0,-6860.177000582218
4885.0,-6860.173749819398
4886.0,-6860.170499056578
4887.0,-6860.167248293757
4888.0,-6860.163997530937
4889.0,-6860.160746768117
4890.0,-6860.157496005297
4891.0,-6860.1542452424765
4892.0,-6860.150994479656
4893.0,-6860.147743716836
4894.0,-6860.144492954016
4895.0,-6860.1412421911955
4896.0,-6860.137991428375
4897.0,-6860.134740665555
4898.0,-6860.131489902735
4899.0,-6860.1282391399145
4900.0,-6860.124988377094
4901.0,-6860.121737614274
4902.0,-6860.118486851454
4903.0,-6860.1152360886335
4904.0,-6860.111985325813
4905.0,-6860.108734562993
4906.0,-6860.105483800173
4907.0,-6860.102233037353
4908.0,-6860.098982274532
4909.0,-6860.095731511712
4910.0,-6860.092480748892
4911.0,-6860.089229986072
4912.0,-6860.085979223251
4913.0,-6860.082728460431
4914.0,-6860.079477697611
4915.0,-6860.076226934791
4916.0,-6860.07297617197
4917.0,-6860.06972540915
4918.0,-6860.06647464633
4919.0,-6860.06322388351
4920.0,-6860.059973120689
4921.0,-6860.056722357869
4922.0,-6860.053471595049
4923.0,-6860.050220832229
4924.0,-6860.046970069408
4925.0,-6860.043719306588
4926.0,-6860.040468543768
4927.0,-6860.037217780948
4928.0,-6860.033967018127
4929.0,-6860.030716255307
4930.0,-6860.027465492487
4931.0,-6860.024214729667
4932.0,-6860.0209639668465
4933.0,-6860.017713204026
4934.0,-6860.014462441206
4935.0,-6860.011211678386
4936.0,-6860.0079609155655
4937.0,-6860.004710152745
4938.0,-6860.001459389925
4939.0,-6859.998208627105
4940.0,-6859.9949578642845
4941.0,-6859.991707101464
4942.0,-6859.988456338644
4943.0,-6859.985205575824
4944.0,-6859.9819548130035
4945.0,-6859.978704050183
4946.0,-6859.975453287363
4947.0,-6859.972202524543
4948.0,-6859.968951761723
4949.0,-6859.965700998902
4950.0,-6859.962450236082
4951.0,-6859.959199473262
4952.0,-6859.955948710442
4953.0,-6859.952697947621
4954.0,-6859.949447184801
4955.0,-6859.946196421981
4956.0,-6859.942945659161
4957.0,-6859.93969489634
4958.0,-6859.93644413352
4959.0,-6859.9331933707
4960.0,-6859.92994260788
4961.0,-6859.926691845059
4962.0,-6859.923441082239
4963.0,-6859.920190319419
4964.0,-6859.916939556599
4965.0,-6859.913688793778
4966.0,-6859.910438030958
4967.0,-6859.907187268138
4968.0,-6859.903936505318
4969.0,-6859.900685742497
4970.0,-6859.897434979677
4971.0,-6859.894184216857
4972.0,-6859.890933454037
4973.0,-6859.8876826912165
4974.0,-6859.884431928396
4975.0,-6859.881181165576
4976.0,-6859.877930402756
4977.0,-6859.8746796399355
4978.0,-6859.871428877115
4979.0,-6859.868178114295
4980.0,-6859.864927351475
4981.0,-6859.8616765886545
4982.0,-6859.858425825834
4983.0,-6859.855175063014
4984.0,-6859.851924300194
4985.0,-6859.8486735373735
4986.0,-6859.845422774553
4987.0,-6859.842172011733
4988.0,-6859.838921248913
4989.0,-6859.835670486093
4990.0,-6859.832419723272
4991.0,-6859.829168960452
4992.0,-6859.825918197632
4993.0,-6859.822667434812
4994.0,-6859.819416671991
4995.0,-6859.816165909171
4996.0,-6859.812915146351
4997.0,-6859.809664383531
4998.0,-6859.80641362071
4999.0,-6859.80316285789
5000.0,-6859.79991209507
5001.0,-6859.79666133225
5002.0,-6859.793410569429
5003.0,-6859.790159806609
5004.0,-6859.786909043789
5005.0,-6859.783658280969
5006.0,-6859.780407518148
5007.0,-6859.777156755328
5008.0,-6859.773905992508
5009.0,-6859.770655229688
5010.0,-6859.767404466867
5011.0,-6859.764153704047
5012.0,-6859.760902941227
5013.0,-6859.757652178407
5014.0,-6859.7544014155865
5015.0,-6859.751150652766
5016.0,-6859.747899889946
5017.0,-6859.744649127126
5018.0,-6859.7413983643055
5019.0,-6859.738147601485
5020.0,-6859.734896838665
5021.0,-6859.731646075845
5022.0,-6859.7283953130245
5023.0,-6859.725144550204
5024.0,-6859.721893787384
5025.0,-6859.718643024564
5026.0,-6859.715392261744
5027.0,-6859.712141498923
5028.0,-6859.708890736103
5029.0,-6859.705639973283
5030.0,-6859.702389210463
5031.0,-6859.699138447642
5032.0,-6859.695887684822
5033.0,-6859.692636922002
5034.0,-6859.689386159182
5035.0,-6859.686135396361
5036.0,-6859.682884633541
5037.0,-6859.679633870721
5038.0,-6859.676383107901
5039.0,-6859.67313234508
5040.0,-6859.66988158226
5041.0,-6859.66663081944
5042.0,-6859.66338005662
5043.0,-6859.660129293799
5044.0,-6859.656878530979
5045.0,-6859.653627768159
5046.0,-6859.650377005339
5047.0,-6859.647126242518
5048.0,-6859.643875479698
5049.0,-6859.640624716878
5050.0,-6859.637373954058
5051.0,-6859.634123191237
5052.0,-6859.630872428417
5053.0,-6859.627621665597
5054.0,-6859.624370902777
5055.0,-6859.6211201399565
5056.0,-6859.617869377136
5057.0,-6859.614618614316
5058.0,-6859.611367851496
5059.0,-6859.6081170886755
5060.0,-6859.604866325855
5061.0,-6859.601615563035
5062.0,-6859.598364800215
5063.0,-6859.5951140373945
5064.0,-6859.591863274574
5065.0,-6859.588612511754
5066.0,-6859.585361748934
5067.0,-6859.582110986114
5068.0,-6859.578860223293
5069.0,-6859.575609460473
5070.0,-6859.572358697653
5071.0,-6859.569107934833
5072.0,-6859.565857172012
5073.0,-6859.562606409192
5074.0,-6859.559355646372
5075.0,-6859.556104883552
5076.0,-6859.552854120731
5077.0,-6859.549603357911
5078.0,-6859.546352595091
5079.0,-6859.543101832271
5080.0,-6859.53985106945
5081.0,-6859.53660030663
5082.0,-6859.53334954381
5083.0,-6859.53009878099
5084.0,-6859.526848018169
5085.0,-6859.523597255349
5086.0,-6859.520346492529
5087.0,-6859.517095729709
5088.0,-6859.513844966888
5089.0,-6859.510594204068
5090.0,-6859.507343441248
5091.0,-6859.504092678428
5092.0,-6859.500841915607
5093.0,-6859.497591152787
5094.0,-6859.494340389967
5095.0,-6859.491089627147
5096.0,-6859.4878388643265
5097.0,-6859.484588101506
5098.0,-6859.481337338686
5099.0,-6859.478086575866
5100.0,-6859.4748358130455
5101.0,-6859.471585050225
5102.0,-6859.468334287405
5103.0,-6859.465083524585
5104.0,-6859.4618327617645
5105.0,-6859.458581998944
5106.0,-6859.455331236124
5107.0,-6859.452080473304
5108.0,-6859.448829710484
5109.0,-6859.445578947663
5110.0,-6859.442328184843
5111.0,-6859.439077422023
5112.0,-6859.435826659203
5113.0,-6859.432575896382
5114.0,-6859.429325133562
5115.0,-6859.426074370742
5116.0,-6859.422823607922
5117.0,-6859.419572845101
5118.0,-6859.416322082281
5119.0,-6859.413071319461
5120.0,-6859.409820556641
5121.0,-6859.394799093406
5122.0,-6859.37977763017
5123.0,-6859.364756166935
5124.0,-6859.3497347037
5125.0,-6859.334713240464
5126.0,-6859.319691777229
5127.0,-6859.304670313994
5128.0,-6859.289648850759
5129.0,-6859.274627387524
5130.0,-6859.259605924289
5131.0,-6859.244584461053
5132.0,-6859.229562997818
5133.0,-6859.214541534583
5134.0,-6859.199520071347
5135.0,-6859.184498608112
5136.0,-6859.169477144877
5137.0,-6859.154455681642
5138.0,-6859.139434218407
5139.0,-6859.124412755172
5140.0,-6859.109391291936
5141.0,-6859.094369828701
5142.0,-6859.079348365466
5143.0,-6859.06432690223
5144.0,-6859.049305438995
5145.0,-6859.03428397576
5146.0,-6859.019262512525
5147.0,-6859.00424104929
5148.0,-6858.989219586055
5149.0,-6858.974198122819
5150.0,-6858.959176659584
5151.0,-6858.944155196349
5152.0,-6858.929133733113
5153.0,-6858.914112269878
5154.0,-6858.8990908066435
5155.0,-6858.884069343408
5156.0,-6858.869047880173
5157.0,-6858.854026416938
5158.0,-6858.839004953702
5159.0,-6858.823983490467
5160.0,-6858.808962027232
5161.0,-6858.793940563996
5162.0,-6858.778919100761
5163.0,-6858.7638976375265
5164.0,-6858.748876174291
5165.0,-6858.733854711056
5166.0,-6858.718833247821
5167.0,-6858.703811784585
5168.0,-6858.68879032135
5169.0,-6858.673768858115
5170.0,-6858.658747394879
5171.0,-6858.643725931644
5172.0,-6858.6287044684095
5173.0,-6858.613683005174
5174.0,-6858.598661541939
5175.0,-6858.583640078704
5176.0,-6858.568618615468
5177.0,-6858.553597152233
5178.0,-6858.538575688998
5179.0,-6858.523554225762
5180.0,-6858.5085327625275
5181.0,-6858.493511299293
5182.0,-6858.478489836057
5183.0,-6858.463468372822
5184.0,-6858.448446909587
5185.0,-6858.433425446351
5186.0,-6858.418403983116
5187.0,-6858.403382519881
5188.0,-6858.388361056645
5189.0,-6858.3733395934105
5190.0,-6858.358318130176
5191.0,-6858.34329666694
5192.0,-6858.328275203705
5193.0,-6858.31325374047
5194.0,-6858.298232277234
5195.0,-6858.283210813999
5196.0,-6858.268189350764
5197.0,-6858.253167887528
5198.0,-6858.2381464242935
5199.0,-6858.223124961059
5200.0,-6858.208103497823
5201.0,-6858.193082034588
5202.0,-6858.178060571353
5203.0,-6858.163039108117
5204.0,-6858.148017644882
5205.0,-6858.132996181647
5206.0,-6858.1179747184115
5207.0,-6858.1029532551765
5208.0,-6858.087931791942
5209.0,-6858.072910328706
5210.0,-6858.057888865471
5211.0,-6858.042867402236
5212.0,-6858.027845939
5213.0,-6858.012824475765
5214.0,-6857.99780301253
5215.0,-6857.9827815492945
5216.0,-6857.96776008606
5217.0,-6857.952738622825
5218.0,-6857.937717159589
5219.0,-6857.922695696354
5220.0,-6857.907674233119
5221.0,-6857.892652769883
5222.0,-6857.877631306648
5223.0,-6857.862609843413
5224.0,-6857.8475883801775
5225.0,-6857.832566916943
5226.0,-6857.817545453708
5227.0,-6857.802523990472
5228.0,-6857.787502527237
5229.0,-6857.772481064002
5230.0,-6857.757459600766
5231.0,-6857.742438137531
5232.0,-6857.727416674296
5233.0,-6857.7123952110605
5234.0,-6857.697373747826
5235.0,-6857.682352284591
5236.0,-6857.667330821355
5237.0,-6857.65230935812
5238.0,-6857.637287894885
5239.0,-6857.622266431649
5240.0,-6857.607244968414
5241.0,-6857.592223505179
5242.0,-6857.577202041944
5243.0,-6857.562180578709
5244.0,-6857.547159115474
5245.0,-6857.532137652238
5246.0,-6857.517116189003
5247.0,-6857.502094725768
5248.0,-6857.487073262532
5249.0,-6857.472051799297
5250.0,-6857.457030336062
5251.0,-6857.442008872827
5252.0,-6857.426987409592
5253.0,-6857.411965946357
5254.0,-6857.396944483121
5255.0,-6857.381923019886
5256.0,-6857.366901556651
5257.0,-6857.351880093415
5258.0,-6857.33685863018
5259.0,-6857.321837166945
5260.0,-6857.30681570371
5261.0,-6857.291794240475
5262.0,-6857.27677277724
5263.0,-6857.261751314004
5264.0,-6857.246729850769
5265.0,-6857.231708387534
5266.0,-6857.216686924298
5267.0,-6857.201665461063
5268.0,-6857.1866439978285
5269.0,-6857.171622534593
5270.0,-6857.156601071358
5271.0,-6857.141579608123
5272.0,-6857.126558144887
5273.0,-6857.111536681652
5274.0,-6857.096515218417
5275.0,-6857.081493755181
5276.0,-6857.066472291946
5277.0,-6857.0514508287115
5278.0,-6857.036429365476
5279.0,-6857.021407902241
5280.0,-6857.006386439006
5281.0,-6856.99136497577
5282.0,-6856.976343512535
5283.0,-6856.9613220493
5284.0,-6856.946300586064
5285.0,-6856.931279122829
5286.0,-6856.9162576595945
5287.0,-6856.901236196359
5288.0,-6856.886214733124
5289.0,-6856.871193269889
5290.0,-6856.856171806653
5291.0,-6856.841150343418
5292.0,-6856.826128880183
5293.0,-6856.811107416947
5294.0,-6856.7960859537125
5295.0,-6856.781064490478
5296.0,-6856.766043027242
5297.0,-6856.751021564007
5298.0,-6856.736000100772
5299.0,-6856.720978637536
5300.0,-6856.705957174301
5301.0,-6856.690935711066
5302.0,-6856.67591424783
5303.0,-6856.6608927845955
5304.0,-6856.645871321361
5305.0,-6856.630849858125
5306.0,-6856.61582839489
5307.0,-6856.600806931655
5308.0,-6856.585785468419
5309.0,-6856.570764005184
5310.0,-6856.555742541949
5311.0,-6856.540721078713
5312.0,-6856.5256996154785
5313.0,-6856.510678152244
5314.0,-6856.495656689008
5315.0,-6856.480635225773
5316.0,-6856.465613762538
5317.0,-6856.450592299302
5318.0,-6856.435570836067
5319.0,-6856.420549372832
5320.0,-6856.4055279095965
5321.0,-6856.3905064463615
5322.0,-6856.375484983127
5323.0,-6856.360463519891
5324.0,-6856.345442056656
5325.0,-6856.330420593421
5326.0,-6856.315399130185
5327.0,-6856.30037766695
5328.0,-6856.285356203715
5329.0,-6856.2703347404795
5330.0,-6856.255313277245
5331.0,-6856.24029181401
5332.0,-6856.225270350774
5333.0,-6856.210248887539
5334.0,-6856.195227424304
5335.0,-6856.180205961068
5336.0,-6856.165184497833
5337.0,-6856.150163034598
5338.0,-6856.1351415713625
5339.0,-6856.120120108128
5340.0,-6856.105098644893
5341.0,-6856.090077181657
5342.0,-6856.075055718422
5343.0,-6856.060034255187
5344.0,-6856.045012791951
5345.0,-6856.029991328716
5346.0,-6856.014969865481
5347.0,-6855.9999484022455
5348.0,-6855.984926939011
5349.0,-6855.969905475776
5350.0,-6855.95488401254
5351.0,-6855.939862549305
5352.0,-6855.92484108607
5353.0,-6855.909819622834
5354.0,-6855.894798159599
5355.0,-6855.879776696364
5356.0,-6855.864755233129
5357.0,-6855.849733769894
5358.0,-6855.834712306659
5359.0,-6855.819690843423
5360.0,-6855.804669380188
5361.0,-6855.789647916953
5362.0,-6855.774626453717
5363.0,-6855.759604990482
5364.0,-6855.744583527247
5365.0,-6855.729562064012
5366.0,-6855.714540600777
5367.0,-6855.699519137542
5368.0,-6855.684497674306
5369.0,-6855.669476211071
5370.0,-6855.654454747836
5371.0,-6855.6394332846
5372.0,-6855.624411821365
5373.0,-6855.60939035813
5374.0,-6855.594368894895
5375.0,-6855.57934743166
5376.0,-6855.564325968425
5377.0,-6855.549304505189
5378.0,-6855.534283041954
5379.0,-6855.519261578719
5380.0,-6855.504240115483
5381.0,-6855.489218652248
5382.0,-6855.4741971890135
5383.0,-6855.459175725778
5384.0,-6855.444154262543
5385.0,-6855.429132799308
5386.0,-6855.414111336072
5387.0,-6855.399089872837
5388.0,-6855.384068409602
5389.0,-6855.369046946366
5390.0,-6855.354025483131
5391.0,-6855.3390040198965
5392.0,-6855.323982556661
5393.0,-6855.308961093426
5394.0,-6855.293939630191
5395.0,-6855.278918166955
5396.0,-6855.26389670372
5397.0,-6855.248875240485
5398.0,-6855.233853777249
5399.0,-6855.218832314014
5400.0,-6855.2038108507795
5401.0,-6855.188789387544
5402.0,-6855.173767924309
5403.0,-6855.158746461074
5404.0,-6855.143724997838
5405.0,-6855.128703534603
5406.0,-6855.113682071368
5407.0,-6855.098660608132
5408.0,-6855.0836391448975
5409.0,-6855.0686176816625
5410.0,-6855.053596218427
5411.0,-6855.038574755192
5412.0,-6855.023553291957
5413.0,-6855.008531828721
5414.0,-6854.993510365486
5415.0,-6854.978488902251
5416.0,-6854.963467439015
5417.0,-6854.9484459757805
5418.0,-6854.933424512546
5419.0,-6854.91840304931
5420.0,-6854.903381586075
5421.0,-6854.88836012284
5422.0,-6854.873338659604
5423.0,-6854.858317196369
5424.0,-6854.843295733134
5425.0,-6854.828274269898
5426.0,-6854.8132528066635
5427.0,-6854.798231343429
5428.0,-6854.783209880193
5429.0,-6854.768188416958
5430.0,-6854.753166953723
5431.0,-6854.738145490487
5432.0,-6854.723124027252
5433.0,-6854.708102564017
5434.0,-6854.6930811007815
5435.0,-6854.6780596375465
5436.0,-6854.663038174312
5437.0,-6854.648016711076
5438.0,-6854.632995247841
5439.0,-6854.617973784606
5440.0,-6854.60295232137
5441.0,-6854.587930858135
5442.0,-6854.5729093949
5443.0,-6854.5578879316645
5444.0,-6854.54286646843
5445.0,-6854.527845005195
5446.0,-6854.512823541959
5447.0,-6854.497802078724
5448.0,-6854.482780615489
5449.0,-6854.467759152253
5450.0,-6854.452737689018
5451.0,-6854.437716225783
5452.0,-6854.4226947625475
5453.0,-6854.407673299313
5454.0,-6854.392651836078
5455.0,-6854.377630372842
5456.0,-6854.362608909607
5457.0,-6854.347587446372
5458.0,-6854.332565983136
5459.0,-6854.317544519901
5460.0,-6854.302523056666
5461.0,-6854.2875015934305
5462.0,-6854.272480130196
5463.0,-6854.257458666961
5464.0,-6854.242437203725
5465.0,-6854.22741574049
5466.0,-6854.212394277255
5467.0,-6854.197372814019
5468.0,-6854.182351350784
5469.0,-6854.167329887549
5470.0,-6854.152308424314
5471.0,-6854.137286961079
5472.0,-6854.122265497844
5473.0,-6854.107244034608
5474.0,-6854.092222571373
5475.0,-6854.077201108138
5476.0,-6854.062179644902
5477.0,-6854.047158181667
5478.0,-6854.032136718432
5479.0,-6854.017115255197
5480.0,-6854.002093791962
5481.0,-6853.987072328727
5482.0,-6853.972050865491
5483.0,-6853.957029402256
5484.0,-6853.942007939021
5485.0,-6853.926986475785
5486.0,-6853.91196501255
5487.0,-6853.896943549315
5488.0,-6853.88192208608
5489.0,-6853.866900622845
5490.0,-6853.85187915961
5491.0,-6853.836857696374
5492.0,-6853.821836233139
5493.0,-6853.806814769904
5494.0,-6853.791793306668
5495.0,-6853.776771843433
5496.0,-6853.7617503801985
5497.0,-6853.746728916963
5498.0,-6853.731707453728
5499.0,-6853.716685990493
5500.0,-6853.701664527257
5501.0,-6853.686643064022
5502.0,-6853.671621600787
5503.0,-6853.656600137551
5504.0,-6853.641578674316
5505.0,-6853.6265572110815
5506.0,-6853.611535747846
5507.0,-6853.596514284611
5508.0,-6853.581492821376
5509.0,-6853.56647135814
5510.0,-6853.551449894905
5511.0,-6853.53642843167
5512.0,-6853.521406968434
5513.0,-6853.506385505199
5514.0,-6853.4913640419645
5515.0,-6853.476342578729
5516.0,-6853.461321115494
5517.0,-6853.446299652259
5518.0,-6853.431278189023
5519.0,-6853.416256725788
5520.0,-6853.401235262553
5521.0,-6853.386213799317
5522.0,-6853.3711923360825
5523.0,-6853.3561708728475
5524.0,-6853.341149409612
5525.0,-6853.326127946377
5526.0,-6853.311106483142
5527.0,-6853.296085019906
5528.0,-6853.281063556671
5529.0,-6853.266042093436
5530.0,-6853.2510206302
5531.0,-6853.2359991669655
5532.0,-6853.220977703731
5533.0,-6853.205956240495
5534.0,-6853.19093477726
5535.0,-6853.175913314025
5536.0,-6853.160891850789
5537.0,-6853.145870387554
5538.0,-6853.130848924319
5539.0,-6853.115827461083
5540.0,-6853.1008059978485
5541.0,-6853.085784534614
5542.0,-6853.070763071378
5543.0,-6853.055741608143
5544.0,-6853.040720144908
5545.0,-6853.025698681672
5546.0,-6853.010677218437
5547.0,-6852.995655755202
5548.0,-6852.980634291966
5549.0,-6852.9656128287315
5550.0,-6852.950591365497
5551.0,-6852.935569902261
5552.0,-6852.920548439026
5553.0,-6852.905526975791
5554.0,-6852.890505512555
5555.0,-6852.87548404932
5556.0,-6852.860462586085
5557.0,-6852.8454411228495
5558.0,-6852.830419659615
5559.0,-6852.81539819638
5560.0,-6852.800376733144
5561.0,-6852.785355269909
5562.0,-6852.770333806674
5563.0,-6852.755312343438
5564.0,-6852.740290880203
5565.0,-6852.725269416968
5566.0,-6852.7102479537325
5567.0,-6852.695226490498
5568.0,-6852.680205027263
5569.0,-6852.665183564027
5570.0,-6852.650162100792
5571.0,-6852.635140637557
5572.0,-6852.620119174321
5573.0,-6852.605097711086
5574.0,-6852.590076247851
5575.0,-6852.5750547846155
5576.0,-6852.560033321381
5577.0,-6852.545011858146
5578.0,-6852.52999039491
5579.0,-6852.514968931675
5580.0,-6852.49994746844
5581.0,-6852.484926005204
5582.0,-6852.469904541969
5583.0,-6852.454883078734
5584.0,-6852.439861615499
5585.0,-6852.424840152264
5586.0,-6852.409818689029
5587.0,-6852.394797225793
5588.0,-6852.379775762558
5589.0,-6852.364754299323
5590.0,-6852.349732836087
5591.0,-6852.334711372852
5592.0,-6852.319689909617
5593.0,-6852.304668446382
5594.0,-6852.289646983147
5595.0,-6852.274625519912
5596.0,-6852.259604056676
5597.0,-6852.244582593441
5598.0,-6852.229561130206
5599.0,-6852.21453966697
5600.0,-6852.199518203735
5601.0,-6852.1844967405
5602.0,-6852.169475277265
5603.0,-6852.15445381403
5604.0,-6852.139432350795
5605.0,-6852.124410887559
5606.0,-6852.109389424324
5607.0,-6852.094367961089
5608.0,-6852.079346497853
5609.0,-6852.064325034618
5610.0,-6852.0493035713835
5611.0,-6852.034282108148
5612.0,-6852.019260644913
5613.0,-6852.004239181678
5614.0,-6851.989217718442
5615.0,-6851.974196255207
5616.0,-6851.959174791972
5617.0,-6851.944153328736
5618.0,-6851.929131865501
5619.0,-6851.9141104022665
5620.0,-6851.899088939031
5621.0,-6851.884067475796
5622.0,-6851.869046012561
5623.0,-6851.854024549325
5624.0,-6851.83900308609
5625.0,-6851.823981622855
5626.0,-6851.808960159619
5627.0,-6851.793938696384
5628.0,-6851.7789172331495
5629.0,-6851.763895769914
5630.0,-6851.748874306679
5631.0,-6851.733852843444
5632.0,-6851.718831380208
5633.0,-6851.703809916973
5634.0,-6851.688788453738
5635.0,-6851.673766990502
5636.0,-6851.6587455272675
5637.0,-6851.6437240640325
5638.0,-6851.628702600797
5639.0,-6851.613681137562
5640.0,-6851.598659674327
5641.0,-6851.583638211091
5642.0,-6851.568616747856
5643.0,-6851.553595284621
5644.0,-6851.538573821385
5645.0,-6851.5235523581505
5646.0,-6851.508530894916
5647.0,-6851.49350943168
5648.0,-6851.478487968445
5649.0,-6851.46346650521
5650.0,-6851.448445041974
5651.0,-6851.433423578739
5652.0,-6851.418402115504
5653.0,-6851.403380652268
5654.0,-6851.3883591890335
5655.0,-6851.373337725799
5656.0,-6851.358316262563
5657.0,-6851.343294799328
5658.0,-6851.328273336093
5659.0,-6851.313251872857
5660.0,-6851.298230409622
5661.0,-6851.283208946387
5662.0,-6851.268187483151
5663.0,-6851.2531660199165
5664.0,-6851.238144556682
5665.0,-6851.223123093446
5666.0,-6851.208101630211
5667.0,-6851.193080166976
5668.0,-6851.17805870374
5669.0,-6851.163037240505
5670.0,-6851.14801577727
5671.0,-6851.1329943140345
5672.0,-6851.1179728508
5673.0,-6851.102951387565
5674.0,-6851.087929924329
5675.0,-6851.072908461094
5676.0,-6851.057886997859
5677.0,-6851.042865534623
5678.0,-6851.027844071388
5679.0,-6851.012822608153
5680.0,-6850.9978011449175
5681.0,-6850.982779681683
5682.0,-6850.967758218448
5683.0,-6850.952736755212
5684.0,-6850.937715291977
5685.0,-6850.922693828742
5686.0,-6850.907672365506
5687.0,-6850.892650902271
5688.0,-6850.877629439036
5689.0,-6850.8626079758005
5690.0,-6850.847586512566
5691.0,-6850.832565049331
5692.0,-6850.817543586095
5693.0,-6850.80252212286
5694.0,-6850.787500659625
5695.0,-6850.772479196389
5696.0,-6850.757457733154
5697.0,-6850.742436269919
5698.0,-6850.727414806684
5699.0,-6850.712393343449
5700.0,-6850.697371880214
5701.0,-6850.682350416978
5702.0,-6850.667328953743
5703.0,-6850.652307490508
5704.0,-6850.637286027272
5705.0,-6850.622264564037
5706.0,-6850.607243100802
5707.0,-6850.592221637567
5708.0,-6850.577200174332
5709.0,-6850.562178711097
5710.0,-6850.547157247861
5711.0,-6850.532135784626
5712.0,-6850.517114321391
5713.0,-6850.502092858155
5714.0,-6850.48707139492
5715.0,-6850.472049931685
5716.0,-6850.45702846845
5717.0,-6850.442007005215
5718.0,-6850.42698554198
5719.0,-6850.411964078744
5720.0,-6850.396942615509
5721.0,-6850.381921152274
5722.0,-6850.366899689038
5723.0,-6850.351878225803
5724.0,-6850.3368567625685
5725.0,-6850.321835299333
5726.0,-6850.306813836098
5727.0,-6850.291792372863
5728.0,-6850.276770909627
5729.0,-6850.261749446392
5730.0,-6850.246727983157
5731.0,-6850.231706519921
5732.0,-6850.216685056686
5733.0,-6850.2016635934515
5734.0,-6850.186642130216
5735.0,-6850.171620666981
5736.0,-6850.156599203746
5737.0,-6850.14157774051
5738.0,-6850.126556277275
5739.0,-6850.11153481404
5740.0,-6850.096513350804
5741.0,-6850.081491887569
5742.0,-6850.0664704243345
5743.0,-6850.051448961099
5744.0,-6850.036427497864
5745.0,-6850.021406034629
5746.0,-6850.006384571393
5747.0,-6849.991363108158
5748.0,-6849.976341644923
5749.0,-6849.961320181687
5750.0,-6849.946298718452
5751.0,-6849.9312772552175
5752.0,-6849.916255791982
5753.0,-6849.901234328747
5754.0,-6849.886212865512
5755.0,-6849.871191402276
5756.0,-6849.856169939041
5757.0,-6849.841148475806
5758.0,-6849.82612701257
5759.0,-6849.8111055493355
5760.0,-6849.796084086101
5761.0,-6849.781062622865
5762.0,-6849.76604115963
5763.0,-6849.751019696395
5764.0,-6849.735998233159
5765.0,-6849.720976769924
5766.0,-6849.705955306689
5767.0,-6849.690933843453
5768.0,-6849.6759123802185
5769.0,-6849.660890916984
5770.0,-6849.645869453748
5771.0,-6849.630847990513
5772.0,-6849.615826527278
5773.0,-6849.600805064042
5774.0,-6849.585783600807
5775.0,-6849.570762137572
5776.0,-6849.555740674336
5777.0,-6849.5407192111015
5778.0,-6849.525697747867
5779.0,-6849.510676284631
5780.0,-6849.495654821396
5781.0,-6849.480633358161
5782.0,-6849.465611894925
5783.0,-6849.45059043169
5784.0,-6849.435568968455
5785.0,-6849.4205475052195
5786.0,-6849.405526041985
5787.0,-6849.39050457875
5788.0,-6849.375483115514
5789.0,-6849.360461652279
5790.0,-6849.345440189044
5791.0,-6849.330418725808
5792.0,-6849.315397262573
5793.0,-6849.300375799338
5794.0,-6849.2853543361025
5795.0,-6849.270332872868
5796.0,-6849.255311409633
5797.0,-6849.240289946397
5798.0,-6849.225268483162
5799.0,-6849.210247019927
5800.0,-6849.195225556691
5801.0,-6849.180204093456
5802.0,-6849.165182630221
5803.0,-6849.1501611669855
5804.0,-6849.135139703751
5805.0,-6849.120118240516
5806.0,-6849.10509677728
5807.0,-6849.090075314045
5808.0,-6849.07505385081
5809.0,-6849.060032387574
5810.0,-6849.045010924339
5811.0,-6849.029989461104
5812.0,-6849.014967997869
5813.0,-6848.999946534634
5814.0,-6848.984925071399
5815.0,-6848.969903608163
5816.0,-6848.954882144928
5817.0,-6848.939860681693
5818.0,-6848.924839218457
5819.0,-6848.909817755222
5820.0,-6848.894796291987
5821.0,-6848.879774828752
5822.0,-6848.864753365517
5823.0,-6848.849731902282
5824.0,-6848.834710439046
5825.0,-6848.819688975811
5826.0,-6848.804667512576
5827.0,-6848.78964604934
5828.0,-6848.774624586105
5829.0,-6848.75960312287
5830.0,-6848.744581659635
5831.0,-6848.7295601964
5832.0,-6848.714538733165
5833.0,-6848.699517269929
5834.0,-6848.684495806694
5835.0,-6848.669474343459
5836.0,-6848.654452880223
5837.0,-6848.639431416988
5838.0,-6848.6244099537535
5839.0,-6848.609388490518
5840.0,-6848.594367027283
5841.0,-6848.579345564048
5842.0,-6848.564324100812
5843.0,-6848.549302637577
5844.0,-6848.534281174342
5845.0,-6848.519259711106
5846.0,-6848.504238247871
5847.0,-6848.4892167846365
5848.0,-6848.474195321401
5849.0,-6848.459173858166
5850.0,-6848.444152394931
5851.0,-6848.429130931695
5852.0,-6848.41410946846
5853.0,-6848.399088005225
5854.0,-6848.384066541989
5855.0,-6848.369045078754
5856.0,-6848.3540236155195
5857.0,-6848.339002152284
5858.0,-6848.323980689049
5859.0,-6848.308959225814
5860.0,-6848.293937762578
5861.0,-6848.278916299343
5862.0,-6848.263894836108
5863.0,-6848.248873372872
5864.0,-6848.233851909637
5865.0,-6848.2188304464025
5866.0,-6848.203808983167
5867.0,-6848.188787519932
5868.0,-6848.173766056697
5869.0,-6848.158744593461
5870.0,-6848.143723130226
5871.0,-6848.128701666991
5872.0,-6848.113680203755
5873.0,-6848.0986587405205
5874.0,-6848.083637277286
5875.0,-6848.06861581405
5876.0,-6848.053594350815
5877.0,-6848.03857288758
5878.0,-6848.023551424344
5879.0,-6848.008529961109
5880.0,-6847.993508497874
5881.0,-6847.978487034638
5882.0,-6847.9634655714035
5883.0,-6847.948444108169
5884.0,-6847.933422644933
5885.0,-6847.918401181698
5886.0,-6847.903379718463
5887.0,-6847.888358255227
5888.0,-6847.873336791992
5889.0,-6847.858315328757
5890.0,-6847.843293865521
5891.0,-6847.8282724022865
5892.0,-6847.813250939052
5893.0,-6847.798229475816
5894.0,-6847.783208012581
5895.0,-6847.768186549346
5896.0,-6847.75316508611
5897.0,-6847.738143622875
5898.0,-6847.72312215964
5899.0,-6847.7081006964045
5900.0,-6847.69307923317
5901.0,-6847.678057769935
5902.0,-6847.663036306699
5903.0,-6847.648014843464
5904.0,-6847.632993380229
5905.0,-6847.617971916993
5906.0,-6847.602950453758
5907.0,-6847.587928990523
5908.0,-6847.5729075272875
5909.0,-6847.557886064053
5910.0,-6847.542864600818
5911.0,-6847.527843137582
5912.0,-6847.512821674347
5913.0,-6847.497800211112
5914.0,-6847.482778747876
5915.0,-6847.467757284641
5916.0,-6847.452735821406
5917.0,-6847.4377143581705
5918.0,-6847.422692894936
5919.0,-6847.407671431701
5920.0,-6847.392649968465
5921.0,-6847.37762850523
5922.0,-6847.362607041995
5923.0,-6847.347585578759
5924.0,-6847.332564115524
5925.0,-6847.317542652289
5926.0,-6847.302521189054
5927.0,-6847.287499725819
5928.0,-6847.272478262584
5929.0,-6847.257456799348
5930.0,-6847.242435336113
5931.0,-6847.227413872878
5932.0,-6847.212392409642
5933.0,-6847.197370946407
5934.0,-6847.182349483172
5935.0,-6847.167328019937
5936.0,-6847.152306556702
5937.0,-6847.137285093467
5938.0,-6847.122263630231
5939.0,-6847.107242166996
5940.0,-6847.092220703761
5941.0,-6847.077199240525
5942.0,-6847.06217777729
5943.0,-6847.047156314055
5944.0,-6847.03213485082
5945.0,-6847.017113387585
5946.0,-6847.00209192435
5947.0,-6846.987070461114
5948.0,-6846.972048997879
5949.0,-6846.957027534644
5950.0,-6846.942006071408
5951.0,-6846.926984608173
5952.0,-6846.911963144938
5953.0,-6846.896941681703
5954.0,-6846.881920218468
5955.0,-6846.866898755233
5956.0,-6846.851877291997
5957.0,-6846.836855828762
5958.0,-6846.821834365527
5959.0,-6846.806812902291
5960.0,-6846.791791439056
5961.0,-6846.7767699758215
5962.0,-6846.761748512586
5963.0,-6846.746727049351
5964.0,-6846.731705586116
5965.0,-6846.71668412288
5966.0,-6846.701662659645
5967.0,-6846.68664119641
5968.0,-6846.671619733174
5969.0,-6846.656598269939
5970.0,-6846.6415768067045
5971.0,-6846.626555343469
5972.0,-6846.611533880234
5973.0,-6846.596512416999
5974.0,-6846.581490953763
5975.0,-6846.566469490528
5976.0,-6846.551448027293
5977.0,-6846.536426564057
5978.0,-6846.521405100822
5979.0,-6846.5063836375875
5980.0,-6846.491362174352
5981.0,-6846.476340711117
5982.0,-6846.461319247882
5983.0,-6846.446297784646
5984.0,-6846.431276321411
5985.0,-6846.416254858176
5986.0,-6846.40123339494
5987.0,-6846.3862119317055
5988.0,-6846.371190468471
5989.0,-6846.356169005235
5990.0,-6846.341147542
5991.0,-6846.326126078765
5992.0,-6846.311104615529
5993.0,-6846.296083152294
5994.0,-6846.281061689059
5995.0,-6846.266040225823
5996.0,-6846.2510187625885
5997.0,-6846.235997299354
5998.0,-6846.220975836118
5999.0,-6846.205954372883
6000.0,-6846.190932909648
6001.0,-6846.175911446412
6002.0,-6846.160889983177
6003.0,-6846.145868519942
6004.0,-6846.130847056706
6005.0,-6846.1158255934715
6006.0,-6846.100804130237
6007.0,-6846.085782667001
6008.0,-6846.070761203766
6009.0,-6846.055739740531
6010.0,-6846.040718277295
6011.0,-6846.02569681406
6012.0,-6846.010675350825
6013.0,-6845.9956538875895
6014.0,-6845.980632424355
6015.0,-6845.96561096112
6016.0,-6845.950589497884
6017.0,-6845.935568034649
6018.0,-6845.920546571414
6019.0,-6845.905525108178
6020.0,-6845.890503644943
6021.0,-6845.875482181708
6022.0,-6845.8604607184725
6023.0,-6845.845439255238
6024.0,-6845.830417792003
6025.0,-6845.815396328767
6026.0,-6845.800374865532
6027.0,-6845.785353402297
6028.0,-6845.770331939061
6029.0,-6845.755310475826
6030.0,-6845.740289012591
6031.0,-6845.7252675493555
6032.0,-6845.710246086121
6033.0,-6845.695224622886
6034.0,-6845.68020315965
6035.0,-6845.665181696415
6036.0,-6845.65016023318
6037.0,-6845.635138769944
6038.0,-6845.620117306709
6039.0,-6845.605095843474
6040.0,-6845.590074380239
6041.0,-6845.575052917004
6042.0,-6845.560031453769
6043.0,-6845.545009990533
6044.0,-6845.529988527298
6045.0,-6845.514967064063
6046.0,-6845.499945600827
6047.0,-6845.484924137592
6048.0,-6845.469902674357
6049.0,-6845.454881211122
6050.0,-6845.439859747887
6051.0,-6845.424838284652
6052.0,-6845.409816821416
6053.0,-6845.394795358181
6054.0,-6845.379773894946
6055.0,-6845.36475243171
6056.0,-6845.349730968475
6057.0,-6845.33470950524
6058.0,-6845.319688042005
6059.0,-6845.30466657877
6060.0,-6845.289645115535
6061.0,-6845.274623652299
6062.0,-6845.259602189064
6063.0,-6845.244580725829
6064.0,-6845.229559262593
6065.0,-6845.214537799358
6066.0,-6845.199516336123
6067.0,-6845.184494872888
6068.0,-6845.169473409653
6069.0,-6845.154451946418
6070.0,-6845.139430483182
6071.0,-6845.124409019947
6072.0,-6845.109387556712
6073.0,-6845.094366093476
6074.0,-6845.079344630241
6075.0,-6845.0643231670065
6076.0,-6845.049301703771
6077.0,-6845.034280240536
6078.0,-6845.019258777301
6079.0,-6845.004237314065
6080.0,-6844.98921585083
6081.0,-6844.974194387595
6082.0,-6844.959172924359
6083.0,-6844.944151461124
6084.0,-6844.9291299978895
6085.0,-6844.914108534654
6086.0,-6844.899087071419
6087.0,-6844.884065608184
6088.0,-6844.869044144948
6089.0,-6844.854022681713
6090.0,-6844.839001218478
6091.0,-6844.823979755242
6092.0,-6844.808958292007
6093.0,-6844.7939368287725
6094.0,-6844.778915365537
6095.0,-6844.763893902302
6096.0,-6844.748872439067
6097.0,-6844.733850975831
6098.0,-6844.718829512596
6099.0,-6844.703808049361
6100.0,-6844.688786586125
6101.0,-6844.6737651228905
6102.0,-6844.658743659656
6103.0,-6844.64372219642
6104.0,-6844.628700733185
6105.0,-6844.61367926995
6106.0,-6844.598657806714
6107.0,-6844.583636343479
6108.0,-6844.568614880244
6109.0,-6844.553593417008
6110.0,-6844.5385719537735
6111.0,-6844.523550490539
6112.0,-6844.508529027303
6113.0,-6844.493507564068
6114.0,-6844.478486100833
6115.0,-6844.463464637597
6116.0,-6844.448443174362
6117.0,-6844.433421711127
6118.0,-6844.418400247891
6119.0,-6844.4033787846565
6120.0,-6844.388357321422
6121.0,-6844.373335858186
6122.0,-6844.358314394951
6123.0,-6844.343292931716
6124.0,-6844.32827146848
6125.0,-6844.313250005245
6126.0,-6844.29822854201
6127.0,-6844.2832070787745
6128.0,-6844.26818561554
6129.0,-6844.253164152305
6130.0,-6844.238142689069
6131.0,-6844.223121225834
6132.0,-6844.208099762599
6133.0,-6844.193078299363
6134.0,-6844.178056836128
6135.0,-6844.163035372893
6136.0,-6844.1480139096575
6137.0,-6844.132992446423
6138.0,-6844.117970983188
6139.0,-6844.102949519952
6140.0,-6844.087928056717
6141.0,-6844.072906593482
6142.0,-6844.057885130246
6143.0,-6844.042863667011
6144.0,-6844.027842203776
6145.0,-6844.090151548386
6146.0,-6844.152460892995
6147.0,-6844.214770237605
6148.0,-6844.277079582214
6149.0,-6844.339388926824
6150.0,-6844.401698271434
6151.0,-6844.464007616043
6152.0,-6844.526316960652
6153.0,-6844.588626305263
6154.0,-6844.650935649872
6155.0,-6844.713244994481
6156.0,-6844.775554339091
6157.0,-6844.837863683701
6158.0,-6844.90017302831
6159.0,-6844.96248237292
6160.0,-6845.024791717529
6161.0,-6845.087101062139
6162.0,-6845.149410406749
6163.0,-6845.211719751358
6164.0,-6845.274029095967
6165.0,-6845.3363384405775
6166.0,-6845.398647785187
6167.0,-6845.460957129796
6168.0,-6845.523266474406
6169.0,-6845.5855758190155
6170.0,-6845.647885163625
6171.0,-6845.710194508235
6172.0,-6845.772503852844
6173.0,-6845.8348131974535
6174.0,-6845.897122542064
6175.0,-6845.959431886673
6176.0,-6846.021741231282
6177.0,-6846.084050575892
6178.0,-6846.146359920502
6179.0,-6846.208669265111
6180.0,-6846.270978609721
6181.0,-6846.33328795433
6182.0,-6846.39559729894
6183.0,-6846.45790664355
6184.0,-6846.520215988159
6185.0,-6846.5825253327685
6186.0,-6846.644834677379
6187.0,-6846.707144021988
6188.0,-6846.769453366597
6189.0,-6846.831762711207
6190.0,-6846.894072055817
6191.0,-6846.956381400426
6192.0,-6847.018690745036
6193.0,-6847.081000089645
6194.0,-6847.143309434255
6195.0,-6847.205618778865
6196.0,-6847.267928123474
6197.0,-6847.330237468083
6198.0,-6847.392546812694
6199.0,-6847.454856157303
6200.0,-6847.517165501912
6201.0,-6847.579474846522
6202.0,-6847.641784191132
6203.0,-6847.704093535741
6204.0,-6847.766402880351
6205.0,-6847.82871222496
6206.0,-6847.89102156957
6207.0,-6847.95333091418
6208.0,-6848.015640258789
6209.0,-6848.077949603398
6210.0,-6848.1402589480085
6211.0,-6848.202568292618
6212.0,-6848.264877637227
6213.0,-6848.327186981837
6214.0,-6848.3894963264465
6215.0,-6848.451805671056
6216.0,-6848.514115015666
6217.0,-6848.576424360275
6218.0,-6848.6387337048845
6219.0,-6848.701043049495
6220.0,-6848.763352394104
6221.0,-6848.825661738713
6222.0,-6848.8879710833235
6223.0,-6848.950280427933
6224.0,-6849.012589772542
6225.0,-6849.074899117152
6226.0,-6849.1372084617615
6227.0,-6849.199517806371
6228.0,-6849.261827150981
6229.0,-6849.32413649559
6230.0,-6849.3864458401995
6231.0,-6849.44875518481
6232.0,-6849.511064529419
6233.0,-6849.573373874028
6234.0,-6849.635683218638
6235.0,-6849.697992563248
6236.0,-6849.760301907857
6237.0,-6849.822611252467
6238.0,-6849.884920597076
6239.0,-6849.947229941686
6240.0,-6850.009539286296
6241.0,-6850.071848630905
6242.0,-6850.134157975514
6243.0,-6850.196467320125
6244.0,-6850.258776664734
6245.0,-6850.321086009343
6246.0,-6850.383395353953
6247.0,-6850.445704698563
6248.0,-6850.508014043172
6249.0,-6850.570323387782
6250.0,-6850.632632732391
6251.0,-6850.694942077001
6252.0,-6850.757251421611
6253.0,-6850.81956076622
6254.0,-6850.881870110829
6255.0,-6850.94417945544
6256.0,-6851.006488800049
6257.0,-6851.068798144658
6258.0,-6851.131107489268
6259.0,-6851.193416833878
6260.0,-6851.255726178487
6261.0,-6851.318035523097
6262.0,-6851.380344867706
6263.0,-6851.442654212316
6264.0,-6851.504963556926
6265.0,-6851.567272901535
6266.0,-6851.629582246144
6267.0,-6851.6918915907545
6268.0,-6851.754200935364
6269.0,-6851.816510279973
6270.0,-6851.878819624583
6271.0,-6851.9411289691925
6272.0,-6852.003438313802
6273.0,-6852.065747658412
6274.0,-6852.128057003021
6275.0,-6852.1903663476305
6276.0,-6852.252675692241
6277.0,-6852.31498503685
6278.0,-6852.377294381459
6279.0,-6852.439603726069
6280.0,-6852.501913070679
6281.0,-6852.564222415288
6282.0,-6852.626531759898
6283.0,-6852.688841104507
6284.0,-6852.751150449117
6285.0,-6852.813459793727
6286.0,-6852.875769138336
6287.0,-6852.9380784829455
6288.0,-6853.000387827556
6289.0,-6853.062697172165
6290.0,-6853.125006516774
6291.0,-6853.187315861384
6292.0,-6853.249625205994
6293.0,-6853.311934550603
6294.0,-6853.374243895213
6295.0,-6853.436553239822
6296.0,-6853.498862584432
6297.0,-6853.561171929042
6298.0,-6853.623481273651
6299.0,-6853.68579061826
6300.0,-6853.748099962871
6301.0,-6853.81040930748
6302.0,-6853.872718652089
6303.0,-6853.935027996699
6304.0,-6853.997337341309
6305.0,-6854.059646685918
6306.0,-6854.121956030528
6307.0,-6854.184265375137
6308.0,-6854.246574719747
6309.0,-6854.308884064357
6310.0,-6854.371193408966
6311.0,-6854.433502753575
6312.0,-6854.4958120981855
6313.0,-6854.558121442795
6314.0,-6854.620430787404
6315.0,-6854.682740132014
6316.0,-6854.7450494766235
6317.0,-6854.807358821233
6318.0,-6854.869668165843
6319.0,-6854.931977510452
6320.0,-6854.994286855062
6321.0,-6855.056596199672
6322.0,-6855.118905544281
6323.0,-6855.18121488889
6324.0,-6855.2435242335005
6325.0,-6855.30583357811
6326.0,-6855.368142922719
6327.0,-6855.430452267329
6328.0,-6855.4927616119385
6329.0,-6855.555070956548
6330.0,-6855.617380301158
6331.0,-6855.679689645767
6332.0,-6855.7419989903765
6333.0,-6855.804308334987
6334.0,-6855.866617679596
6335.0,-6855.928927024205
6336.0,-6855.991236368815
6337.0,-6856.053545713425
6338.0,-6856.115855058034
6339.0,-6856.178164402644
6340.0,-6856.240473747253
6341.0,-6856.302783091863
6342.0,-6856.365092436473
6343.0,-6856.427401781082
6344.0,-6856.489711125691
6345.0,-6856.552020470302
6346.0,-6856.614329814911
6347.0,-6856.67663915952
6348.0,-6856.73894850413
6349.0,-6856.80125784874
6350.0,-6856.863567193349
6351.0,-6856.925876537959
6352.0,-6856.988185882568
6353.0,-6857.050495227178
6354.0,-6857.112804571788
6355.0,-6857.175113916397
6356.0,-6857.237423261006
6357.0,-6857.299732605617
6358.0,-6857.362041950226
6359.0,-6857.424351294835
6360.0,-6857.486660639445
6361.0,-6857.548969984055
6362.0,-6857.611279328664
6363.0,-6857.673588673274
6364.0,-6857.735898017883
6365.0,-6857.798207362493
6366.0,-6857.860516707103
6367.0,-6857.922826051712
6368.0,-6857.985135396321
6369.0,-6858.0474447409315
6370.0,-6858.109754085541
6371.0,-6858.17206343015
6372.0,-6858.23437277476
6373.0,-6858.2966821193695
6374.0,-6858.358991463979
6375.0,-6858.421300808589
6376.0,-6858.483610153198
6377.0,-6858.5459194978075
6378.0,-6858.608228842418
6379.0,-6858.670538187027
6380.0,-6858.732847531636
6381.0,-6858.795156876246
6382.0,-6858.857466220856
6383.0,-6858.919775565465
6384.0,-6858.982084910075
6385.0,-6859.044394254684
6386.0,-6859.106703599294
6387.0,-6859.169012943904
6388.0,-6859.231322288513
6389.0,-6859.2936316331225
6390.0,-6859.355940977733
6391.0,-6859.418250322342
6392.0,-6859.480559666951
6393.0,-6859.542869011561
6394.0,-6859.605178356171
6395.0,-6859.66748770078
6396.0,-6859.72979704539
6397.0,-6859.792106389999
6398.0,-6859.854415734609
6399.0,-6859.916725079219
6400.0,-6859.979034423828
6401.0,-6860.041343768437
6402.0,-6860.103653113048
6403.0,-6860.165962457657
6404.0,-6860.228271802266
6405.0,-6860.290581146876
6406.0,-6860.352890491486
6407.0,-6860.415199836095
6408.0,-6860.477509180705
6409.0,-6860.539818525314
6410.0,-6860.602127869924
6411.0,-6860.664437214534
6412.0,-6860.726746559143
6413.0,-6860.789055903752
6414.0,-6860.8513652483625
6415.0,-6860.913674592972
6416.0,-6860.975983937581
6417.0,-6861.038293282191
6418.0,-6861.1006026268005
6419.0,-6861.16291197141
6420.0,-6861.22522131602
6421.0,-6861.287530660629
6422.0,-6861.349840005239
6423.0,-6861.412149349849
6424.0,-6861.474458694458
6425.0,-6861.536768039067
6426.0,-6861.5990773836775
6427.0,-6861.661386728287
6428.0,-6861.723696072896
6429.0,-6861.786005417506
6430.0,-6861.8483147621155
6431.0,-6861.910624106725
6432.0,-6861.972933451335
6433.0,-6862.035242795944
6434.0,-6862.0975521405535
6435.0,-6862.159861485164
6436.0,-6862.222170829773
6437.0,-6862.284480174382
6438.0,-6862.346789518992
6439.0,-6862.409098863602
6440.0,-6862.471408208211
6441.0,-6862.533717552821
6442.0,-6862.59602689743
6443.0,-6862.65833624204
6444.0,-6862.72064558665
6445.0,-6862.782954931259
6446.0,-6862.845264275868
6447.0,-6862.907573620479
6448.0,-6862.969882965088
6449.0,-6863.032192309697
6450.0,-6863.094501654307
6451.0,-6863.156810998917
6452.0,-6863.219120343526
6453.0,-6863.281429688136
6454.0,-6863.343739032745
6455.0,-6863.406048377355
6456.0,-6863.468357721965
6457.0,-6863.530667066574
6458.0,-6863.592976411183
6459.0,-6863.655285755794
6460.0,-6863.717595100403
6461.0,-6863.779904445012
6462.0,-6863.842213789622
6463.0,-6863.904523134232
6464.0,-6863.966832478841
6465.0,-6864.029141823451
6466.0,-6864.09145116806
6467.0,-6864.15376051267
6468.0,-6864.21606985728
6469.0,-6864.278379201889
6470.0,-6864.340688546498
6471.0,-6864.4029978911085
6472.0,-6864.465307235718
6473.0,-6864.527616580327
6474.0,-6864.589925924937
6475.0,-6864.6522352695465
6476.0,-6864.714544614156
6477.0,-6864.776853958766
6478.0,-6864.839163303375
6479.0,-6864.9014726479845
6480.0,-6864.963781992595
6481.0,-6865.026091337204
6482.0,-6865.088400681813
6483.0,-6865.150710026423
6484.0,-6865.213019371033
6485.0,-6865.275328715642
6486.0,-6865.337638060252
6487.0,-6865.399947404861
6488.0,-6865.462256749471
6489.0,-6865.524566094081
6490.0,-6865.58687543869
6491.0,-6865.6491847832995
6492.0,-6865.71149412791
6493.0,-6865.773803472519
6494.0,-6865.836112817128
6495.0,-6865.898422161738
6496.0,-6865.960731506348
6497.0,-6866.023040850957
6498.0,-6866.085350195567
6499.0,-6866.147659540176
6500.0,-6866.209968884786
6501.0,-6866.272278229396
6502.0,-6866.334587574005
6503.0,-6866.396896918614
6504.0,-6866.459206263225
6505.0,-6866.521515607834
6506.0,-6866.583824952443
6507.0,-6866.646134297053
6508.0,-6866.708443641663
6509.0,-6866.770752986272
6510.0,-6866.833062330882
6511.0,-6866.895371675491
6512.0,-6866.957681020101
6513.0,-6867.019990364711
6514.0,-6867.08229970932
6515.0,-6867.144609053929
6516.0,-6867.2069183985395
6517.0,-6867.269227743149
6518.0,-6867.331537087758
6519.0,-6867.393846432368
6520.0,-6867.4561557769775
6521.0,-6867.518465121587
6522.0,-6867.580774466197
6523.0,-6867.643083810806
6524.0,-6867.705393155416
6525.0,-6867.767702500026
6526.0,-6867.830011844635
6527.0,-6867.892321189244
6528.0,-6867.9546305338545
6529.0,-6868.016939878464
6530.0,-6868.079249223073
6531.0,-6868.141558567683
6532.0,-6868.2038679122925
6533.0,-6868.266177256902
6534.0,-6868.328486601512
6535.0,-6868.390795946121
6536.0,-6868.4531052907305
6537.0,-6868.515414635341
6538.0,-6868.57772397995
6539.0,-6868.640033324559
6540.0,-6868.702342669169
6541.0,-6868.764652013779
6542.0,-6868.826961358388
6543.0,-6868.889270702998
6544.0,-6868.951580047607
6545.0,-6869.013889392217
6546.0,-6869.076198736827
6547.0,-6869.138508081436
6548.0,-6869.200817426045
6549.0,-6869.263126770656
6550.0,-6869.325436115265
6551.0,-6869.387745459874
6552.0,-6869.450054804484
6553.0,-6869.512364149094
6554.0,-6869.574673493703
6555.0,-6869.636982838313
6556.0,-6869.699292182922
6557.0,-6869.761601527532
6558.0,-6869.823910872142
6559.0,-6869.886220216751
6560.0,-6869.94852956136
6561.0,-6870.010838905971
6562.0,-6870.07314825058
6563.0,-6870.135457595189
6564.0,-6870.197766939799
6565.0,-6870.260076284409
6566.0,-6870.322385629018
6567.0,-6870.384694973628
6568.0,-6870.447004318237
6569.0,-6870.509313662847
6570.0,-6870.571623007457
6571.0,-6870.633932352066
6572.0,-6870.696241696675
6573.0,-6870.7585510412855
6574.0,-6870.820860385895
6575.0,-6870.883169730504
6576.0,-6870.945479075114
6577.0,-6871.0077884197235
6578.0,-6871.070097764333
6579.0,-6871.132407108943
6580.0,-6871.194716453552
6581.0,-6871.2570257981615
6582.0,-6871.319335142772
6583.0,-6871.381644487381
6584.0,-6871.44395383199
6585.0,-6871.5062631766
6586.0,-6871.56857252121
6587.0,-6871.630881865819
6588.0,-6871.693191210429
6589.0,-6871.755500555038
6590.0,-6871.817809899648
6591.0,-6871.880119244258
6592.0,-6871.942428588867
6593.0,-6872.0047379334765
6594.0,-6872.067047278087
6595.0,-6872.129356622696
6596.0,-6872.191665967305
6597.0,-6872.253975311915
6598.0,-6872.316284656525
6599.0,-6872.378594001134
6600.0,-6872.440903345744
6601.0,-6872.503212690353
6602.0,-6872.565522034963
6603.0,-6872.627831379573
6604.0,-6872.690140724182
6605.0,-6872.752450068791
6606.0,-6872.814759413402
6607.0,-6872.877068758011
6608.0,-6872.93937810262
6609.0,-6873.00168744723
6610.0,-6873.06399679184
6611.0,-6873.126306136449
6612.0,-6873.188615481059
6613.0,-6873.250924825668
6614.0,-6873.313234170278
6615.0,-6873.375543514888
6616.0,-6873.437852859497
6617.0,-6873.500162204106
6618.0,-6873.5624715487165
6619.0,-6873.624780893326
6620.0,-6873.687090237935
6621.0,-6873.749399582545
6622.0,-6873.8117089271545
6623.0,-6873.874018271764
6624.0,-6873.936327616374
6625.0,-6873.998636960983
6626.0,-6874.060946305593
6627.0,-6874.123255650203
6628.0,-6874.185564994812
6629.0,-6874.247874339421
6630.0,-6874.3101836840315
6631.0,-6874.372493028641
6632.0,-6874.43480237325
6633.0,-6874.49711171786
6634.0,-6874.5594210624695
6635.0,-6874.621730407079
6636.0,-6874.684039751689
6637.0,-6874.746349096298
6638.0,-6874.8086584409075
6639.0,-6874.870967785518
6640.0,-6874.933277130127
6641.0,-6874.995586474736
6642.0,-6875.057895819346
6643.0,-6875.120205163956
6644.0,-6875.182514508565
6645.0,-6875.244823853175
6646.0,-6875.307133197784
6647.0,-6875.369442542394
6648.0,-6875.431751887004
6649.0,-6875.494061231613
6650.0,-6875.556370576222
6651.0,-6875.618679920833
6652.0,-6875.680989265442
6653.0,-6875.743298610051
6654.0,-6875.805607954661
6655.0,-6875.867917299271
6656.0,-6875.93022664388
6657.0,-6875.99253598849
6658.0,-6876.054845333099
6659.0,-6876.117154677709
6660.0,-6876.179464022319
6661.0,-6876.241773366928
6662.0,-6876.304082711537
6663.0,-6876.366392056148
6664.0,-6876.428701400757
6665.0,-6876.491010745366
6666.0,-6876.553320089976
6667.0,-6876.615629434586
6668.0,-6876.677938779195
6669.0,-6876.740248123805
6670.0,-6876.802557468414
6671.0,-6876.864866813024
6672.0,-6876.927176157634
6673.0,-6876.989485502243
6674.0,-6877.051794846852
6675.0,-6877.1141041914625
6676.0,-6877.176413536072
6677.0,-6877.238722880681
6678.0,-6877.301032225291
6679.0,-6877.3633415699005
6680.0,-6877.42565091451
6681.0,-6877.48796025912
6682.0,-6877.550269603729
6683.0,-6877.6125789483385
6684.0,-6877.674888292949
6685.0,-6877.737197637558
6686.0,-6877.799506982167
6687.0,-6877.861816326777
6688.0,-6877.924125671387
6689.0,-6877.986435015996
6690.0,-6878.048744360606
6691.0,-6878.111053705215
6692.0,-6878.173363049825
6693.0,-6878.235672394435
6694.0,-6878.297981739044
6695.0,-6878.3602910836535
6696.0,-6878.422600428264
6697.0,-6878.484909772873
6698.0,-6878.547219117482
6699.0,-6878.609528462092
6700.0,-6878.671837806702
6701.0,-6878.734147151311
6702.0,-6878.796456495921
6703.0,-6878.85876584053
6704.0,-6878.92107518514
6705.0,-6878.98338452975
6706.0,-6879.045693874359
6707.0,-6879.108003218968
6708.0,-6879.170312563579
6709.0,-6879.232621908188
6710.0,-6879.294931252797
6711.0,-6879.357240597407
6712.0,-6879.419549942017
6713.0,-6879.481859286626
6714.0,-6879.544168631236
6715.0,-6879.606477975845
6716.0,-6879.668787320455
6717.0,-6879.731096665065
6718.0,-6879.793406009674
6719.0,-6879.855715354283
6720.0,-6879.9180246988935
6721.0,-6879.980334043503
6722.0,-6880.042643388112
6723.0,-6880.104952732722
6724.0,-6880.1672620773315
6725.0,-6880.229571421941
6726.0,-6880.291880766551
6727.0,-6880.35419011116
6728.0,-6880.41649945577
6729.0,-6880.47880880038
6730.0,-6880.541118144989
6731.0,-6880.603427489598
6732.0,-6880.6657368342085
6733.0,-6880.728046178818
6734.0,-6880.790355523427
6735.0,-6880.852664868037
6736.0,-6880.9149742126465
6737.0,-6880.977283557256
6738.0,-6881.039592901866
6739.0,-6881.101902246475
6740.0,-6881.1642115910845
6741.0,-6881.226520935695
6742.0,-6881.288830280304
6743.0,-6881.351139624913
6744.0,-6881.413448969523
6745.0,-6881.475758314133
6746.0,-6881.538067658742
6747.0,-6881.600377003352
6748.0,-6881.662686347961
6749.0,-6881.724995692571
6750.0,-6881.787305037181
6751.0,-6881.84961438179
6752.0,-6881.911923726399
6753.0,-6881.97423307101
6754.0,-6882.036542415619
6755.0,-6882.098851760228
6756.0,-6882.161161104838
6757.0,-6882.223470449448
6758.0,-6882.285779794057
6759.0,-6882.348089138667
6760.0,-6882.410398483276
6761.0,-6882.472707827886
6762.0,-6882.535017172496
6763.0,-6882.597326517105
6764.0,-6882.659635861714
6765.0,-6882.721945206325
6766.0,-6882.784254550934
6767.0,-6882.846563895543
6768.0,-6882.908873240153
6769.0,-6882.971182584763
6770.0,-6883.033491929372
6771.0,-6883.095801273982
6772.0,-6883.158110618591
6773.0,-6883.220419963201
6774.0,-6883.282729307811
6775.0,-6883.34503865242
6776.0,-6883.407347997029
6777.0,-6883.4696573416395
6778.0,-6883.531966686249
6779.0,-6883.594276030858
6780.0,-6883.656585375468
6781.0,-6883.7188947200775
6782.0,-6883.781204064687
6783.0,-6883.843513409297
6784.0,-6883.905822753906
6785.0,-6883.9681320985155
6786.0,-6884.030441443126
6787.0,-6884.092750787735
6788.0,-6884.155060132344
6789.0,-6884.217369476954
6790.0,-6884.279678821564
6791.0,-6884.341988166173
6792.0,-6884.404297510783
6793.0,-6884.4666068553925
6794.0,-6884.528916200002
6795.0,-6884.591225544612
6796.0,-6884.653534889221
6797.0,-6884.7158442338305
6798.0,-6884.778153578441
6799.0,-6884.84046292305
6800.0,-6884.902772267659
6801.0,-6884.965081612269
6802.0,-6885.027390956879
6803.0,-6885.089700301488
6804.0,-6885.152009646098
6805.0,-6885.214318990707
6806.0,-6885.276628335317
6807.0,-6885.338937679927
6808.0,-6885.401247024536
6809.0,-6885.463556369145
6810.0,-6885.525865713756
6811.0,-6885.588175058365
6812.0,-6885.650484402974
6813.0,-6885.712793747584
6814.0,-6885.775103092194
6815.0,-6885.837412436803
6816.0,-6885.899721781413
6817.0,-6885.962031126022
6818.0,-6886.024340470632
6819.0,-6886.086649815242
6820.0,-6886.148959159851
6821.0,-6886.21126850446
6822.0,-6886.2735778490705
6823.0,-6886.33588719368
6824.0,-6886.398196538289
6825.0,-6886.460505882899
6826.0,-6886.5228152275085
6827.0,-6886.585124572118
6828.0,-6886.647433916728
6829.0,-6886.709743261337
6830.0,-6886.772052605947
6831.0,-6886.834361950557
6832.0,-6886.896671295166
6833.0,-6886.958980639775
6834.0,-6887.0212899843855
6835.0,-6887.083599328995
6836.0,-6887.145908673604
6837.0,-6887.208218018214
6838.0,-6887.2705273628235
6839.0,-6887.332836707433
6840.0,-6887.395146052043
6841.0,-6887.457455396652
6842.0,-6887.5197647412615
6843.0,-6887.582074085872
6844.0,-6887.644383430481
6845.0,-6887.70669277509
6846.0,-6887.7690021197
6847.0,-6887.83131146431
6848.0,-6887.893620808919
6849.0,-6887.955930153529
6850.0,-6888.018239498138
6851.0,-6888.080548842748
6852.0,-6888.142858187358
6853.0,-6888.205167531967
6854.0,-6888.267476876576
6855.0,-6888.329786221187
6856.0,-6888.392095565796
6857.0,-6888.454404910405
6858.0,-6888.516714255015
6859.0,-6888.579023599625
6860.0,-6888.641332944234
6861.0,-6888.703642288844
6862.0,-6888.765951633453
6863.0,-6888.828260978063
6864.0,-6888.890570322673
6865.0,-6888.952879667282
6866.0,-6889.015189011891
6867.0,-6889.077498356502
6868.0,-6889.139807701111
6869.0,-6889.20211704572
6870.0,-6889.26442639033
6871.0,-6889.32673573494
6872.0,-6889.389045079549
6873.0,-6889.451354424159
6874.0,-6889.513663768768
6875.0,-6889.575973113378
6876.0,-6889.638282457988
6877.0,-6889.700591802597
6878.0,-6889.762901147206
6879.0,-6889.8252104918165
6880.0,-6889.887519836426
6881.0,-6889.949829181035
6882.0,-6890.012138525645
6883.0,-6890.0744478702545
6884.0,-6890.136757214864
6885.0,-6890.199066559474
6886.0,-6890.261375904083
6887.0,-6890.3236852486925
6888.0,-6890.385994593303
6889.0,-6890.448303937912
6890.0,-6890.510613282521
6891.0,-6890.572922627131
6892.0,-6890.635231971741
6893.0,-6890.69754131635
6894.0,-6890.75985066096
6895.0,-6890.8221600055695
6896.0,-6890.884469350179
6897.0,-6890.946778694789
6898.0,-6891.009088039398
6899.0,-6891.0713973840075
6900.0,-6891.133706728618
6901.0,-6891.196016073227
6902.0,-6891.258325417836
6903.0,-6891.320634762446
6904.0,-6891.382944107056
6905.0,-6891.445253451665
6906.0,-6891.507562796275
6907.0,-6891.569872140884
6908.0,-6891.632181485494
6909.0,-6891.694490830104
6910.0,-6891.756800174713
6911.0,-6891.819109519322
6912.0,-6891.881418863933
6913.0,-6891.943728208542
6914.0,-6892.006037553151
6915.0,-6892.068346897761
6916.0,-6892.130656242371
6917.0,-6892.19296558698
6918.0,-6892.25527493159
6919.0,-6892.317584276199
6920.0,-6892.379893620809
6921.0,-6892.442202965419
6922.0,-6892.504512310028
6923.0,-6892.566821654637
6924.0,-6892.6291309992475
6925.0,-6892.691440343857
6926.0,-6892.753749688466
6927.0,-6892.816059033076
6928.0,-6892.878368377686
6929.0,-6892.940677722295
6930.0,-6893.002987066905
6931.0,-6893.065296411514
6932.0,-6893.127605756124
6933.0,-6893.189915100734
6934.0,-6893.252224445343
6935.0,-6893.314533789952
6936.0,-6893.3768431345625
6937.0,-6893.439152479172
6938.0,-6893.501461823781
6939.0,-6893.563771168391
6940.0,-6893.6260805130005
6941.0,-6893.68838985761
6942.0,-6893.75069920222
6943.0,-6893.813008546829
6944.0,-6893.8753178914385
6945.0,-6893.937627236049
6946.0,-6893.999936580658
6947.0,-6894.062245925267
6948.0,-6894.124555269877
6949.0,-6894.186864614487
6950.0,-6894.249173959096
6951.0,-6894.311483303706
6952.0,-6894.373792648315
6953.0,-6894.436101992925
6954.0,-6894.498411337535
6955.0,-6894.560720682144
6956.0,-6894.623030026753
6957.0,-6894.685339371364
6958.0,-6894.747648715973
6959.0,-6894.809958060582
6960.0,-6894.872267405192
6961.0,-6894.934576749802
6962.0,-6894.996886094411
6963.0,-6895.059195439021
6964.0,-6895.12150478363
6965.0,-6895.18381412824
6966.0,-6895.24612347285
6967.0,-6895.308432817459
6968.0,-6895.370742162068
6969.0,-6895.433051506679
6970.0,-6895.495360851288
6971.0,-6895.557670195897
6972.0,-6895.619979540507
6973.0,-6895.682288885117
6974.0,-6895.744598229726
6975.0,-6895.806907574336
6976.0,-6895.869216918945
6977.0,-6895.931526263555
6978.0,-6895.993835608165
6979.0,-6896.056144952774
6980.0,-6896.118454297383
6981.0,-6896.1807636419935
6982.0,-6896.243072986603
6983.0,-6896.305382331212
6984.0,-6896.367691675822
6985.0,-6896.4300010204315
6986.0,-6896.492310365041
6987.0,-6896.554619709651
6988.0,-6896.61692905426
6989.0,-6896.6792383988695
6990.0,-6896.74154774348
6991.0,-6896.803857088089
6992.0,-6896.866166432698
6993.0,-6896.928475777308
6994.0,-6896.990785121918
6995.0,-6897.053094466527
6996.0,-6897.115403811137
6997.0,-6897.1777131557465
6998.0,-6897.240022500356
6999.0,-6897.302331844966
7000.0,-6897.364641189575
7001.0,-6897.4269505341845
7002.0,-6897.489259878795
7003.0,-6897.551569223404
7004.0,-6897.613878568013
7005.0,-6897.676187912623
7006.0,-6897.738497257233
7007.0,-6897.800806601842
7008.0,-6897.863115946452
7009.0,-6897.925425291061
7010.0,-6897.987734635671
7011.0,-6898.050043980281
7012.0,-6898.11235332489
7013.0,-6898.174662669499
7014.0,-6898.23697201411
7015.0,-6898.299281358719
7016.0,-6898.361590703328
7017.0,-6898.423900047938
7018.0,-6898.486209392548
7019.0,-6898.548518737157
7020.0,-6898.610828081767
7021.0,-6898.673137426376
7022.0,-6898.735446770986
7023.0,-6898.797756115596
7024.0,-6898.860065460205
7025.0,-6898.922374804814
7026.0,-6898.9846841494245
7027.0,-6899.046993494034
7028.0,-6899.109302838643
7029.0,-6899.171612183253
7030.0,-6899.233921527863
7031.0,-6899.296230872472
7032.0,-6899.358540217082
7033.0,-6899.420849561691
7034.0,-6899.483158906301
7035.0,-6899.545468250911
7036.0,-6899.60777759552
7037.0,-6899.670086940129
7038.0,-6899.7323962847395
7039.0,-6899.794705629349
7040.0,-6899.857014973958
7041.0,-6899.919324318568
7042.0,-6899.9816336631775
7043.0,-6900.043943007787
7044.0,-6900.106252352397
7045.0,-6900.168561697006
7046.0,-6900.2308710416155
7047.0,-6900.293180386226
7048.0,-6900.355489730835
7049.0,-6900.417799075444
7050.0,-6900.480108420054
7051.0,-6900.542417764664
7052.0,-6900.604727109273
7053.0,-6900.667036453883
7054.0,-6900.729345798492
7055.0,-6900.791655143102
7056.0,-6900.853964487712
7057.0,-6900.916273832321
7058.0,-6900.97858317693
7059.0,-6901.040892521541
7060.0,-6901.10320186615
7061.0,-6901.165511210759
7062.0,-6901.227820555369
7063.0,-6901.290129899979
7064.0,-6901.352439244588
7065.0,-6901.414748589198
7066.0,-6901.477057933807
7067.0,-6901.539367278417
7068.0,-6901.601676623027
7069.0,-6901.663985967636
7070.0,-6901.726295312245
7071.0,-6901.788604656856
7072.0,-6901.850914001465
7073.0,-6901.913223346074
7074.0,-6901.975532690684
7075.0,-6902.037842035294
7076.0,-6902.100151379903
7077.0,-6902.162460724513
7078.0,-6902.224770069122
7079.0,-6902.287079413732
7080.0,-6902.349388758342
7081.0,-6902.411698102951
7082.0,-6902.47400744756
7083.0,-6902.5363167921705
7084.0,-6902.59862613678
7085.0,-6902.660935481389
7086.0,-6902.723244825999
7087.0,-6902.7855541706085
7088.0,-6902.847863515218
7089.0,-6902.910172859828
7090.0,-6902.972482204437
7091.0,-6903.0347915490465
7092.0,-6903.097100893657
7093.0,-6903.159410238266
7094.0,-6903.221719582875
7095.0,-6903.284028927485
7096.0,-6903.346338272095
7097.0,-6903.408647616704
7098.0,-6903.470956961314
7099.0,-6903.5332663059235
7100.0,-6903.595575650533
7101.0,-6903.657884995143
7102.0,-6903.720194339752
7103.0,-6903.7825036843615
7104.0,-6903.844813028972
7105.0,-6903.907122373581
7106.0,-6903.96943171819
7107.0,-6904.0317410628
7108.0,-6904.09405040741
7109.0,-6904.156359752019
7110.0,-6904.218669096629
7111.0,-6904.280978441238
7112.0,-6904.343287785848
7113.0,-6904.405597130458
7114.0,-6904.467906475067
7115.0,-6904.530215819676
7116.0,-6904.592525164287
7117.0,-6904.654834508896
7118.0,-6904.717143853505
7119.0,-6904.779453198115
7120.0,-6904.841762542725
7121.0,-6904.904071887334
7122.0,-6904.966381231944
7123.0,-6905.028690576553
7124.0,-6905.090999921163
7125.0,-6905.153309265773
7126.0,-6905.215618610382
7127.0,-6905.277927954991
7128.0,-6905.3402372996015
7129.0,-6905.402546644211
7130.0,-6905.46485598882
7131.0,-6905.52716533343
7132.0,-6905.58947467804
7133.0,-6905.651784022649
7134.0,-6905.714093367259
7135.0,-6905.776402711868
7136.0,-6905.838712056478
7137.0,-6905.901021401088
7138.0,-6905.963330745697
7139.0,-6906.025640090306
7140.0,-6906.0879494349165
7141.0,-6906.150258779526
7142.0,-6906.212568124135
7143.0,-6906.274877468745
7144.0,-6906.3371868133545
7145.0,-6906.399496157964
7146.0,-6906.461805502574
7147.0,-6906.524114847183
7148.0,-6906.5864241917925
7149.0,-6906.648733536403
7150.0,-6906.711042881012
7151.0,-6906.773352225621
7152.0,-6906.835661570231
7153.0,-6906.897970914841
7154.0,-6906.96028025945
7155.0,-6907.02258960406
7156.0,-6907.084898948669
7157.0,-6907.147208293279
7158.0,-6907.209517637889
7159.0,-6907.271826982498
7160.0,-6907.334136327107
7161.0,-6907.396445671718
7162.0,-6907.458755016327
7163.0,-6907.521064360936
7164.0,-6907.583373705546
7165.0,-6907.645683050156
7166.0,-6907.707992394765
7167.0,-6907.770301739375
7168.0,-6907.832611083984
7169.0,-6907.788025975227
7170.0,-6907.74344086647
7171.0,-6907.698855757713
7172.0,-6907.654270648956
7173.0,-6907.609685540199
7174.0,-6907.565100431442
7175.0,-6907.520515322685
7176.0,-6907.475930213928
7177.0,-6907.431345105171
7178.0,-6907.386759996414
7179.0,-6907.342174887657
7180.0,-6907.2975897789
7181.0,-6907.253004670143
7182.0,-6907.208419561386
7183.0,-6907.163834452629
7184.0,-6907.119249343872
7185.0,-6907.074664235115
7186.0,-6907.030079126358
7187.0,-6906.985494017601
7188.0,-6906.940908908844
7189.0,-6906.896323800087
7190.0,-6906.85173869133
7191.0,-6906.807153582573
7192.0,-6906.762568473816
7193.0,-6906.717983365059
7194.0,-6906.673398256302
7195.0,-6906.628813147545
7196.0,-6906.584228038788
7197.0,-6906.539642930031
7198.0,-6906.495057821274
7199.0,-6906.450472712517
7200.0,-6906.40588760376
7201.0,-6906.361302495003
7202.0,-6906.316717386246
7203.0,-6906.272132277489
7204.0,-6906.227547168732
7205.0,-6906.182962059975
7206.0,-6906.138376951218
7207.0,-6906.093791842461
7208.0,-6906.049206733704
7209.0,-6906.004621624947
7210.0,-6905.96003651619
7211.0,-6905.915451407433
7212.0,-6905.8708662986755
7213.0,-6905.8262811899185
7214.0,-6905.7816960811615
7215.0,-6905.7371109724045
7216.0,-6905.6925258636475
7217.0,-6905.64794075489
7218.0,-6905.603355646133
7219.0,-6905.558770537376
7220.0,-6905.514185428619
7221.0,-6905.469600319862
7222.0,-6905.425015211105
7223.0,-6905.380430102348
7224.0,-6905.335844993591
7225.0,-6905.291259884834
7226.0,-6905.246674776077
7227.0,-6905.20208966732
7228.0,-6905.157504558563
7229.0,-6905.112919449806
7230.0,-6905.068334341049
7231.0,-6905.023749232292
7232.0,-6904.979164123535
7233.0,-6904.934579014778
7234.0,-6904.889993906021
7235.0,-6904.845408797264
7236.0,-6904.800823688507
7237.0,-6904.75623857975
7238.0,-6904.711653470993
7239.0,-6904.667068362236
7240.0,-6904.622483253479
7241.0,-6904.577898144722
7242.0,-6904.533313035965
7243.0,-6904.488727927208
7244.0,-6904.444142818451
7245.0,-6904.399557709694
7246.0,-6904.354972600937
7247.0,-6904.31038749218
7248.0,-6904.265802383423
7249.0,-6904.221217274666
7250.0,-6904.176632165909
7251.0,-6904.132047057152
7252.0,-6904.087461948395
7253.0,-6904.042876839638
7254.0,-6903.998291730881
7255.0,-6903.953706622124
7256.0,-6903.909121513367
7257.0,-6903.86453640461
7258.0,-6903.819951295853
7259.0,-6903.775366187096
7260.0,-6903.730781078339
7261.0,-6903.686195969582
7262.0,-6903.641610860825
7263.0,-6903.597025752068
7264.0,-6903.552440643311
7265.0,-6903.5078555345535
7266.0,-6903.4632704257965
7267.0,-6903.4186853170395
7268.0,-6903.3741002082825
7269.0,-6903.329515099525
7270.0,-6903.284929990768
7271.0,-6903.240344882011
7272.0,-6903.195759773254
7273.0,-6903.151174664497
7274.0,-6903.10658955574
7275.0,-6903.062004446983
7276.0,-6903.017419338226
7277.0,-6902.972834229469
7278.0,-6902.928249120712
7279.0,-6902.883664011955
7280.0,-6902.839078903198
7281.0,-6902.794493794441
7282.0,-6902.749908685684
7283.0,-6902.705323576927
7284.0,-6902.66073846817
7285.0,-6902.616153359413
7286.0,-6902.571568250656
7287.0,-6902.526983141899
7288.0,-6902.482398033142
7289.0,-6902.437812924385
7290.0,-6902.393227815628
7291.0,-6902.348642706871
7292.0,-6902.304057598114
7293.0,-6902.259472489357
7294.0,-6902.2148873806
7295.0,-6902.170302271843
7296.0,-6902.125717163086
7297.0,-6902.081132054329
7298.0,-6902.036546945572
7299.0,-6901.991961836815
7300.0,-6901.947376728058
7301.0,-6901.902791619301
7302.0,-6901.858206510544
7303.0,-6901.813621401787
7304.0,-6901.76903629303
7305.0,-6901.724451184273
7306.0,-6901.679866075516
7307.0,-6901.635280966759
7308.0,-6901.590695858002
7309.0,-6901.546110749245
7310.0,-6901.501525640488
7311.0,-6901.456940531731
7312.0,-6901.412355422974
7313.0,-6901.367770314217
7314.0,-6901.32318520546
7315.0,-6901.278600096703
7316.0,-6901.234014987946
7317.0,-6901.1894298791885
7318.0,-6901.1448447704315
7319.0,-6901.1002596616745
7320.0,-6901.0556745529175
7321.0,-6901.0110894441605
7322.0,-6900.966504335403
7323.0,-6900.921919226646
7324.0,-6900.877334117889
7325.0,-6900.832749009132
7326.0,-6900.788163900375
7327.0,-6900.743578791618
7328.0,-6900.698993682861
7329.0,-6900.654408574104
7330.0,-6900.609823465347
7331.0,-6900.56523835659
7332.0,-6900.520653247833
7333.0,-6900.476068139076
7334.0,-6900.431483030319
7335.0,-6900.386897921562
7336.0,-6900.342312812805
7337.0,-6900.297727704048
7338.0,-6900.253142595291
7339.0,-6900.208557486534
7340.0,-6900.163972377777
7341.0,-6900.11938726902
7342.0,-6900.074802160263
7343.0,-6900.030217051506
7344.0,-6899.985631942749
7345.0,-6899.941046833992
7346.0,-6899.896461725235
7347.0,-6899.851876616478
7348.0,-6899.807291507721
7349.0,-6899.762706398964
7350.0,-6899.718121290207
7351.0,-6899.67353618145
7352.0,-6899.628951072693
7353.0,-6899.584365963936
7354.0,-6899.539780855179
7355.0,-6899.495195746422
7356.0,-6899.450610637665
7357.0,-6899.406025528908
7358.0,-6899.361440420151
7359.0,-6899.316855311394
7360.0,-6899.272270202637
7361.0,-6899.22768509388
7362.0,-6899.183099985123
7363.0,-6899.138514876366
7364.0,-6899.093929767609
7365.0,-6899.049344658852
7366.0,-6899.004759550095
7367.0,-6898.960174441338
7368.0,-6898.915589332581
7369.0,-6898.871004223824
7370.0,-6898.8264191150665
7371.0,-6898.7818340063095
7372.0,-6898.7372488975525
7373.0,-6898.6926637887955
7374.0,-6898.648078680038
7375.0,-6898.603493571281
7376.0,-6898.558908462524
7377.0,-6898.514323353767
7378.0,-6898.46973824501
7379.0,-6898.425153136253
7380.0,-6898.380568027496
7381.0,-6898.335982918739
7382.0,-6898.291397809982
7383.0,-6898.246812701225
7384.0,-6898.202227592468
7385.0,-6898.157642483711
7386.0,-6898.113057374954
7387.0,-6898.068472266197
7388.0,-6898.02388715744
7389.0,-6897.979302048683
7390.0,-6897.934716939926
7391.0,-6897.890131831169
7392.0,-6897.845546722412
7393.0,-6897.800961613655
7394.0,-6897.756376504898
7395.0,-6897.711791396141
7396.0,-6897.667206287384
7397.0,-6897.622621178627
7398.0,-6897.57803606987
7399.0,-6897.533450961113
7400.0,-6897.488865852356
7401.0,-6897.444280743599
7402.0,-6897.399695634842
7403.0,-6897.355110526085
7404.0,-6897.310525417328
7405.0,-6897.265940308571
7406.0,-6897.221355199814
7407.0,-6897.176770091057
7408.0,-6897.1321849823
7409.0,-6897.087599873543
7410.0,-6897.043014764786
7411.0,-6896.998429656029
7412.0,-6896.953844547272
7413.0,-6896.909259438515
7414.0,-6896.864674329758
7415.0,-6896.820089221001
7416.0,-6896.775504112244
7417.0,-6896.730919003487
7418.0,-6896.68633389473
7419.0,-6896.641748785973
7420.0,-6896.597163677216
7421.0,-6896.552578568459
7422.0,-6896.5079934597015
7423.0,-6896.4634083509445
7424.0,-6896.4188232421875
7425.0,-6896.3742381334305
7426.0,-6896.3296530246735
7427.0,-6896.285067915916
7428.0,-6896.240482807159
7429.0,-6896.195897698402
7430.0,-6896.151312589645
7431.0,-6896.106727480888
7432.0,-6896.062142372131
7433.0,-6896.017557263374
7434.0,-6895.972972154617
7435.0,-6895.92838704586
7436.0,-6895.883801937103
7437.0,-6895.839216828346
7438.0,-6895.794631719589
7439.0,-6895.750046610832
7440.0,-6895.705461502075
7441.0,-6895.660876393318
7442.0,-6895.616291284561
7443.0,-6895.571706175804
7444.0,-6895.527121067047
7445.0,-6895.48253595829
7446.0,-6895.437950849533
7447.0,-6895.393365740776
7448.0,-6895.348780632019
7449.0,-6895.304195523262
7450.0,-6895.259610414505
7451.0,-6895.215025305748
7452.0,-6895.170440196991
7453.0,-6895.125855088234
7454.0,-6895.081269979477
7455.0,-6895.03668487072
7456.0,-6894.992099761963
7457.0,-6894.947514653206
7458.0,-6894.902929544449
7459.0,-6894.858344435692
7460.0,-6894.813759326935
7461.0,-6894.769174218178
7462.0,-6894.724589109421
7463.0,-6894.680004000664
7464.0,-6894.635418891907
7465.0,-6894.59083378315
7466.0,-6894.546248674393
7467.0,-6894.501663565636
7468.0,-6894.457078456879
7469.0,-6894.412493348122
7470.0,-6894.367908239365
7471.0,-6894.323323130608
7472.0,-6894.278738021851
7473.0,-6894.234152913094
7474.0,-6894.189567804337
7475.0,-6894.1449826955795
7476.0,-6894.1003975868225
7477.0,-6894.0558124780655
7478.0,-6894.0112273693085
7479.0,-6893.966642260551
7480.0,-6893.922057151794
7481.0,-6893.877472043037
7482.0,-6893.83288693428
7483.0,-6893.788301825523
7484.0,-6893.743716716766
7485.0,-6893.699131608009
7486.0,-6893.654546499252
7487.0,-6893.609961390495
7488.0,-6893.565376281738
7489.0,-6893.520791172981
7490.0,-6893.476206064224
7491.0,-6893.431620955467
7492.0,-6893.38703584671
7493.0,-6893.342450737953
7494.0,-6893.297865629196
7495.0,-6893.253280520439
7496.0,-6893.208695411682
7497.0,-6893.164110302925
7498.0,-6893.119525194168
7499.0,-6893.074940085411
7500.0,-6893.030354976654
7501.0,-6892.985769867897
7502.0,-6892.94118475914
7503.0,-6892.896599650383
7504.0,-6892.852014541626
7505.0,-6892.807429432869
7506.0,-6892.762844324112
7507.0,-6892.718259215355
7508.0,-6892.673674106598
7509.0,-6892.629088997841
7510.0,-6892.584503889084
7511.0,-6892.539918780327
7512.0,-6892.49533367157
7513.0,-6892.450748562813
7514.0,-6892.406163454056
7515.0,-6892.361578345299
7516.0,-6892.316993236542
7517.0,-6892.272408127785
7518.0,-6892.227823019028
7519.0,-6892.183237910271
7520.0,-6892.138652801514
7521.0,-6892.094067692757
7522.0,-6892.049482584
7523.0,-6892.004897475243
7524.0,-6891.960312366486
7525.0,-6891.915727257729
7526.0,-6891.871142148972
7527.0,-6891.8265570402145
7528.0,-6891.7819719314575
7529.0,-6891.7373868227005
7530.0,-6891.6928017139435
7531.0,-6891.6482166051865
7532.0,-6891.603631496429
7533.0,-6891.559046387672
7534.0,-6891.514461278915
7535.0,-6891.469876170158
7536.0,-6891.425291061401
7537.0,-6891.380705952644
7538.0,-6891.336120843887
7539.0,-6891.29153573513
7540.0,-6891.246950626373
7541.0,-6891.202365517616
7542.0,-6891.157780408859
7543.0,-6891.113195300102
7544.0,-6891.068610191345
7545.0,-6891.024025082588
7546.0,-6890.979439973831
7547.0,-6890.934854865074
7548.0,-6890.890269756317
7549.0,-6890.84568464756
7550.0,-6890.801099538803
7551.0,-6890.756514430046
7552.0,-6890.711929321289
7553.0,-6890.667344212532
7554.0,-6890.622759103775
7555.0,-6890.578173995018
7556.0,-6890.533588886261
7557.0,-6890.489003777504
7558.0,-6890.444418668747
7559.0,-6890.39983355999
7560.0,-6890.355248451233
7561.0,-6890.310663342476
7562.0,-6890.266078233719
7563.0,-6890.221493124962
7564.0,-6890.176908016205
7565.0,-6890.132322907448
7566.0,-6890.087737798691
7567.0,-6890.043152689934
7568.0,-6889.998567581177
7569.0,-6889.95398247242
7570.0,-6889.909397363663
7571.0,-6889.864812254906
7572.0,-6889.820227146149
7573.0,-6889.775642037392
7574.0,-6889.731056928635
7575.0,-6889.686471819878
7576.0,-6889.641886711121
7577.0,-6889.597301602364
7578.0,-6889.552716493607
7579.0,-6889.50813138485
7580.0,-6889.4635462760925
7581.0,-6889.4189611673355
7582.0,-6889.3743760585785
7583.0,-6889.3297909498215
7584.0,-6889.285205841064
7585.0,-6889.240620732307
7586.0,-6889.19603562355
7587.0,-6889.151450514793
7588.0,-6889.106865406036
7589.0,-6889.062280297279
7590.0,-6889.017695188522
7591.0,-6888.973110079765
7592.0,-6888.928524971008
7593.0,-6888.883939862251
7594.0,-6888.839354753494
7595.0,-6888.794769644737
7596.0,-6888.75018453598
7597.0,-6888.705599427223
7598.0,-6888.661014318466
7599.0,-6888.616429209709
7600.0,-6888.571844100952
7601.0,-6888.527258992195
7602.0,-6888.482673883438
7603.0,-6888.438088774681
7604.0,-6888.393503665924
7605.0,-6888.348918557167
7606.0,-6888.30433344841
7607.0,-6888.259748339653
7608.0,-6888.215163230896
7609.0,-6888.170578122139
7610.0,-6888.125993013382
7611.0,-6888.081407904625
7612.0,-6888.036822795868
7613.0,-6887.992237687111
7614.0,-6887.947652578354
7615.0,-6887.903067469597
7616.0,-6887.85848236084
7617.0,-6887.813897252083
7618.0,-6887.769312143326
7619.0,-6887.724727034569
7620.0,-6887.680141925812
7621.0,-6887.635556817055
7622.0,-6887.590971708298
7623.0,-6887.546386599541
7624.0,-6887.501801490784
7625.0,-6887.457216382027
7626.0,-6887.41263127327
7627.0,-6887.368046164513
7628.0,-6887.323461055756
7629.0,-6887.278875946999
7630.0,-6887.234290838242
7631.0,-6887.189705729485
7632.0,-6887.1451206207275
7633.0,-6887.1005355119705
7634.0,-6887.0559504032135
7635.0,-6887.0113652944565
7636.0,-6886.9667801856995
7637.0,-6886.922195076942
7638.0,-6886.877609968185
7639.0,-6886.833024859428
7640.0,-6886.788439750671
7641.0,-6886.743854641914
7642.0,-6886.699269533157
7643.0,-6886.6546844244
7644.0,-6886.610099315643
7645.0,-6886.565514206886
7646.0,-6886.520929098129
7647.0,-6886.476343989372
7648.0,-6886.431758880615
7649.0,-6886.387173771858
7650.0,-6886.342588663101
7651.0,-6886.298003554344
7652.0,-6886.253418445587
7653.0,-6886.20883333683
7654.0,-6886.164248228073
7655.0,-6886.119663119316
7656.0,-6886.075078010559
7657.0,-6886.030492901802
7658.0,-6885.985907793045
7659.0,-6885.941322684288
7660.0,-6885.896737575531
7661.0,-6885.852152466774
7662.0,-6885.807567358017
7663.0,-6885.76298224926
7664.0,-6885.718397140503
7665.0,-6885.673812031746
7666.0,-6885.629226922989
7667.0,-6885.584641814232
7668.0,-6885.540056705475
7669.0,-6885.495471596718
7670.0,-6885.450886487961
7671.0,-6885.406301379204
7672.0,-6885.361716270447
7673.0,-6885.31713116169
7674.0,-6885.272546052933
7675.0,-6885.227960944176
7676.0,-6885.183375835419
7677.0,-6885.138790726662
7678.0,-6885.094205617905
7679.0,-6885.049620509148
7680.0,-6885.005035400391
7681.0,-6884.960450291634
7682.0,-6884.915865182877
7683.0,-6884.87128007412
7684.0,-6884.826694965363
7685.0,-6884.7821098566055
7686.0,-6884.7375247478485
7687.0,-6884.6929396390915
7688.0,-6884.6483545303345
7689.0,-6884.603769421577
7690.0,-6884.55918431282
7691.0,-6884.514599204063
7692.0,-6884.470014095306
7693.0,-6884.425428986549
7694.0,-6884.380843877792
7695.0,-6884.336258769035
7696.0,-6884.291673660278
7697.0,-6884.247088551521
7698.0,-6884.202503442764
7699.0,-6884.157918334007
7700.0,-6884.11333322525
7701.0,-6884.068748116493
7702.0,-6884.024163007736
7703.0,-6883.979577898979
7704.0,-6883.934992790222
7705.0,-6883.890407681465
7706.0,-6883.845822572708
7707.0,-6883.801237463951
7708.0,-6883.756652355194
7709.0,-6883.712067246437
7710.0,-6883.66748213768
7711.0,-6883.622897028923
7712.0,-6883.578311920166
7713.0,-6883.533726811409
7714.0,-6883.489141702652
7715.0,-6883.444556593895
7716.0,-6883.399971485138
7717.0,-6883.355386376381
7718.0,-6883.310801267624
7719.0,-6883.266216158867
7720.0,-6883.22163105011
7721.0,-6883.177045941353
7722.0,-6883.132460832596
7723.0,-6883.087875723839
7724.0,-6883.043290615082
7725.0,-6882.998705506325
7726.0,-6882.954120397568
7727.0,-6882.909535288811
7728.0,-6882.864950180054
7729.0,-6882.820365071297
7730.0,-6882.77577996254
7731.0,-6882.731194853783
7732.0,-6882.686609745026
7733.0,-6882.642024636269
7734.0,-6882.597439527512
7735.0,-6882.552854418755
7736.0,-6882.508269309998
7737.0,-6882.4636842012405
7738.0,-6882.4190990924835
7739.0,-6882.3745139837265
7740.0,-6882.3299288749695
7741.0,-6882.2853437662125
7742.0,-6882.240758657455
7743.0,-6882.196173548698
7744.0,-6882.151588439941
7745.0,-6882.107003331184
7746.0,-6882.062418222427
7747.0,-6882.01783311367
7748.0,-6881.973248004913
7749.0,-6881.928662896156
7750.0,-6881.884077787399
7751.0,-6881.839492678642
7752.0,-6881.794907569885
7753.0,-6881.750322461128
7754.0,-6881.705737352371
7755.0,-6881.661152243614
7756.0,-6881.616567134857
7757.0,-6881.5719820261
7758.0,-6881.527396917343
7759.0,-6881.482811808586
7760.0,-6881.438226699829
7761.0,-6881.393641591072
7762.0,-6881.349056482315
7763.0,-6881.304471373558
7764.0,-6881.259886264801
7765.0,-6881.215301156044
7766.0,-6881.170716047287
7767.0,-6881.12613093853
7768.0,-6881.081545829773
7769.0,-6881.036960721016
7770.0,-6880.992375612259
7771.0,-6880.947790503502
7772.0,-6880.903205394745
7773.0,-6880.858620285988
7774.0,-6880.814035177231
7775.0,-6880.769450068474
7776.0,-6880.724864959717
7777.0,-6880.68027985096
7778.0,-6880.635694742203
7779.0,-6880.591109633446
7780.0,-6880.546524524689
7781.0,-6880.501939415932
7782.0,-6880.457354307175
7783.0,-6880.412769198418
7784.0,-6880.368184089661
7785.0,-6880.323598980904
7786.0,-6880.279013872147
7787.0,-6880.23442876339
7788.0,-6880.189843654633
7789.0,-6880.145258545876
7790.0,-6880.1006734371185
7791.0,-6880.0560883283615
7792.0,-6880.0115032196045
7793.0,-6879.9669181108475
7794.0,-6879.92233300209
7795.0,-6879.877747893333
7796.0,-6879.833162784576
7797.0,-6879.788577675819
7798.0,-6879.743992567062
7799.0,-6879.699407458305
7800.0,-6879.654822349548
7801.0,-6879.610237240791
7802.0,-6879.565652132034
7803.0,-6879.521067023277
7804.0,-6879.47648191452
7805.0,-6879.431896805763
7806.0,-6879.387311697006
7807.0,-6879.342726588249
7808.0,-6879.298141479492
7809.0,-6879.253556370735
7810.0,-6879.208971261978
7811.0,-6879.164386153221
7812.0,-6879.119801044464
7813.0,-6879.075215935707
7814.0,-6879.03063082695
7815.0,-6878.986045718193
7816.0,-6878.941460609436
7817.0,-6878.896875500679
7818.0,-6878.852290391922
7819.0,-6878.807705283165
7820.0,-6878.763120174408
7821.0,-6878.718535065651
7822.0,-6878.673949956894
7823.0,-6878.629364848137
7824.0,-6878.58477973938
7825.0,-6878.540194630623
7826.0,-6878.495609521866
7827.0,-6878.451024413109
7828.0,-6878.406439304352
7829.0,-6878.361854195595
7830.0,-6878.317269086838
7831.0,-6878.272683978081
7832.0,-6878.228098869324
7833.0,-6878.183513760567
7834.0,-6878.13892865181
7835.0,-6878.094343543053
7836.0,-6878.049758434296
7837.0,-6878.005173325539
7838.0,-6877.960588216782
7839.0,-6877.916003108025
7840.0,-6877.871417999268
7841.0,-6877.826832890511
7842.0,-6877.7822477817535
7843.0,-6877.7376626729965
7844.0,-6877.6930775642395
7845.0,-6877.6484924554825
7846.0,-6877.6039073467255
7847.0,-6877.559322237968
7848.0,-6877.514737129211
7849.0,-6877.470152020454
7850.0,-6877.425566911697
7851.0,-6877.38098180294
7852.0,-6877.336396694183
7853.0,-6877.291811585426
7854.0,-6877.247226476669
7855.0,-6877.202641367912
7856.0,-6877.158056259155
7857.0,-6877.113471150398
7858.0,-6877.068886041641
7859.0,-6877.024300932884
7860.0,-6876.979715824127
7861.0,-6876.93513071537
7862.0,-6876.890545606613
7863.0,-6876.845960497856
7864.0,-6876.801375389099
7865.0,-6876.756790280342
7866.0,-6876.712205171585
7867.0,-6876.667620062828
7868.0,-6876.623034954071
7869.0,-6876.578449845314
7870.0,-6876.533864736557
7871.0,-6876.4892796278
7872.0,-6876.444694519043
7873.0,-6876.400109410286
7874.0,-6876.355524301529
7875.0,-6876.310939192772
7876.0,-6876.266354084015
7877.0,-6876.221768975258
7878.0,-6876.177183866501
7879.0,-6876.132598757744
7880.0,-6876.088013648987
7881.0,-6876.04342854023
7882.0,-6875.998843431473
7883.0,-6875.954258322716
7884.0,-6875.909673213959
7885.0,-6875.865088105202
7886.0,-6875.820502996445
7887.0,-6875.775917887688
7888.0,-6875.731332778931
7889.0,-6875.686747670174
7890.0,-6875.642162561417
7891.0,-6875.59757745266
7892.0,-6875.552992343903
7893.0,-6875.508407235146
7894.0,-6875.463822126389
7895.0,-6875.4192370176315
7896.0,-6875.3746519088745
7897.0,-6875.3300668001175
7898.0,-6875.2854816913605
7899.0,-6875.240896582603
7900.0,-6875.196311473846
7901.0,-6875.151726365089
7902.0,-6875.107141256332
7903.0,-6875.062556147575
7904.0,-6875.017971038818
7905.0,-6874.973385930061
7906.0,-6874.928800821304
7907.0,-6874.884215712547
7908.0,-6874.83963060379
7909.0,-6874.795045495033
7910.0,-6874.750460386276
7911.0,-6874.705875277519
7912.0,-6874.661290168762
7913.0,-6874.616705060005
7914.0,-6874.572119951248
7915.0,-6874.527534842491
7916.0,-6874.482949733734
7917.0,-6874.438364624977
7918.0,-6874.39377951622
7919.0,-6874.349194407463
7920.0,-6874.304609298706
7921.0,-6874.260024189949
7922.0,-6874.215439081192
7923.0,-6874.170853972435
7924.0,-6874.126268863678
7925.0,-6874.081683754921
7926.0,-6874.037098646164
7927.0,-6873.992513537407
7928.0,-6873.94792842865
7929.0,-6873.903343319893
7930.0,-6873.858758211136
7931.0,-6873.814173102379
7932.0,-6873.769587993622
7933.0,-6873.725002884865
7934.0,-6873.680417776108
7935.0,-6873.635832667351
7936.0,-6873.591247558594
7937.0,-6873.546662449837
7938.0,-6873.50207734108
7939.0,-6873.457492232323
7940.0,-6873.412907123566
7941.0,-6873.368322014809
7942.0,-6873.323736906052
7943.0,-6873.279151797295
7944.0,-6873.234566688538
7945.0,-6873.189981579781
7946.0,-6873.145396471024
7947.0,-6873.1008113622665
7948.0,-6873.0562262535095
7949.0,-6873.0116411447525
7950.0,-6872.9670560359955
7951.0,-6872.9224709272385
7952.0,-6872.877885818481
7953.0,-6872.833300709724
7954.0,-6872.788715600967
7955.0,-6872.74413049221
7956.0,-6872.699545383453
7957.0,-6872.654960274696
7958.0,-6872.610375165939
7959.0,-6872.565790057182
7960.0,-6872.521204948425
7961.0,-6872.476619839668
7962.0,-6872.432034730911
7963.0,-6872.387449622154
7964.0,-6872.342864513397
7965.0,-6872.29827940464
7966.0,-6872.253694295883
7967.0,-6872.209109187126
7968.0,-6872.164524078369
7969.0,-6872.119938969612
7970.0,-6872.075353860855
7971.0,-6872.030768752098
7972.0,-6871.986183643341
7973.0,-6871.941598534584
7974.0,-6871.897013425827
7975.0,-6871.85242831707
7976.0,-6871.807843208313
7977.0,-6871.763258099556
7978.0,-6871.718672990799
7979.0,-6871.674087882042
7980.0,-6871.629502773285
7981.0,-6871.584917664528
7982.0,-6871.540332555771
7983.0,-6871.495747447014
7984.0,-6871.451162338257
7985.0,-6871.4065772295
7986.0,-6871.361992120743
7987.0,-6871.317407011986
7988.0,-6871.272821903229
7989.0,-6871.228236794472
7990.0,-6871.183651685715
7991.0,-6871.139066576958
7992.0,-6871.094481468201
7993.0,-6871.049896359444
7994.0,-6871.005311250687
7995.0,-6870.96072614193
7996.0,-6870.916141033173
7997.0,-6870.871555924416
7998.0,-6870.826970815659
7999.0,-6870.782385706902
8000.0,-6870.7378005981445
8001.0,-6870.6932154893875
8002.0,-6870.6486303806305
8003.0,-6870.6040452718735
8004.0,-6870.5594601631165
8005.0,-6870.514875054359
8006.0,-6870.470289945602
8007.0,-6870.425704836845
8008.0,-6870.381119728088
8009.0,-6870.336534619331
8010.0,-6870.291949510574
8011.0,-6870.247364401817
8012.0,-6870.20277929306
8013.0,-6870.158194184303
8014.0,-6870.113609075546
8015.0,-6870.069023966789
8016.0,-6870.024438858032
8017.0,-6869.979853749275
8018.0,-6869.935268640518
8019.0,-6869.890683531761
8020.0,-6869.846098423004
8021.0,-6869.801513314247
8022.0,-6869.75692820549
8023.0,-6869.712343096733
8024.0,-6869.667757987976
8025.0,-6869.623172879219
8026.0,-6869.578587770462
8027.0,-6869.534002661705
8028.0,-6869.489417552948
8029.0,-6869.444832444191
8030.0,-6869.400247335434
8031.0,-6869.355662226677
8032.0,-6869.31107711792
8033.0,-6869.266492009163
8034.0,-6869.221906900406
8035.0,-6869.177321791649
8036.0,-6869.132736682892
8037.0,-6869.088151574135
8038.0,-6869.043566465378
8039.0,-6868.998981356621
8040.0,-6868.954396247864
8041.0,-6868.909811139107
8042.0,-6868.86522603035
8043.0,-6868.820640921593
8044.0,-6868.776055812836
8045.0,-6868.731470704079
8046.0,-6868.686885595322
8047.0,-6868.642300486565
8048.0,-6868.597715377808
8049.0,-6868.553130269051
8050.0,-6868.508545160294
8051.0,-6868.463960051537
8052.0,-6868.4193749427795
8053.0,-6868.3747898340225
8054.0,-6868.3302047252655
8055.0,-6868.2856196165085
8056.0,-6868.2410345077515
8057.0,-6868.196449398994
8058.0,-6868.151864290237
8059.0,-6868.10727918148
8060.0,-6868.062694072723
8061.0,-6868.018108963966
8062.0,-6867.973523855209
8063.0,-6867.928938746452
8064.0,-6867.884353637695
8065.0,-6867.839768528938
8066.0,-6867.795183420181
8067.0,-6867.750598311424
8068.0,-6867.706013202667
8069.0,-6867.66142809391
8070.0,-6867.616842985153
8071.0,-6867.572257876396
8072.0,-6867.527672767639
8073.0,-6867.483087658882
8074.0,-6867.438502550125
8075.0,-6867.393917441368
8076.0,-6867.349332332611
8077.0,-6867.304747223854
8078.0,-6867.260162115097
8079.0,-6867.21557700634
8080.0,-6867.170991897583
8081.0,-6867.126406788826
8082.0,-6867.081821680069
8083.0,-6867.037236571312
8084.0,-6866.992651462555
8085.0,-6866.948066353798
8086.0,-6866.903481245041
8087.0,-6866.858896136284
8088.0,-6866.814311027527
8089.0,-6866.76972591877
8090.0,-6866.725140810013
8091.0,-6866.680555701256
8092.0,-6866.635970592499
8093.0,-6866.591385483742
8094.0,-6866.546800374985
8095.0,-6866.502215266228
8096.0,-6866.457630157471
8097.0,-6866.413045048714
8098.0,-6866.368459939957
8099.0,-6866.3238748312
8100.0,-6866.279289722443
8101.0,-6866.234704613686
8102.0,-6866.190119504929
8103.0,-6866.145534396172
8104.0,-6866.100949287415
8105.0,-6866.0563641786575
8106.0,-6866.0117790699005
8107.0,-6865.9671939611435
8108.0,-6865.9226088523865
8109.0,-6865.8780237436295
8110.0,-6865.833438634872
8111.0,-6865.788853526115
8112.0,-6865.744268417358
8113.0,-6865.699683308601
8114.0,-6865.655098199844
8115.0,-6865.610513091087
8116.0,-6865.56592798233
8117.0,-6865.521342873573
8118.0,-6865.476757764816
8119.0,-6865.432172656059
8120.0,-6865.387587547302
8121.0,-6865.343002438545
8122.0,-6865.298417329788
8123.0,-6865.253832221031
8124.0,-6865.209247112274
8125.0,-6865.164662003517
8126.0,-6865.12007689476
8127.0,-6865.075491786003
8128.0,-6865.030906677246
8129.0,-6864.986321568489
8130.0,-6864.941736459732
8131.0,-6864.897151350975
8132.0,-6864.852566242218
8133.0,-6864.807981133461
8134.0,-6864.763396024704
8135.0,-6864.718810915947
8136.0,-6864.67422580719
8137.0,-6864.629640698433
8138.0,-6864.585055589676
8139.0,-6864.540470480919
8140.0,-6864.495885372162
8141.0,-6864.451300263405
8142.0,-6864.406715154648
8143.0,-6864.362130045891
8144.0,-6864.317544937134
8145.0,-6864.272959828377
8146.0,-6864.22837471962
8147.0,-6864.183789610863
8148.0,-6864.139204502106
8149.0,-6864.094619393349
8150.0,-6864.050034284592
8151.0,-6864.005449175835
8152.0,-6863.960864067078
8153.0,-6863.916278958321
8154.0,-6863.871693849564
8155.0,-6863.827108740807
8156.0,-6863.78252363205
8157.0,-6863.7379385232925
8158.0,-6863.6933534145355
8159.0,-6863.6487683057785
8160.0,-6863.6041831970215
8161.0,-6863.5595980882645
8162.0,-6863.515012979507
8163.0,-6863.47042787075
8164.0,-6863.425842761993
8165.0,-6863.381257653236
8166.0,-6863.336672544479
8167.0,-6863.292087435722
8168.0,-6863.247502326965
8169.0,-6863.202917218208
8170.0,-6863.158332109451
8171.0,-6863.113747000694
8172.0,-6863.069161891937
8173.0,-6863.02457678318
8174.0,-6862.979991674423
8175.0,-6862.935406565666
8176.0,-6862.890821456909
8177.0,-6862.846236348152
8178.0,-6862.801651239395
8179.0,-6862.757066130638
8180.0,-6862.712481021881
8181.0,-6862.667895913124
8182.0,-6862.623310804367
8183.0,-6862.57872569561
8184.0,-6862.534140586853
8185.0,-6862.489555478096
8186.0,-6862.444970369339
8187.0,-6862.400385260582
8188.0,-6862.355800151825
8189.0,-6862.311215043068
8190.0,-6862.266629934311
8191.0,-6862.222044825554
8192.0,-6862.177459716797
8193.0,-6862.198897490899
8194.0,-6862.220335265
8195.0,-6862.241773039103
8196.0,-6862.263210813205
8197.0,-6862.284648587306
8198.0,-6862.306086361408
8199.0,-6862.32752413551
8200.0,-6862.348961909612
8201.0,-6862.370399683714
8202.0,-6862.391837457816
8203.0,-6862.413275231917
8204.0,-6862.43471300602
8205.0,-6862.456150780122
8206.0,-6862.477588554223
8207.0,-6862.499026328325
8208.0,-6862.5204641024275
8209.0,-6862.541901876529
8210.0,-6862.563339650631
8211.0,-6862.584777424733
8212.0,-6862.606215198834
8213.0,-6862.627652972937
8214.0,-6862.649090747039
8215.0,-6862.67052852114
8216.0,-6862.691966295242
8217.0,-6862.7134040693445
8218.0,-6862.734841843446
8219.0,-6862.756279617548
8220.0,-6862.77771739165
8221.0,-6862.7991551657515
8222.0,-6862.820592939854
8223.0,-6862.842030713956
8224.0,-6862.863468488057
8225.0,-6862.884906262159
8226.0,-6862.9063440362615
8227.0,-6862.927781810363
8228.0,-6862.949219584465
8229.0,-6862.970657358567
8230.0,-6862.9920951326685
8231.0,-6863.013532906771
8232.0,-6863.034970680873
8233.0,-6863.056408454974
8234.0,-6863.077846229076
8235.0,-6863.099284003179
8236.0,-6863.12072177728
8237.0,-6863.142159551382
8238.0,-6863.163597325484
8239.0,-6863.185035099586
8240.0,-6863.206472873688
8241.0,-6863.22791064779
8242.0,-6863.249348421891
8243.0,-6863.270786195993
8244.0,-6863.292223970096
8245.0,-6863.313661744197
8246.0,-6863.335099518299
8247.0,-6863.356537292401
8248.0,-6863.377975066503
8249.0,-6863.399412840605
8250.0,-6863.420850614707
8251.0,-6863.442288388808
8252.0,-6863.4637261629105
8253.0,-6863.485163937013
8254.0,-6863.506601711114
8255.0,-6863.528039485216
8256.0,-6863.549477259318
8257.0,-6863.57091503342
8258.0,-6863.592352807522
8259.0,-6863.613790581624
8260.0,-6863.635228355725
8261.0,-6863.6566661298275
8262.0,-6863.67810390393
8263.0,-6863.699541678031
8264.0,-6863.720979452133
8265.0,-6863.742417226235
8266.0,-6863.763855000337
8267.0,-6863.785292774439
8268.0,-6863.806730548541
8269.0,-6863.828168322642
8270.0,-6863.8496060967445
8271.0,-6863.871043870847
8272.0,-6863.892481644948
8273.0,-6863.91391941905
8274.0,-6863.935357193152
8275.0,-6863.956794967254
8276.0,-6863.978232741356
8277.0,-6863.999670515458
8278.0,-6864.021108289559
8279.0,-6864.042546063662
8280.0,-6864.063983837764
8281.0,-6864.085421611865
8282.0,-6864.106859385967
8283.0,-6864.128297160069
8284.0,-6864.149734934171
8285.0,-6864.171172708273
8286.0,-6864.192610482375
8287.0,-6864.214048256476
8288.0,-6864.235486030579
8289.0,-6864.256923804681
8290.0,-6864.278361578782
8291.0,-6864.299799352884
8292.0,-6864.3212371269865
8293.0,-6864.342674901088
8294.0,-6864.36411267519
8295.0,-6864.385550449292
8296.0,-6864.4069882233935
8297.0,-6864.428425997496
8298.0,-6864.449863771598
8299.0,-6864.471301545699
8300.0,-6864.492739319801
8301.0,-6864.5141770939035
8302.0,-6864.535614868005
8303.0,-6864.557052642107
8304.0,-6864.578490416209
8305.0,-6864.5999281903105
8306.0,-6864.621365964413
8307.0,-6864.642803738515
8308.0,-6864.664241512616
8309.0,-6864.685679286718
8310.0,-6864.707117060821
8311.0,-6864.728554834922
8312.0,-6864.749992609024
8313.0,-6864.771430383126
8314.0,-6864.7928681572275
8315.0,-6864.81430593133
8316.0,-6864.835743705432
8317.0,-6864.857181479533
8318.0,-6864.878619253635
8319.0,-6864.900057027738
8320.0,-6864.921494801839
8321.0,-6864.942932575941
8322.0,-6864.964370350043
8323.0,-6864.985808124145
8324.0,-6865.007245898247
8325.0,-6865.028683672349
8326.0,-6865.05012144645
8327.0,-6865.071559220552
8328.0,-6865.092996994655
8329.0,-6865.114434768756
8330.0,-6865.135872542858
8331.0,-6865.15731031696
8332.0,-6865.178748091062
8333.0,-6865.200185865164
8334.0,-6865.221623639266
8335.0,-6865.243061413367
8336.0,-6865.2644991874695
8337.0,-6865.285936961572
8338.0,-6865.307374735673
8339.0,-6865.328812509775
8340.0,-6865.350250283877
8341.0,-6865.371688057979
8342.0,-6865.393125832081
8343.0,-6865.414563606183
8344.0,-6865.436001380284
8345.0,-6865.4574391543865
8346.0,-6865.478876928489
8347.0,-6865.50031470259
8348.0,-6865.521752476692
8349.0,-6865.543190250794
8350.0,-6865.564628024896
8351.0,-6865.586065798998
8352.0,-6865.6075035731
8353.0,-6865.628941347201
8354.0,-6865.650379121304
8355.0,-6865.671816895406
8356.0,-6865.693254669507
8357.0,-6865.714692443609
8358.0,-6865.736130217711
8359.0,-6865.757567991813
8360.0,-6865.779005765915
8361.0,-6865.800443540017
8362.0,-6865.821881314118
8363.0,-6865.843319088221
8364.0,-6865.864756862323
8365.0,-6865.886194636424
8366.0,-6865.907632410526
8367.0,-6865.9290701846285
8368.0,-6865.95050795873
8369.0,-6865.971945732832
8370.0,-6865.993383506934
8371.0,-6866.014821281035
8372.0,-6866.036259055138
8373.0,-6866.05769682924
8374.0,-6866.079134603341
8375.0,-6866.100572377443
8376.0,-6866.1220101515455
8377.0,-6866.143447925647
8378.0,-6866.164885699749
8379.0,-6866.186323473851
8380.0,-6866.2077612479525
8381.0,-6866.229199022055
8382.0,-6866.250636796157
8383.0,-6866.272074570258
8384.0,-6866.29351234436
8385.0,-6866.314950118463
8386.0,-6866.336387892564
8387.0,-6866.357825666666
8388.0,-6866.379263440768
8389.0,-6866.4007012148695
8390.0,-6866.422138988972
8391.0,-6866.443576763074
8392.0,-6866.465014537175
8393.0,-6866.486452311277
8394.0,-6866.50789008538
8395.0,-6866.529327859481
8396.0,-6866.550765633583
8397.0,-6866.572203407685
8398.0,-6866.593641181787
8399.0,-6866.615078955889
8400.0,-6866.636516729991
8401.0,-6866.657954504092
8402.0,-6866.679392278194
8403.0,-6866.700830052297
8404.0,-6866.722267826398
8405.0,-6866.7437056005
8406.0,-6866.765143374602
8407.0,-6866.786581148704
8408.0,-6866.808018922806
8409.0,-6866.829456696908
8410.0,-6866.850894471009
8411.0,-6866.8723322451115
8412.0,-6866.893770019214
8413.0,-6866.915207793315
8414.0,-6866.936645567417
8415.0,-6866.958083341519
8416.0,-6866.979521115621
8417.0,-6867.000958889723
8418.0,-6867.022396663825
8419.0,-6867.043834437926
8420.0,-6867.0652722120285
8421.0,-6867.086709986131
8422.0,-6867.108147760232
8423.0,-6867.129585534334
8424.0,-6867.151023308436
8425.0,-6867.172461082538
8426.0,-6867.19389885664
8427.0,-6867.215336630742
8428.0,-6867.236774404843
8429.0,-6867.2582121789455
8430.0,-6867.279649953048
8431.0,-6867.301087727149
8432.0,-6867.322525501251
8433.0,-6867.343963275353
8434.0,-6867.365401049455
8435.0,-6867.386838823557
8436.0,-6867.408276597659
8437.0,-6867.42971437176
8438.0,-6867.451152145863
8439.0,-6867.472589919965
8440.0,-6867.494027694066
8441.0,-6867.515465468168
8442.0,-6867.5369032422705
8443.0,-6867.558341016372
8444.0,-6867.579778790474
8445.0,-6867.601216564576
8446.0,-6867.622654338677
8447.0,-6867.64409211278
8448.0,-6867.665529886882
8449.0,-6867.686967660983
8450.0,-6867.708405435085
8451.0,-6867.7298432091875
8452.0,-6867.751280983289
8453.0,-6867.772718757391
8454.0,-6867.794156531493
8455.0,-6867.8155943055945
8456.0,-6867.837032079697
8457.0,-6867.858469853799
8458.0,-6867.8799076279
8459.0,-6867.901345402002
8460.0,-6867.9227831761045
8461.0,-6867.944220950206
8462.0,-6867.965658724308
8463.0,-6867.98709649841
8464.0,-6868.0085342725115
8465.0,-6868.029972046614
8466.0,-6868.051409820716
8467.0,-6868.072847594817
8468.0,-6868.094285368919
8469.0,-6868.115723143022
8470.0,-6868.137160917123
8471.0,-6868.158598691225
8472.0,-6868.180036465327
8473.0,-6868.2014742394285
8474.0,-6868.222912013531
8475.0,-6868.244349787633
8476.0,-6868.265787561734
8477.0,-6868.287225335836
8478.0,-6868.308663109939
8479.0,-6868.33010088404
8480.0,-6868.351538658142
8481.0,-6868.372976432244
8482.0,-6868.394414206346
8483.0,-6868.415851980448
8484.0,-6868.43728975455
8485.0,-6868.458727528651
8486.0,-6868.480165302753
8487.0,-6868.501603076856
8488.0,-6868.523040850957
8489.0,-6868.544478625059
8490.0,-6868.565916399161
8491.0,-6868.587354173263
8492.0,-6868.608791947365
8493.0,-6868.630229721467
8494.0,-6868.651667495568
8495.0,-6868.6731052696705
8496.0,-6868.694543043773
8497.0,-6868.715980817874
8498.0,-6868.737418591976
8499.0,-6868.758856366078
8500.0,-6868.78029414018
8501.0,-6868.801731914282
8502.0,-6868.823169688384
8503.0,-6868.844607462485
8504.0,-6868.8660452365875
8505.0,-6868.88748301069
8506.0,-6868.908920784791
8507.0,-6868.930358558893
8508.0,-6868.951796332995
8509.0,-6868.973234107097
8510.0,-6868.994671881199
8511.0,-6869.016109655301
8512.0,-6869.037547429402
8513.0,-6869.058985203505
8514.0,-6869.080422977607
8515.0,-6869.101860751708
8516.0,-6869.12329852581
8517.0,-6869.144736299912
8518.0,-6869.166174074014
8519.0,-6869.187611848116
8520.0,-6869.209049622218
8521.0,-6869.230487396319
8522.0,-6869.251925170422
8523.0,-6869.273362944524
8524.0,-6869.294800718625
8525.0,-6869.316238492727
8526.0,-6869.3376762668295
8527.0,-6869.359114040931
8528.0,-6869.380551815033
8529.0,-6869.401989589135
8530.0,-6869.423427363236
8531.0,-6869.444865137339
8532.0,-6869.466302911441
8533.0,-6869.487740685542
8534.0,-6869.509178459644
8535.0,-6869.5306162337465
8536.0,-6869.552054007848
8537.0,-6869.57349178195
8538.0,-6869.594929556052
8539.0,-6869.6163673301535
8540.0,-6869.637805104256
8541.0,-6869.659242878358
8542.0,-6869.680680652459
8543.0,-6869.702118426561
8544.0,-6869.723556200664
8545.0,-6869.744993974765
8546.0,-6869.766431748867
8547.0,-6869.787869522969
8548.0,-6869.8093072970705
8549.0,-6869.830745071173
8550.0,-6869.852182845275
8551.0,-6869.873620619376
8552.0,-6869.895058393478
8553.0,-6869.916496167581
8554.0,-6869.937933941682
8555.0,-6869.959371715784
8556.0,-6869.980809489886
8557.0,-6870.002247263988
8558.0,-6870.02368503809
8559.0,-6870.045122812192
8560.0,-6870.066560586293
8561.0,-6870.087998360395
8562.0,-6870.109436134498
8563.0,-6870.130873908599
8564.0,-6870.152311682701
8565.0,-6870.173749456803
8566.0,-6870.195187230905
8567.0,-6870.216625005007
8568.0,-6870.238062779109
8569.0,-6870.25950055321
8570.0,-6870.2809383273125
8571.0,-6870.302376101415
8572.0,-6870.323813875516
8573.0,-6870.345251649618
8574.0,-6870.36668942372
8575.0,-6870.388127197822
8576.0,-6870.409564971924
8577.0,-6870.431002746026
8578.0,-6870.452440520127
8579.0,-6870.4738782942295
8580.0,-6870.495316068332
8581.0,-6870.516753842433
8582.0,-6870.538191616535
8583.0,-6870.559629390637
8584.0,-6870.581067164739
8585.0,-6870.602504938841
8586.0,-6870.623942712943
8587.0,-6870.645380487044
8588.0,-6870.666818261147
8589.0,-6870.688256035249
8590.0,-6870.70969380935
8591.0,-6870.731131583452
8592.0,-6870.752569357554
8593.0,-6870.774007131656
8594.0,-6870.795444905758
8595.0,-6870.81688267986
8596.0,-6870.838320453961
8597.0,-6870.859758228064
8598.0,-6870.881196002166
8599.0,-6870.902633776267
8600.0,-6870.924071550369
8601.0,-6870.9455093244715
8602.0,-6870.966947098573
8603.0,-6870.988384872675
8604.0,-6871.009822646777
8605.0,-6871.031260420878
8606.0,-6871.052698194981
8607.0,-6871.074135969083
8608.0,-6871.095573743184
8609.0,-6871.117011517286
8610.0,-6871.1384492913885
8611.0,-6871.15988706549
8612.0,-6871.181324839592
8613.0,-6871.202762613694
8614.0,-6871.2242003877955
8615.0,-6871.245638161898
8616.0,-6871.267075936
8617.0,-6871.288513710101
8618.0,-6871.309951484203
8619.0,-6871.3313892583055
8620.0,-6871.352827032407
8621.0,-6871.374264806509
8622.0,-6871.395702580611
8623.0,-6871.4171403547125
8624.0,-6871.438578128815
8625.0,-6871.460015902917
8626.0,-6871.481453677018
8627.0,-6871.50289145112
8628.0,-6871.524329225223
8629.0,-6871.545766999324
8630.0,-6871.567204773426
8631.0,-6871.588642547528
8632.0,-6871.6100803216295
8633.0,-6871.631518095732
8634.0,-6871.652955869834
8635.0,-6871.674393643935
8636.0,-6871.695831418037
8637.0,-6871.71726919214
8638.0,-6871.738706966241
8639.0,-6871.760144740343
8640.0,-6871.781582514445
8641.0,-6871.803020288547
8642.0,-6871.824458062649
8643.0,-6871.845895836751
8644.0,-6871.867333610852
8645.0,-6871.888771384954
8646.0,-6871.910209159057
8647.0,-6871.931646933158
8648.0,-6871.95308470726
8649.0,-6871.974522481362
8650.0,-6871.995960255464
8651.0,-6872.017398029566
8652.0,-6872.038835803668
8653.0,-6872.060273577769
8654.0,-6872.0817113518715
8655.0,-6872.103149125974
8656.0,-6872.124586900075
8657.0,-6872.146024674177
8658.0,-6872.167462448279
8659.0,-6872.188900222381
8660.0,-6872.210337996483
8661.0,-6872.231775770585
8662.0,-6872.253213544686
8663.0,-6872.2746513187885
8664.0,-6872.296089092891
8665.0,-6872.317526866992
8666.0,-6872.338964641094
8667.0,-6872.360402415196
8668.0,-6872.381840189298
8669.0,-6872.4032779634
8670.0,-6872.424715737502
8671.0,-6872.446153511603
8672.0,-6872.467591285706
8673.0,-6872.489029059808
8674.0,-6872.510466833909
8675.0,-6872.531904608011
8676.0,-6872.553342382113
8677.0,-6872.574780156215
8678.0,-6872.596217930317
8679.0,-6872.617655704419
8680.0,-6872.63909347852
8681.0,-6872.660531252623
8682.0,-6872.681969026725
8683.0,-6872.703406800826
8684.0,-6872.724844574928
8685.0,-6872.7462823490305
8686.0,-6872.767720123132
8687.0,-6872.789157897234
8688.0,-6872.810595671336
8689.0,-6872.832033445437
8690.0,-6872.85347121954
8691.0,-6872.874908993642
8692.0,-6872.896346767743
8693.0,-6872.917784541845
8694.0,-6872.9392223159475
8695.0,-6872.960660090049
8696.0,-6872.982097864151
8697.0,-6873.003535638253
8698.0,-6873.0249734123545
8699.0,-6873.046411186457
8700.0,-6873.067848960559
8701.0,-6873.08928673466
8702.0,-6873.110724508762
8703.0,-6873.132162282865
8704.0,-6873.153600056966
8705.0,-6873.175037831068
8706.0,-6873.19647560517
8707.0,-6873.2179133792715
8708.0,-6873.239351153374
8709.0,-6873.260788927476
8710.0,-6873.282226701577
8711.0,-6873.303664475679
8712.0,-6873.325102249782
8713.0,-6873.346540023883
8714.0,-6873.367977797985
8715.0,-6873.389415572087
8716.0,-6873.410853346189
8717.0,-6873.432291120291
8718.0,-6873.453728894393
8719.0,-6873.475166668494
8720.0,-6873.496604442596
8721.0,-6873.518042216699
8722.0,-6873.5394799908
8723.0,-6873.560917764902
8724.0,-6873.582355539004
8725.0,-6873.603793313106
8726.0,-6873.625231087208
8727.0,-6873.64666886131
8728.0,-6873.668106635411
8729.0,-6873.6895444095135
8730.0,-6873.710982183616
8731.0,-6873.732419957717
8732.0,-6873.753857731819
8733.0,-6873.775295505921
8734.0,-6873.796733280023
8735.0,-6873.818171054125
8736.0,-6873.839608828227
8737.0,-6873.861046602328
8738.0,-6873.8824843764305
8739.0,-6873.903922150533
8740.0,-6873.925359924634
8741.0,-6873.946797698736
8742.0,-6873.968235472838
8743.0,-6873.98967324694
8744.0,-6874.011111021042
8745.0,-6874.032548795144
8746.0,-6874.053986569245
8747.0,-6874.075424343348
8748.0,-6874.09686211745
8749.0,-6874.118299891551
8750.0,-6874.139737665653
8751.0,-6874.161175439755
8752.0,-6874.182613213857
8753.0,-6874.204050987959
8754.0,-6874.225488762061
8755.0,-6874.246926536162
8756.0,-6874.268364310265
8757.0,-6874.289802084367
8758.0,-6874.311239858468
8759.0,-6874.33267763257
8760.0,-6874.3541154066725
8761.0,-6874.375553180774
8762.0,-6874.396990954876
8763.0,-6874.418428728978
8764.0,-6874.439866503079
8765.0,-6874.461304277182
8766.0,-6874.482742051284
8767.0,-6874.504179825385
8768.0,-6874.525617599487
8769.0,-6874.5470553735895
8770.0,-6874.568493147691
8771.0,-6874.589930921793
8772.0,-6874.611368695895
8773.0,-6874.6328064699965
8774.0,-6874.654244244099
8775.0,-6874.675682018201
8776.0,-6874.697119792302
8777.0,-6874.718557566404
8778.0,-6874.7399953405065
8779.0,-6874.761433114608
8780.0,-6874.78287088871
8781.0,-6874.804308662812
8782.0,-6874.8257464369135
8783.0,-6874.847184211016
8784.0,-6874.868621985118
8785.0,-6874.890059759219
8786.0,-6874.911497533321
8787.0,-6874.932935307424
8788.0,-6874.954373081525
8789.0,-6874.975810855627
8790.0,-6874.997248629729
8791.0,-6875.0186864038305
8792.0,-6875.040124177933
8793.0,-6875.061561952035
8794.0,-6875.082999726136
8795.0,-6875.104437500238
8796.0,-6875.125875274341
8797.0,-6875.147313048442
8798.0,-6875.168750822544
8799.0,-6875.190188596646
8800.0,-6875.211626370748
8801.0,-6875.23306414485
8802.0,-6875.254501918952
8803.0,-6875.275939693053
8804.0,-6875.2973774671555
8805.0,-6875.318815241258
8806.0,-6875.340253015359
8807.0,-6875.361690789461
8808.0,-6875.383128563563
8809.0,-6875.404566337665
8810.0,-6875.426004111767
8811.0,-6875.447441885869
8812.0,-6875.46887965997
8813.0,-6875.4903174340725
8814.0,-6875.511755208175
8815.0,-6875.533192982276
8816.0,-6875.554630756378
8817.0,-6875.57606853048
8818.0,-6875.597506304582
8819.0,-6875.618944078684
8820.0,-6875.640381852786
8821.0,-6875.661819626887
8822.0,-6875.6832574009895
8823.0,-6875.704695175092
8824.0,-6875.726132949193
8825.0,-6875.747570723295
8826.0,-6875.769008497397
8827.0,-6875.790446271499
8828.0,-6875.811884045601
8829.0,-6875.833321819703
8830.0,-6875.854759593804
8831.0,-6875.876197367907
8832.0,-6875.897635142009
8833.0,-6875.91907291611
8834.0,-6875.940510690212
8835.0,-6875.961948464314
8836.0,-6875.983386238416
8837.0,-6876.004824012518
8838.0,-6876.02626178662
8839.0,-6876.047699560721
8840.0,-6876.069137334824
8841.0,-6876.090575108926
8842.0,-6876.112012883027
8843.0,-6876.133450657129
8844.0,-6876.1548884312315
8845.0,-6876.176326205333
8846.0,-6876.197763979435
8847.0,-6876.219201753537
8848.0,-6876.240639527638
8849.0,-6876.262077301741
8850.0,-6876.283515075843
8851.0,-6876.304952849944
8852.0,-6876.326390624046
8853.0,-6876.3478283981485
8854.0,-6876.36926617225
8855.0,-6876.390703946352
8856.0,-6876.412141720454
8857.0,-6876.4335794945555
8858.0,-6876.455017268658
8859.0,-6876.47645504276
8860.0,-6876.497892816861
8861.0,-6876.519330590963
8862.0,-6876.540768365066
8863.0,-6876.562206139167
8864.0,-6876.583643913269
8865.0,-6876.605081687371
8866.0,-6876.6265194614725
8867.0,-6876.647957235575
8868.0,-6876.669395009677
8869.0,-6876.690832783778
8870.0,-6876.71227055788
8871.0,-6876.733708331983
8872.0,-6876.755146106084
8873.0,-6876.776583880186
8874.0,-6876.798021654288
8875.0,-6876.81945942839
8876.0,-6876.840897202492
8877.0,-6876.862334976594
8878.0,-6876.883772750695
8879.0,-6876.905210524797
8880.0,-6876.9266482989
8881.0,-6876.948086073001
8882.0,-6876.969523847103
8883.0,-6876.990961621205
8884.0,-6877.012399395307
8885.0,-6877.033837169409
8886.0,-6877.055274943511
8887.0,-6877.076712717612
8888.0,-6877.0981504917145
8889.0,-6877.119588265817
8890.0,-6877.141026039918
8891.0,-6877.16246381402
8892.0,-6877.183901588122
8893.0,-6877.205339362224
8894.0,-6877.226777136326
8895.0,-6877.248214910428
8896.0,-6877.269652684529
8897.0,-6877.2910904586315
8898.0,-6877.312528232734
8899.0,-6877.333966006835
8900.0,-6877.355403780937
8901.0,-6877.376841555039
8902.0,-6877.398279329141
8903.0,-6877.419717103243
8904.0,-6877.441154877345
8905.0,-6877.462592651446
8906.0,-6877.484030425549
8907.0,-6877.505468199651
8908.0,-6877.526905973752
8909.0,-6877.548343747854
8910.0,-6877.569781521956
8911.0,-6877.591219296058
8912.0,-6877.61265707016
8913.0,-6877.634094844262
8914.0,-6877.655532618363
8915.0,-6877.676970392466
8916.0,-6877.698408166568
8917.0,-6877.719845940669
8918.0,-6877.741283714771
8919.0,-6877.7627214888735
8920.0,-6877.784159262975
8921.0,-6877.805597037077
8922.0,-6877.827034811179
8923.0,-6877.84847258528
8924.0,-6877.869910359383
8925.0,-6877.891348133485
8926.0,-6877.912785907586
8927.0,-6877.934223681688
8928.0,-6877.9556614557905
8929.0,-6877.977099229892
8930.0,-6877.998537003994
8931.0,-6878.019974778096
8932.0,-6878.0414125521975
8933.0,-6878.0628503263
8934.0,-6878.084288100402
8935.0,-6878.105725874503
8936.0,-6878.127163648605
8937.0,-6878.1486014227075
8938.0,-6878.170039196809
8939.0,-6878.191476970911
8940.0,-6878.212914745013
8941.0,-6878.2343525191145
8942.0,-6878.255790293217
8943.0,-6878.277228067319
8944.0,-6878.29866584142
8945.0,-6878.320103615522
8946.0,-6878.341541389625
8947.0,-6878.362979163726
8948.0,-6878.384416937828
8949.0,-6878.40585471193
8950.0,-6878.427292486032
8951.0,-6878.448730260134
8952.0,-6878.470168034236
8953.0,-6878.491605808337
8954.0,-6878.513043582439
8955.0,-6878.534481356542
8956.0,-6878.555919130643
8957.0,-6878.577356904745
8958.0,-6878.598794678847
8959.0,-6878.620232452949
8960.0,-6878.641670227051
8961.0,-6878.663108001153
8962.0,-6878.684545775254
8963.0,-6878.7059835493565
8964.0,-6878.727421323459
8965.0,-6878.74885909756
8966.0,-6878.770296871662
8967.0,-6878.791734645764
8968.0,-6878.813172419866
8969.0,-6878.834610193968
8970.0,-6878.85604796807
8971.0,-6878.877485742171
8972.0,-6878.8989235162735
8973.0,-6878.920361290376
8974.0,-6878.941799064477
8975.0,-6878.963236838579
8976.0,-6878.984674612681
8977.0,-6879.006112386783
8978.0,-6879.027550160885
8979.0,-6879.048987934987
8980.0,-6879.070425709088
8981.0,-6879.0918634831905
8982.0,-6879.113301257293
8983.0,-6879.134739031394
8984.0,-6879.156176805496
8985.0,-6879.177614579598
8986.0,-6879.1990523537
8987.0,-6879.220490127802
8988.0,-6879.241927901904
8989.0,-6879.263365676005
8990.0,-6879.284803450108
8991.0,-6879.30624122421
8992.0,-6879.327678998311
8993.0,-6879.349116772413
8994.0,-6879.370554546515
8995.0,-6879.391992320617
8996.0,-6879.413430094719
8997.0,-6879.434867868821
8998.0,-6879.456305642922
8999.0,-6879.477743417025
9000.0,-6879.499181191127
9001.0,-6879.520618965228
9002.0,-6879.54205673933
9003.0,-6879.5634945134325
9004.0,-6879.584932287534
9005.0,-6879.606370061636
9006.0,-6879.627807835738
9007.0,-6879.649245609839
9008.0,-6879.670683383942
9009.0,-6879.692121158044
9010.0,-6879.713558932145
9011.0,-6879.734996706247
9012.0,-6879.7564344803495
9013.0,-6879.777872254451
9014.0,-6879.799310028553
9015.0,-6879.820747802655
9016.0,-6879.8421855767565
9017.0,-6879.863623350859
9018.0,-6879.885061124961
9019.0,-6879.906498899062
9020.0,-6879.927936673164
9021.0,-6879.949374447267
9022.0,-6879.970812221368
9023.0,-6879.99224999547
9024.0,-6880.013687769572
9025.0,-6880.0351255436735
9026.0,-6880.056563317776
9027.0,-6880.078001091878
9028.0,-6880.099438865979
9029.0,-6880.120876640081
9030.0,-6880.142314414184
9031.0,-6880.163752188285
9032.0,-6880.185189962387
9033.0,-6880.206627736489
9034.0,-6880.228065510591
9035.0,-6880.249503284693
9036.0,-6880.270941058795
9037.0,-6880.292378832896
9038.0,-6880.313816606998
9039.0,-6880.335254381101
9040.0,-6880.356692155202
9041.0,-6880.378129929304
9042.0,-6880.399567703406
9043.0,-6880.421005477508
9044.0,-6880.44244325161
9045.0,-6880.463881025712
9046.0,-6880.485318799813
9047.0,-6880.5067565739155
9048.0,-6880.528194348018
9049.0,-6880.549632122119
9050.0,-6880.571069896221
9051.0,-6880.592507670323
9052.0,-6880.613945444425
9053.0,-6880.635383218527
9054.0,-6880.656820992629
9055.0,-6880.67825876673
9056.0,-6880.6996965408325
9057.0,-6880.721134314935
9058.0,-6880.742572089036
9059.0,-6880.764009863138
9060.0,-6880.78544763724
9061.0,-6880.806885411342
9062.0,-6880.828323185444
9063.0,-6880.849760959546
9064.0,-6880.871198733647
9065.0,-6880.89263650775
9066.0,-6880.914074281852
9067.0,-6880.935512055953
9068.0,-6880.956949830055
9069.0,-6880.978387604157
9070.0,-6880.999825378259
9071.0,-6881.021263152361
9072.0,-6881.042700926463
9073.0,-6881.064138700564
9074.0,-6881.085576474667
9075.0,-6881.107014248769
9076.0,-6881.12845202287
9077.0,-6881.149889796972
9078.0,-6881.1713275710745
9079.0,-6881.192765345176
9080.0,-6881.214203119278
9081.0,-6881.23564089338
9082.0,-6881.257078667481
9083.0,-6881.278516441584
9084.0,-6881.299954215686
9085.0,-6881.321391989787
9086.0,-6881.342829763889
9087.0,-6881.3642675379915
9088.0,-6881.385705312093
9089.0,-6881.407143086195
9090.0,-6881.428580860297
9091.0,-6881.4500186343985
9092.0,-6881.471456408501
9093.0,-6881.492894182603
9094.0,-6881.514331956704
9095.0,-6881.535769730806
9096.0,-6881.557207504909
9097.0,-6881.57864527901
9098.0,-6881.600083053112
9099.0,-6881.621520827214
9100.0,-6881.6429586013155
9101.0,-6881.664396375418
9102.0,-6881.68583414952
9103.0,-6881.707271923621
9104.0,-6881.728709697723
9105.0,-6881.750147471826
9106.0,-6881.771585245927
9107.0,-6881.793023020029
9108.0,-6881.814460794131
9109.0,-6881.835898568233
9110.0,-6881.857336342335
9111.0,-6881.878774116437
9112.0,-6881.900211890538
9113.0,-6881.92164966464
9114.0,-6881.943087438743
9115.0,-6881.964525212844
9116.0,-6881.985962986946
9117.0,-6882.007400761048
9118.0,-6882.02883853515
9119.0,-6882.050276309252
9120.0,-6882.071714083354
9121.0,-6882.093151857455
9122.0,-6882.1145896315575
9123.0,-6882.13602740566
9124.0,-6882.157465179761
9125.0,-6882.178902953863
9126.0,-6882.200340727965
9127.0,-6882.221778502067
9128.0,-6882.243216276169
9129.0,-6882.264654050271
9130.0,-6882.286091824372
9131.0,-6882.3075295984745
9132.0,-6882.328967372577
9133.0,-6882.350405146678
9134.0,-6882.37184292078
9135.0,-6882.393280694882
9136.0,-6882.414718468984
9137.0,-6882.436156243086
9138.0,-6882.457594017188
9139.0,-6882.479031791289
9140.0,-6882.5004695653915
9141.0,-6882.521907339494
9142.0,-6882.543345113595
9143.0,-6882.564782887697
9144.0,-6882.586220661799
9145.0,-6882.607658435901
9146.0,-6882.629096210003
9147.0,-6882.650533984105
9148.0,-6882.671971758206
9149.0,-6882.693409532309
9150.0,-6882.714847306411
9151.0,-6882.736285080512
9152.0,-6882.757722854614
9153.0,-6882.779160628716
9154.0,-6882.800598402818
9155.0,-6882.82203617692
9156.0,-6882.843473951022
9157.0,-6882.864911725123
9158.0,-6882.886349499226
9159.0,-6882.907787273328
9160.0,-6882.929225047429
9161.0,-6882.950662821531
9162.0,-6882.9721005956335
9163.0,-6882.993538369735
9164.0,-6883.014976143837
9165.0,-6883.036413917939
9166.0,-6883.0578516920405
9167.0,-6883.079289466143
9168.0,-6883.100727240245
9169.0,-6883.122165014346
9170.0,-6883.143602788448
9171.0,-6883.1650405625505
9172.0,-6883.186478336652
9173.0,-6883.207916110754
9174.0,-6883.229353884856
9175.0,-6883.2507916589575
9176.0,-6883.27222943306
9177.0,-6883.293667207162
9178.0,-6883.315104981263
9179.0,-6883.336542755365
9180.0,-6883.357980529468
9181.0,-6883.379418303569
9182.0,-6883.400856077671
9183.0,-6883.422293851773
9184.0,-6883.4437316258745
9185.0,-6883.465169399977
9186.0,-6883.486607174079
9187.0,-6883.50804494818
9188.0,-6883.529482722282
9189.0,-6883.550920496385
9190.0,-6883.572358270486
9191.0,-6883.593796044588
9192.0,-6883.61523381869
9193.0,-6883.636671592792
9194.0,-6883.658109366894
9195.0,-6883.679547140996
9196.0,-6883.700984915097
9197.0,-6883.722422689199
9198.0,-6883.743860463302
9199.0,-6883.765298237403
9200.0,-6883.786736011505
9201.0,-6883.808173785607
9202.0,-6883.829611559709
9203.0,-6883.851049333811
9204.0,-6883.872487107913
9205.0,-6883.893924882014
9206.0,-6883.9153626561165
9207.0,-6883.936800430219
9208.0,-6883.95823820432
9209.0,-6883.979675978422
9210.0,-6884.001113752524
9211.0,-6884.022551526626
9212.0,-6884.043989300728
9213.0,-6884.06542707483
9214.0,-6884.086864848931
9215.0,-6884.1083026230335
9216.0,-6884.129740397136
9217.0,-6884.098796014984
9218.0,-6884.0678516328335
9219.0,-6884.036907250683
9220.0,-6884.005962868531
9221.0,-6883.975018486381
9222.0,-6883.94407410423
9223.0,-6883.913129722078
9224.0,-6883.882185339928
9225.0,-6883.851240957777
9226.0,-6883.820296575625
9227.0,-6883.789352193475
9228.0,-6883.758407811324
9229.0,-6883.7274634291725
9230.0,-6883.696519047022
9231.0,-6883.665574664871
9232.0,-6883.63463028272
9233.0,-6883.603685900569
9234.0,-6883.572741518418
9235.0,-6883.541797136267
9236.0,-6883.510852754116
9237.0,-6883.479908371965
9238.0,-6883.448963989814
9239.0,-6883.418019607663
9240.0,-6883.3870752255125
9241.0,-6883.356130843361
9242.0,-6883.32518646121
9243.0,-6883.29424207906
9244.0,-6883.263297696908
9245.0,-6883.232353314757
9246.0,-6883.201408932607
9247.0,-6883.170464550455
9248.0,-6883.139520168304
9249.0,-6883.108575786154
9250.0,-6883.077631404002
9251.0,-6883.0466870218515
9252.0,-6883.015742639701
9253.0,-6882.984798257549
9254.0,-6882.953853875399
9255.0,-6882.922909493248
9256.0,-6882.891965111096
9257.0,-6882.861020728946
9258.0,-6882.830076346795
9259.0,-6882.7991319646435
9260.0,-6882.768187582493
9261.0,-6882.737243200342
9262.0,-6882.706298818191
9263.0,-6882.67535443604
9264.0,-6882.644410053889
9265.0,-6882.613465671738
9266.0,-6882.582521289587
9267.0,-6882.551576907436
9268.0,-6882.520632525285
9269.0,-6882.489688143134
9270.0,-6882.458743760983
9271.0,-6882.427799378832
9272.0,-6882.396854996681
9273.0,-6882.365910614531
9274.0,-6882.334966232379
9275.0,-6882.304021850228
9276.0,-6882.273077468078
9277.0,-6882.242133085926
9278.0,-6882.211188703775
9279.0,-6882.180244321625
9280.0,-6882.149299939473
9281.0,-6882.1183555573225
9282.0,-6882.087411175172
9283.0,-6882.05646679302
9284.0,-6882.02552241087
9285.0,-6881.994578028719
9286.0,-6881.963633646567
9287.0,-6881.932689264417
9288.0,-6881.901744882266
9289.0,-6881.8708005001145
9290.0,-6881.839856117964
9291.0,-6881.808911735813
9292.0,-6881.777967353662
9293.0,-6881.747022971511
9294.0,-6881.71607858936
9295.0,-6881.685134207209
9296.0,-6881.654189825058
9297.0,-6881.623245442907
9298.0,-6881.592301060756
9299.0,-6881.561356678605
9300.0,-6881.530412296454
9301.0,-6881.499467914303
9302.0,-6881.468523532152
9303.0,-6881.4375791500015
9304.0,-6881.40663476785
9305.0,-6881.375690385699
9306.0,-6881.344746003549
9307.0,-6881.313801621397
9308.0,-6881.282857239246
9309.0,-6881.251912857096
9310.0,-6881.220968474944
9311.0,-6881.1900240927935
9312.0,-6881.159079710643
9313.0,-6881.128135328491
9314.0,-6881.097190946341
9315.0,-6881.06624656419
9316.0,-6881.035302182038
9317.0,-6881.004357799888
9318.0,-6880.973413417737
9319.0,-6880.942469035585
9320.0,-6880.911524653435
9321.0,-6880.880580271284
9322.0,-6880.8496358891325
9323.0,-6880.818691506982
9324.0,-6880.787747124831
9325.0,-6880.75680274268
9326.0,-6880.725858360529
9327.0,-6880.694913978378
9328.0,-6880.663969596227
9329.0,-6880.633025214076
9330.0,-6880.602080831925
9331.0,-6880.571136449774
9332.0,-6880.540192067623
9333.0,-6880.5092476854725
9334.0,-6880.478303303321
9335.0,-6880.44735892117
9336.0,-6880.41641453902
9337.0,-6880.385470156868
9338.0,-6880.354525774717
9339.0,-6880.323581392567
9340.0,-6880.292637010415
9341.0,-6880.261692628264
9342.0,-6880.230748246114
9343.0,-6880.199803863962
9344.0,-6880.1688594818115
9345.0,-6880.137915099661
9346.0,-6880.106970717509
9347.0,-6880.076026335359
9348.0,-6880.045081953208
9349.0,-6880.014137571056
9350.0,-6879.983193188906
9351.0,-6879.952248806755
9352.0,-6879.9213044246035
9353.0,-6879.890360042453
9354.0,-6879.859415660302
9355.0,-6879.828471278151
9356.0,-6879.797526896
9357.0,-6879.766582513849
9358.0,-6879.735638131698
9359.0,-6879.704693749547
9360.0,-6879.673749367396
9361.0,-6879.642804985245
9362.0,-6879.611860603094
9363.0,-6879.580916220943
9364.0,-6879.549971838792
9365.0,-6879.519027456641
9366.0,-6879.4880830744905
9367.0,-6879.457138692339
9368.0,-6879.426194310188
9369.0,-6879.395249928038
9370.0,-6879.364305545886
9371.0,-6879.333361163735
9372.0,-6879.302416781585
9373.0,-6879.271472399433
9374.0,-6879.2405280172825
9375.0,-6879.209583635132
9376.0,-6879.17863925298
9377.0,-6879.14769487083
9378.0,-6879.116750488679
9379.0,-6879.085806106527
9380.0,-6879.054861724377
9381.0,-6879.023917342226
9382.0,-6878.992972960074
9383.0,-6878.962028577924
9384.0,-6878.931084195773
9385.0,-6878.9001398136215
9386.0,-6878.869195431471
9387.0,-6878.83825104932
9388.0,-6878.807306667169
9389.0,-6878.776362285018
9390.0,-6878.745417902867
9391.0,-6878.714473520716
9392.0,-6878.683529138565
9393.0,-6878.652584756414
9394.0,-6878.621640374263
9395.0,-6878.590695992112
9396.0,-6878.5597516099615
9397.0,-6878.52880722781
9398.0,-6878.497862845659
9399.0,-6878.466918463509
9400.0,-6878.435974081357
9401.0,-6878.405029699206
9402.0,-6878.374085317056
9403.0,-6878.343140934904
9404.0,-6878.312196552753
9405.0,-6878.281252170603
9406.0,-6878.250307788451
9407.0,-6878.2193634063005
9408.0,-6878.18841902415
9409.0,-6878.157474641998
9410.0,-6878.126530259848
9411.0,-6878.095585877697
9412.0,-6878.064641495545
9413.0,-6878.033697113395
9414.0,-6878.002752731244
9415.0,-6877.9718083490925
9416.0,-6877.940863966942
9417.0,-6877.909919584791
9418.0,-6877.87897520264
9419.0,-6877.848030820489
9420.0,-6877.817086438338
9421.0,-6877.786142056187
9422.0,-6877.755197674036
9423.0,-6877.724253291885
9424.0,-6877.693308909734
9425.0,-6877.662364527583
9426.0,-6877.6314201454325
9427.0,-6877.600475763281
9428.0,-6877.56953138113
9429.0,-6877.53858699898
9430.0,-6877.507642616828
9431.0,-6877.476698234677
9432.0,-6877.445753852527
9433.0,-6877.414809470375
9434.0,-6877.383865088224
9435.0,-6877.352920706074
9436.0,-6877.321976323922
9437.0,-6877.2910319417715
9438.0,-6877.260087559621
9439.0,-6877.229143177469
9440.0,-6877.198198795319
9441.0,-6877.167254413168
9442.0,-6877.136310031016
9443.0,-6877.105365648866
9444.0,-6877.074421266715
9445.0,-6877.0434768845635
9446.0,-6877.012532502413
9447.0,-6876.981588120262
9448.0,-6876.950643738111
9449.0,-6876.91969935596
9450.0,-6876.888754973809
9451.0,-6876.857810591658
9452.0,-6876.826866209507
9453.0,-6876.795921827356
9454.0,-6876.764977445205
9455.0,-6876.734033063054
9456.0,-6876.703088680903
9457.0,-6876.672144298752
9458.0,-6876.641199916601
9459.0,-6876.6102555344505
9460.0,-6876.579311152299
9461.0,-6876.548366770148
9462.0,-6876.517422387998
9463.0,-6876.486478005846
9464.0,-6876.455533623695
9465.0,-6876.424589241545
9466.0,-6876.393644859393
9467.0,-6876.3627004772425
9468.0,-6876.331756095092
9469.0,-6876.30081171294
9470.0,-6876.26986733079
9471.0,-6876.238922948639
9472.0,-6876.207978566487
9473.0,-6876.177034184337
9474.0,-6876.146089802186
9475.0,-6876.115145420034
9476.0,-6876.084201037884
9477.0,-6876.053256655733
9478.0,-6876.0223122735815
9479.0,-6875.991367891431
9480.0,-6875.96042350928
9481.0,-6875.929479127129
9482.0,-6875.898534744978
9483.0,-6875.867590362827
9484.0,-6875.836645980676
9485.0,-6875.805701598525
9486.0,-6875.774757216374
9487.0,-6875.743812834223
9488.0,-6875.712868452072
9489.0,-6875.6819240699215
9490.0,-6875.65097968777
9491.0,-6875.620035305619
9492.0,-6875.589090923469
9493.0,-6875.558146541317
9494.0,-6875.527202159166
9495.0,-6875.496257777016
9496.0,-6875.465313394864
9497.0,-6875.434369012713
9498.0,-6875.403424630563
9499.0,-6875.372480248411
9500.0,-6875.3415358662605
9501.0,-6875.31059148411
9502.0,-6875.279647101958
9503.0,-6875.248702719808
9504.0,-6875.217758337657
9505.0,-6875.186813955505
9506.0,-6875.155869573355
9507.0,-6875.124925191204
9508.0,-6875.0939808090525
9509.0,-6875.063036426902
9510.0,-6875.032092044751
9511.0,-6875.0011476626
9512.0,-6874.970203280449
9513.0,-6874.939258898298
9514.0,-6874.908314516147
9515.0,-6874.877370133996
9516.0,-6874.846425751845
9517.0,-6874.815481369694
9518.0,-6874.784536987543
9519.0,-6874.753592605392
9520.0,-6874.722648223241
9521.0,-6874.69170384109
9522.0,-6874.6607594589395
9523.0,-6874.629815076788
9524.0,-6874.598870694637
9525.0,-6874.567926312487
9526.0,-6874.536981930335
9527.0,-6874.506037548184
9528.0,-6874.475093166034
9529.0,-6874.444148783882
9530.0,-6874.4132044017315
9531.0,-6874.382260019581
9532.0,-6874.351315637429
9533.0,-6874.320371255279
9534.0,-6874.289426873128
9535.0,-6874.258482490976
9536.0,-6874.227538108826
9537.0,-6874.196593726675
9538.0,-6874.165649344523
9539.0,-6874.134704962373
9540.0,-6874.103760580222
9541.0,-6874.0728161980705
9542.0,-6874.04187181592
9543.0,-6874.010927433769
9544.0,-6873.979983051618
9545.0,-6873.949038669467
9546.0,-6873.918094287316
9547.0,-6873.887149905165
9548.0,-6873.856205523014
9549.0,-6873.825261140863
9550.0,-6873.794316758712
9551.0,-6873.763372376561
9552.0,-6873.7324279944105
9553.0,-6873.701483612259
9554.0,-6873.670539230108
9555.0,-6873.639594847958
9556.0,-6873.608650465806
9557.0,-6873.577706083655
9558.0,-6873.546761701505
9559.0,-6873.515817319353
9560.0,-6873.484872937202
9561.0,-6873.453928555052
9562.0,-6873.4229841729
9563.0,-6873.39203979075
9564.0,-6873.361095408599
9565.0,-6873.330151026447
9566.0,-6873.299206644297
9567.0,-6873.268262262146
9568.0,-6873.237317879994
9569.0,-6873.206373497844
9570.0,-6873.175429115693
9571.0,-6873.1444847335415
9572.0,-6873.113540351391
9573.0,-6873.08259596924
9574.0,-6873.051651587089
9575.0,-6873.020707204938
9576.0,-6872.989762822787
9577.0,-6872.958818440636
9578.0,-6872.927874058485
9579.0,-6872.896929676334
9580.0,-6872.865985294183
9581.0,-6872.835040912032
9582.0,-6872.8040965298815
9583.0,-6872.77315214773
9584.0,-6872.742207765579
9585.0,-6872.711263383429
9586.0,-6872.680319001277
9587.0,-6872.649374619126
9588.0,-6872.618430236976
9589.0,-6872.587485854824
9590.0,-6872.556541472673
9591.0,-6872.525597090523
9592.0,-6872.494652708371
9593.0,-6872.4637083262205
9594.0,-6872.43276394407
9595.0,-6872.401819561918
9596.0,-6872.370875179768
9597.0,-6872.339930797617
9598.0,-6872.308986415465
9599.0,-6872.278042033315
9600.0,-6872.247097651164
9601.0,-6872.2161532690125
9602.0,-6872.185208886862
9603.0,-6872.154264504711
9604.0,-6872.12332012256
9605.0,-6872.092375740409
9606.0,-6872.061431358258
9607.0,-6872.030486976107
9608.0,-6871.999542593956
9609.0,-6871.968598211805
9610.0,-6871.937653829654
9611.0,-6871.906709447503
9612.0,-6871.875765065352
9613.0,-6871.844820683201
9614.0,-6871.81387630105
9615.0,-6871.7829319188995
9616.0,-6871.751987536748
9617.0,-6871.721043154597
9618.0,-6871.690098772447
9619.0,-6871.659154390295
9620.0,-6871.628210008144
9621.0,-6871.597265625994
9622.0,-6871.566321243842
9623.0,-6871.5353768616915
9624.0,-6871.504432479541
9625.0,-6871.473488097389
9626.0,-6871.442543715239
9627.0,-6871.411599333088
9628.0,-6871.380654950936
9629.0,-6871.349710568786
9630.0,-6871.318766186635
9631.0,-6871.287821804483
9632.0,-6871.256877422333
9633.0,-6871.225933040182
9634.0,-6871.1949886580305
9635.0,-6871.16404427588
9636.0,-6871.133099893729
9637.0,-6871.102155511578
9638.0,-6871.071211129427
9639.0,-6871.040266747276
9640.0,-6871.009322365125
9641.0,-6870.978377982974
9642.0,-6870.947433600823
9643.0,-6870.916489218672
9644.0,-6870.885544836521
9645.0,-6870.8546004543705
9646.0,-6870.823656072219
9647.0,-6870.792711690068
9648.0,-6870.761767307918
9649.0,-6870.730822925766
9650.0,-6870.699878543615
9651.0,-6870.668934161465
9652.0,-6870.637989779313
9653.0,-6870.607045397162
9654.0,-6870.576101015012
9655.0,-6870.54515663286
9656.0,-6870.5142122507095
9657.0,-6870.483267868559
9658.0,-6870.452323486407
9659.0,-6870.421379104257
9660.0,-6870.390434722106
9661.0,-6870.359490339954
9662.0,-6870.328545957804
9663.0,-6870.297601575653
9664.0,-6870.2666571935015
9665.0,-6870.235712811351
9666.0,-6870.2047684292
9667.0,-6870.173824047049
9668.0,-6870.142879664898
9669.0,-6870.111935282747
9670.0,-6870.080990900596
9671.0,-6870.050046518445
9672.0,-6870.019102136294
9673.0,-6869.988157754143
9674.0,-6869.957213371992
9675.0,-6869.926268989841
9676.0,-6869.89532460769
9677.0,-6869.864380225539
9678.0,-6869.8334358433885
9679.0,-6869.802491461237
9680.0,-6869.771547079086
9681.0,-6869.740602696936
9682.0,-6869.709658314784
9683.0,-6869.678713932633
9684.0,-6869.647769550483
9685.0,-6869.616825168331
9686.0,-6869.5858807861805
9687.0,-6869.55493640403
9688.0,-6869.523992021878
9689.0,-6869.493047639728
9690.0,-6869.462103257577
9691.0,-6869.431158875425
9692.0,-6869.400214493275
9693.0,-6869.369270111124
9694.0,-6869.338325728972
9695.0,-6869.307381346822
9696.0,-6869.276436964671
9697.0,-6869.24549258252
9698.0,-6869.214548200369
9699.0,-6869.183603818218
9700.0,-6869.152659436067
9701.0,-6869.121715053916
9702.0,-6869.090770671765
9703.0,-6869.059826289614
9704.0,-6869.028881907463
9705.0,-6868.997937525312
9706.0,-6868.966993143161
9707.0,-6868.93604876101
9708.0,-6868.9051043788595
9709.0,-6868.874159996708
9710.0,-6868.843215614557
9711.0,-6868.812271232407
9712.0,-6868.781326850255
9713.0,-6868.750382468104
9714.0,-6868.719438085954
9715.0,-6868.688493703802
9716.0,-6868.6575493216515
9717.0,-6868.626604939501
9718.0,-6868.595660557349
9719.0,-6868.564716175199
9720.0,-6868.533771793048
9721.0,-6868.502827410896
9722.0,-6868.471883028746
9723.0,-6868.440938646595
9724.0,-6868.409994264443
9725.0,-6868.379049882293
9726.0,-6868.348105500142
9727.0,-6868.3171611179905
9728.0,-6868.28621673584
9729.0,-6868.255272353689
9730.0,-6868.224327971538
9731.0,-6868.193383589387
9732.0,-6868.162439207236
9733.0,-6868.131494825085
9734.0,-6868.100550442934
9735.0,-6868.069606060783
9736.0,-6868.038661678632
9737.0,-6868.007717296481
9738.0,-6867.9767729143305
9739.0,-6867.945828532179
9740.0,-6867.914884150028
9741.0,-6867.883939767878
9742.0,-6867.852995385726
9743.0,-6867.822051003575
9744.0,-6867.791106621425
9745.0,-6867.760162239273
9746.0,-6867.729217857122
9747.0,-6867.698273474972
9748.0,-6867.66732909282
9749.0,-6867.6363847106695
9750.0,-6867.605440328519
9751.0,-6867.574495946367
9752.0,-6867.543551564217
9753.0,-6867.512607182066
9754.0,-6867.481662799914
9755.0,-6867.450718417764
9756.0,-6867.419774035613
9757.0,-6867.3888296534615
9758.0,-6867.357885271311
9759.0,-6867.32694088916
9760.0,-6867.295996507009
9761.0,-6867.265052124858
9762.0,-6867.234107742707
9763.0,-6867.203163360556
9764.0,-6867.172218978405
9765.0,-6867.141274596254
9766.0,-6867.110330214103
9767.0,-6867.079385831952
9768.0,-6867.048441449801
9769.0,-6867.01749706765
9770.0,-6866.986552685499
9771.0,-6866.9556083033485
9772.0,-6866.924663921197
9773.0,-6866.893719539046
9774.0,-6866.862775156896
9775.0,-6866.831830774744
9776.0,-6866.800886392593
9777.0,-6866.769942010443
9778.0,-6866.738997628291
9779.0,-6866.7080532461405
9780.0,-6866.67710886399
9781.0,-6866.646164481838
9782.0,-6866.615220099688
9783.0,-6866.584275717537
9784.0,-6866.553331335385
9785.0,-6866.522386953235
9786.0,-6866.491442571084
9787.0,-6866.460498188932
9788.0,-6866.429553806782
9789.0,-6866.398609424631
9790.0,-6866.3676650424795
9791.0,-6866.336720660329
9792.0,-6866.305776278178
9793.0,-6866.274831896027
9794.0,-6866.243887513876
9795.0,-6866.212943131725
9796.0,-6866.181998749574
9797.0,-6866.151054367423
9798.0,-6866.120109985272
9799.0,-6866.089165603121
9800.0,-6866.05822122097
9801.0,-6866.0272768388195
9802.0,-6865.996332456668
9803.0,-6865.965388074517
9804.0,-6865.934443692367
9805.0,-6865.903499310215
9806.0,-6865.872554928064
9807.0,-6865.841610545914
9808.0,-6865.810666163762
9809.0,-6865.779721781611
9810.0,-6865.748777399461
9811.0,-6865.717833017309
9812.0,-6865.6868886351585
9813.0,-6865.655944253008
9814.0,-6865.624999870856
9815.0,-6865.594055488706
9816.0,-6865.563111106555
9817.0,-6865.532166724403
9818.0,-6865.501222342253
9819.0,-6865.470277960102
9820.0,-6865.4393335779505
9821.0,-6865.4083891958
9822.0,-6865.377444813649
9823.0,-6865.346500431498
9824.0,-6865.315556049347
9825.0,-6865.284611667196
9826.0,-6865.253667285045
9827.0,-6865.222722902894
9828.0,-6865.191778520743
9829.0,-6865.160834138592
9830.0,-6865.129889756441
9831.0,-6865.09894537429
9832.0,-6865.068000992139
9833.0,-6865.037056609988
9834.0,-6865.006112227838
9835.0,-6864.975167845686
9836.0,-6864.944223463535
9837.0,-6864.913279081385
9838.0,-6864.882334699233
9839.0,-6864.851390317082
9840.0,-6864.820445934932
9841.0,-6864.78950155278
9842.0,-6864.7585571706295
9843.0,-6864.727612788479
9844.0,-6864.696668406327
9845.0,-6864.665724024177
9846.0,-6864.634779642026
9847.0,-6864.603835259874
9848.0,-6864.572890877724
9849.0,-6864.541946495573
9850.0,-6864.5110021134215
9851.0,-6864.480057731271
9852.0,-6864.44911334912
9853.0,-6864.418168966969
9854.0,-6864.387224584818
9855.0,-6864.356280202667
9856.0,-6864.325335820516
9857.0,-6864.294391438365
9858.0,-6864.263447056214
9859.0,-6864.232502674063
9860.0,-6864.201558291912
9861.0,-6864.170613909761
9862.0,-6864.13966952761
9863.0,-6864.108725145459
9864.0,-6864.0777807633085
9865.0,-6864.046836381157
9866.0,-6864.015891999006
9867.0,-6863.984947616856
9868.0,-6863.954003234704
9869.0,-6863.923058852553
9870.0,-6863.892114470403
9871.0,-6863.861170088251
9872.0,-6863.8302257061005
9873.0,-6863.79928132395
9874.0,-6863.768336941798
9875.0,-6863.737392559648
9876.0,-6863.706448177497
9877.0,-6863.675503795345
9878.0,-6863.644559413195
9879.0,-6863.613615031044
9880.0,-6863.582670648892
9881.0,-6863.551726266742
9882.0,-6863.520781884591
9883.0,-6863.4898375024395
9884.0,-6863.458893120289
9885.0,-6863.427948738138
9886.0,-6863.397004355987
9887.0,-6863.366059973836
9888.0,-6863.335115591685
9889.0,-6863.304171209534
9890.0,-6863.273226827383
9891.0,-6863.242282445232
9892.0,-6863.211338063081
9893.0,-6863.18039368093
9894.0,-6863.1494492987795
9895.0,-6863.118504916628
9896.0,-6863.087560534477
9897.0,-6863.056616152327
9898.0,-6863.025671770175
9899.0,-6862.994727388024
9900.0,-6862.963783005874
9901.0,-6862.932838623722
9902.0,-6862.901894241571
9903.0,-6862.870949859421
9904.0,-6862.840005477269
9905.0,-6862.8090610951185
9906.0,-6862.778116712968
9907.0,-6862.747172330816
9908.0,-6862.716227948666
9909.0,-6862.685283566515
9910.0,-6862.654339184363
9911.0,-6862.623394802213
9912.0,-6862.592450420062
9913.0,-6862.5615060379105
9914.0,-6862.53056165576
9915.0,-6862.499617273609
9916.0,-6862.468672891458
9917.0,-6862.437728509307
9918.0,-6862.406784127156
9919.0,-6862.375839745005
9920.0,-6862.344895362854
9921.0,-6862.313950980703
9922.0,-6862.283006598552
9923.0,-6862.252062216401
9924.0,-6862.22111783425
9925.0,-6862.190173452099
9926.0,-6862.159229069948
9927.0,-6862.1282846877975
9928.0,-6862.097340305646
9929.0,-6862.066395923495
9930.0,-6862.035451541345
9931.0,-6862.004507159193
9932.0,-6861.973562777042
9933.0,-6861.942618394892
9934.0,-6861.91167401274
9935.0,-6861.8807296305895
9936.0,-6861.849785248439
9937.0,-6861.818840866287
9938.0,-6861.787896484137
9939.0,-6861.756952101986
9940.0,-6861.726007719834
9941.0,-6861.695063337684
9942.0,-6861.664118955533
9943.0,-6861.633174573381
9944.0,-6861.602230191231
9945.0,-6861.57128580908
9946.0,-6861.5403414269285
9947.0,-6861.509397044778
9948.0,-6861.478452662627
9949.0,-6861.447508280476
9950.0,-6861.416563898325
9951.0,-6861.385619516174
9952.0,-6861.354675134023
9953.0,-6861.323730751872
9954.0,-6861.292786369721
9955.0,-6861.26184198757
9956.0,-6861.230897605419
9957.0,-6861.1999532232685
9958.0,-6861.169008841117
9959.0,-6861.138064458966
9960.0,-6861.107120076816
9961.0,-6861.076175694664
9962.0,-6861.045231312513
9963.0,-6861.014286930363
9964.0,-6860.983342548211
9965.0,-6860.95239816606
9966.0,-6860.92145378391
9967.0,-6860.890509401758
9968.0,-6860.8595650196075
9969.0,-6860.828620637457
9970.0,-6860.797676255305
9971.0,-6860.766731873155
9972.0,-6860.735787491004
9973.0,-6860.704843108852
9974.0,-6860.673898726702
9975.0,-6860.642954344551
9976.0,-6860.6120099623995
9977.0,-6860.581065580249
9978.0,-6860.550121198098
9979.0,-6860.519176815947
9980.0,-6860.488232433796
9981.0,-6860.457288051645
9982.0,-6860.426343669494
9983.0,-6860.395399287343
9984.0,-6860.364454905192
9985.0,-6860.333510523041
9986.0,-6860.30256614089
9987.0,-6860.2716217587395
9988.0,-6860.240677376588
9989.0,-6860.209732994437
9990.0,-6860.178788612287
9991.0,-6860.147844230135
9992.0,-6860.116899847984
9993.0,-6860.085955465834
9994.0,-6860.055011083682
9995.0,-6860.024066701531
9996.0,-6859.993122319381
9997.0,-6859.962177937229
9998.0,-6859.9312335550785
9999.0,-6859.900289172928
10000.0,-6859.869344790776
10001.0,-6859.838400408626
10002.0,-6859.807456026475
10003.0,-6859.776511644323
10004.0,-6859.745567262173
10005.0,-6859.714622880022
10006.0,-6859.6836784978705
10007.0,-6859.65273411572
10008.0,-6859.621789733569
10009.0,-6859.590845351418
10010.0,-6859.559900969267
10011.0,-6859.528956587116
10012.0,-6859.498012204965
10013.0,-6859.467067822814
10014.0,-6859.436123440663
10015.0,-6859.405179058512
10016.0,-6859.374234676361
10017.0,-6859.34329029421
10018.0,-6859.312345912059
10019.0,-6859.281401529908
10020.0,-6859.2504571477575
10021.0,-6859.219512765606
10022.0,-6859.188568383455
10023.0,-6859.157624001305
10024.0,-6859.126679619153
10025.0,-6859.095735237002
10026.0,-6859.064790854852
10027.0,-6859.0338464727
10028.0,-6859.0029020905495
10029.0,-6858.971957708399
10030.0,-6858.941013326247
10031.0,-6858.910068944097
10032.0,-6858.879124561946
10033.0,-6858.848180179794
10034.0,-6858.817235797644
10035.0,-6858.786291415493
10036.0,-6858.755347033341
10037.0,-6858.724402651191
10038.0,-6858.69345826904
10039.0,-6858.6625138868885
10040.0,-6858.631569504738
10041.0,-6858.600625122587
10042.0,-6858.569680740436
10043.0,-6858.538736358285
10044.0,-6858.507791976134
10045.0,-6858.476847593983
10046.0,-6858.445903211832
10047.0,-6858.414958829681
10048.0,-6858.38401444753
10049.0,-6858.353070065379
10050.0,-6858.3221256832285
10051.0,-6858.291181301077
10052.0,-6858.260236918926
10053.0,-6858.229292536776
10054.0,-6858.198348154624
10055.0,-6858.167403772473
10056.0,-6858.136459390323
10057.0,-6858.105515008171
10058.0,-6858.07457062602
10059.0,-6858.04362624387
10060.0,-6858.012681861718
10061.0,-6857.9817374795675
10062.0,-6857.950793097417
10063.0,-6857.919848715265
10064.0,-6857.888904333115
10065.0,-6857.857959950964
10066.0,-6857.827015568812
10067.0,-6857.796071186662
10068.0,-6857.765126804511
10069.0,-6857.7341824223595
10070.0,-6857.703238040209
10071.0,-6857.672293658058
10072.0,-6857.641349275907
10073.0,-6857.610404893756
10074.0,-6857.579460511605
10075.0,-6857.548516129454
10076.0,-6857.517571747303
10077.0,-6857.486627365152
10078.0,-6857.455682983001
10079.0,-6857.42473860085
10080.0,-6857.393794218699
10081.0,-6857.362849836548
10082.0,-6857.331905454397
10083.0,-6857.3009610722465
10084.0,-6857.270016690095
10085.0,-6857.239072307944
10086.0,-6857.208127925794
10087.0,-6857.177183543642
10088.0,-6857.146239161491
10089.0,-6857.115294779341
10090.0,-6857.084350397189
10091.0,-6857.0534060150385
10092.0,-6857.022461632888
10093.0,-6856.991517250736
10094.0,-6856.960572868586
10095.0,-6856.929628486435
10096.0,-6856.898684104283
10097.0,-6856.867739722133
10098.0,-6856.836795339982
10099.0,-6856.80585095783
10100.0,-6856.77490657568
10101.0,-6856.743962193529
10102.0,-6856.7130178113775
10103.0,-6856.682073429227
10104.0,-6856.651129047076
10105.0,-6856.620184664925
10106.0,-6856.589240282774
10107.0,-6856.558295900623
10108.0,-6856.527351518472
10109.0,-6856.496407136321
10110.0,-6856.46546275417
10111.0,-6856.434518372019
10112.0,-6856.403573989868
10113.0,-6856.3726296077175
10114.0,-6856.341685225566
10115.0,-6856.310740843415
10116.0,-6856.279796461265
10117.0,-6856.248852079113
10118.0,-6856.217907696962
10119.0,-6856.186963314812
10120.0,-6856.15601893266
10121.0,-6856.125074550509
10122.0,-6856.094130168359
10123.0,-6856.063185786207
10124.0,-6856.032241404057
10125.0,-6856.001297021906
10126.0,-6855.970352639754
10127.0,-6855.939408257604
10128.0,-6855.908463875453
10129.0,-6855.877519493301
10130.0,-6855.846575111151
10131.0,-6855.815630729
10132.0,-6855.7846863468485
10133.0,-6855.753741964698
10134.0,-6855.722797582547
10135.0,-6855.691853200396
10136.0,-6855.660908818245
10137.0,-6855.629964436094
10138.0,-6855.599020053943
10139.0,-6855.568075671792
10140.0,-6855.537131289641
10141.0,-6855.50618690749
10142.0,-6855.475242525339
10143.0,-6855.4442981431885
10144.0,-6855.413353761037
10145.0,-6855.382409378886
10146.0,-6855.351464996736
10147.0,-6855.320520614584
10148.0,-6855.289576232433
10149.0,-6855.258631850283
10150.0,-6855.227687468131
10151.0,-6855.19674308598
10152.0,-6855.16579870383
10153.0,-6855.134854321678
10154.0,-6855.1039099395275
10155.0,-6855.072965557377
10156.0,-6855.042021175225
10157.0,-6855.011076793075
10158.0,-6854.980132410924
10159.0,-6854.949188028772
10160.0,-6854.918243646622
10161.0,-6854.887299264471
10162.0,-6854.8563548823195
10163.0,-6854.825410500169
10164.0,-6854.794466118018
10165.0,-6854.763521735867
10166.0,-6854.732577353716
10167.0,-6854.701632971565
10168.0,-6854.670688589414
10169.0,-6854.639744207263
10170.0,-6854.608799825112
10171.0,-6854.577855442961
10172.0,-6854.54691106081
10173.0,-6854.515966678659
10174.0,-6854.485022296508
10175.0,-6854.454077914357
10176.0,-6854.4231335322065
10177.0,-6854.392189150055
10178.0,-6854.361244767904
10179.0,-6854.330300385754
10180.0,-6854.299356003602
10181.0,-6854.268411621451
10182.0,-6854.237467239301
10183.0,-6854.206522857149
10184.0,-6854.1755784749985
10185.0,-6854.144634092848
10186.0,-6854.113689710696
10187.0,-6854.082745328546
10188.0,-6854.051800946395
10189.0,-6854.020856564243
10190.0,-6853.989912182093
10191.0,-6853.958967799942
10192.0,-6853.92802341779
10193.0,-6853.89707903564
10194.0,-6853.866134653489
10195.0,-6853.8351902713375
10196.0,-6853.804245889187
10197.0,-6853.773301507036
10198.0,-6853.742357124885
10199.0,-6853.711412742734
10200.0,-6853.680468360583
10201.0,-6853.649523978432
10202.0,-6853.618579596281
10203.0,-6853.58763521413
10204.0,-6853.556690831979
10205.0,-6853.525746449828
10206.0,-6853.4948020676775
10207.0,-6853.463857685526
10208.0,-6853.432913303375
10209.0,-6853.401968921225
10210.0,-6853.371024539073
10211.0,-6853.340080156922
10212.0,-6853.309135774772
10213.0,-6853.27819139262
10214.0,-6853.247247010469
10215.0,-6853.216302628319
10216.0,-6853.185358246167
10217.0,-6853.1544138640165
10218.0,-6853.123469481866
10219.0,-6853.092525099714
10220.0,-6853.061580717564
10221.0,-6853.030636335413
10222.0,-6852.999691953261
10223.0,-6852.968747571111
10224.0,-6852.93780318896
10225.0,-6852.9068588068085
10226.0,-6852.875914424658
10227.0,-6852.844970042507
10228.0,-6852.814025660356
10229.0,-6852.783081278205
10230.0,-6852.752136896054
10231.0,-6852.721192513903
10232.0,-6852.690248131752
10233.0,-6852.659303749601
10234.0,-6852.62835936745
10235.0,-6852.597414985299
10236.0,-6852.566470603148
10237.0,-6852.535526220997
10238.0,-6852.504581838846
10239.0,-6852.4736374566955
10240.0,-6852.442693074544
10241.0,-6852.461012010773
10242.0,-6852.4793309470015
10243.0,-6852.49764988323
10244.0,-6852.515968819459
10245.0,-6852.534287755688
10246.0,-6852.5526066919165
10247.0,-6852.570925628145
10248.0,-6852.589244564374
10249.0,-6852.607563500603
10250.0,-6852.6258824368315
10251.0,-6852.64420137306
10252.0,-6852.662520309289
10253.0,-6852.680839245518
10254.0,-6852.6991581817465
10255.0,-6852.717477117975
10256.0,-6852.735796054204
10257.0,-6852.754114990433
10258.0,-6852.7724339266615
10259.0,-6852.79075286289
10260.0,-6852.809071799119
10261.0,-6852.827390735348
10262.0,-6852.8457096715765
10263.0,-6852.864028607805
10264.0,-6852.882347544034
10265.0,-6852.900666480263
10266.0,-6852.9189854164915
10267.0,-6852.93730435272
10268.0,-6852.955623288949
10269.0,-6852.973942225178
10270.0,-6852.9922611614065
10271.0,-6853.010580097635
10272.0,-6853.028899033864
10273.0,-6853.047217970093
10274.0,-6853.0655369063215
10275.0,-6853.08385584255
10276.0,-6853.102174778779
10277.0,-6853.120493715008
10278.0,-6853.138812651237
10279.0,-6853.157131587465
10280.0,-6853.175450523694
10281.0,-6853.193769459923
10282.0,-6853.212088396152
10283.0,-6853.23040733238
10284.0,-6853.248726268609
10285.0,-6853.267045204838
10286.0,-6853.285364141067
10287.0,-6853.303683077295
10288.0,-6853.322002013524
10289.0,-6853.340320949753
10290.0,-6853.358639885982
10291.0,-6853.37695882221
10292.0,-6853.395277758439
10293.0,-6853.413596694668
10294.0,-6853.431915630897
10295.0,-6853.450234567125
10296.0,-6853.468553503354
10297.0,-6853.486872439583
10298.0,-6853.505191375812
10299.0,-6853.52351031204
10300.0,-6853.541829248269
10301.0,-6853.560148184498
10302.0,-6853.578467120727
10303.0,-6853.596786056955
10304.0,-6853.615104993184
10305.0,-6853.633423929413
10306.0,-6853.651742865642
10307.0,-6853.67006180187
10308.0,-6853.688380738099
10309.0,-6853.706699674328
10310.0,-6853.725018610557
10311.0,-6853.743337546785
10312.0,-6853.761656483014
10313.0,-6853.779975419243
10314.0,-6853.798294355472
10315.0,-6853.8166132917
10316.0,-6853.834932227929
10317.0,-6853.853251164158
10318.0,-6853.871570100387
10319.0,-6853.889889036615
10320.0,-6853.908207972844
10321.0,-6853.926526909073
10322.0,-6853.944845845302
10323.0,-6853.96316478153
10324.0,-6853.981483717759
10325.0,-6853.999802653988
10326.0,-6854.018121590217
10327.0,-6854.036440526445
10328.0,-6854.054759462674
10329.0,-6854.073078398903
10330.0,-6854.091397335132
10331.0,-6854.10971627136
10332.0,-6854.128035207589
10333.0,-6854.146354143818
10334.0,-6854.164673080047
10335.0,-6854.182992016275
10336.0,-6854.201310952504
10337.0,-6854.219629888733
10338.0,-6854.237948824962
10339.0,-6854.25626776119
10340.0,-6854.274586697419
10341.0,-6854.292905633648
10342.0,-6854.311224569877
10343.0,-6854.329543506105
10344.0,-6854.347862442334
10345.0,-6854.366181378563
10346.0,-6854.384500314792
10347.0,-6854.40281925102
10348.0,-6854.421138187249
10349.0,-6854.439457123478
10350.0,-6854.457776059707
10351.0,-6854.4760949959355
10352.0,-6854.494413932164
10353.0,-6854.512732868393
10354.0,-6854.531051804622
10355.0,-6854.5493707408505
10356.0,-6854.567689677079
10357.0,-6854.586008613308
10358.0,-6854.604327549537
10359.0,-6854.6226464857655
10360.0,-6854.640965421994
10361.0,-6854.659284358223
10362.0,-6854.677603294452
10363.0,-6854.6959222306805
10364.0,-6854.714241166909
10365.0,-6854.732560103138
10366.0,-6854.750879039367
10367.0,-6854.7691979755955
10368.0,-6854.787516911824
10369.0,-6854.805835848053
10370.0,-6854.824154784282
10371.0,-6854.8424737205105
10372.0,-6854.860792656739
10373.0,-6854.879111592968
10374.0,-6854.897430529197
10375.0,-6854.9157494654255
10376.0,-6854.934068401654
10377.0,-6854.952387337883
10378.0,-6854.970706274112
10379.0,-6854.9890252103405
10380.0,-6855.007344146569
10381.0,-6855.025663082798
10382.0,-6855.043982019027
10383.0,-6855.0623009552555
10384.0,-6855.080619891484
10385.0,-6855.098938827713
10386.0,-6855.117257763942
10387.0,-6855.1355767001705
10388.0,-6855.153895636399
10389.0,-6855.172214572628
10390.0,-6855.190533508857
10391.0,-6855.2088524450855
10392.0,-6855.227171381314
10393.0,-6855.245490317543
10394.0,-6855.263809253772
10395.0,-6855.282128190001
10396.0,-6855.300447126229
10397.0,-6855.318766062458
10398.0,-6855.337084998687
10399.0,-6855.355403934916
10400.0,-6855.373722871144
10401.0,-6855.392041807373
10402.0,-6855.410360743602
10403.0,-6855.428679679831
10404.0,-6855.446998616059
10405.0,-6855.465317552288
10406.0,-6855.483636488517
10407.0,-6855.501955424746
10408.0,-6855.520274360974
10409.0,-6855.538593297203
10410.0,-6855.556912233432
10411.0,-6855.575231169661
10412.0,-6855.593550105889
10413.0,-6855.611869042118
10414.0,-6855.630187978347
10415.0,-6855.648506914576
10416.0,-6855.666825850804
10417.0,-6855.685144787033
10418.0,-6855.703463723262
10419.0,-6855.721782659491
10420.0,-6855.740101595719
10421.0,-6855.758420531948
10422.0,-6855.776739468177
10423.0,-6855.795058404406
10424.0,-6855.813377340634
10425.0,-6855.831696276863
10426.0,-6855.850015213092
10427.0,-6855.868334149321
10428.0,-6855.886653085549
10429.0,-6855.904972021778
10430.0,-6855.923290958007
10431.0,-6855.941609894236
10432.0,-6855.959928830464
10433.0,-6855.978247766693
10434.0,-6855.996566702922
10435.0,-6856.014885639151
10436.0,-6856.033204575379
10437.0,-6856.051523511608
10438.0,-6856.069842447837
10439.0,-6856.088161384066
10440.0,-6856.106480320294
10441.0,-6856.124799256523
10442.0,-6856.143118192752
10443.0,-6856.161437128981
10444.0,-6856.179756065209
10445.0,-6856.198075001438
10446.0,-6856.216393937667
10447.0,-6856.234712873896
10448.0,-6856.253031810124
10449.0,-6856.271350746353
10450.0,-6856.289669682582
10451.0,-6856.307988618811
10452.0,-6856.326307555039
10453.0,-6856.344626491268
10454.0,-6856.362945427497
10455.0,-6856.381264363726
10456.0,-6856.399583299954
10457.0,-6856.417902236183
10458.0,-6856.436221172412
10459.0,-6856.454540108641
10460.0,-6856.472859044869
10461.0,-6856.491177981098
10462.0,-6856.509496917327
10463.0,-6856.527815853556
10464.0,-6856.546134789784
10465.0,-6856.564453726013
10466.0,-6856.582772662242
10467.0,-6856.601091598471
10468.0,-6856.619410534699
10469.0,-6856.637729470928
10470.0,-6856.656048407157
10471.0,-6856.674367343386
10472.0,-6856.6926862796145
10473.0,-6856.711005215843
10474.0,-6856.729324152072
10475.0,-6856.747643088301
10476.0,-6856.7659620245295
10477.0,-6856.784280960758
10478.0,-6856.802599896987
10479.0,-6856.820918833216
10480.0,-6856.8392377694445
10481.0,-6856.857556705673
10482.0,-6856.875875641902
10483.0,-6856.894194578131
10484.0,-6856.9125135143595
10485.0,-6856.930832450588
10486.0,-6856.949151386817
10487.0,-6856.967470323046
10488.0,-6856.9857892592745
10489.0,-6857.004108195503
10490.0,-6857.022427131732
10491.0,-6857.040746067961
10492.0,-6857.0590650041895
10493.0,-6857.077383940418
10494.0,-6857.095702876647
10495.0,-6857.114021812876
10496.0,-6857.1323407491045
10497.0,-6857.150659685333
10498.0,-6857.168978621562
10499.0,-6857.187297557791
10500.0,-6857.2056164940195
10501.0,-6857.223935430248
10502.0,-6857.242254366477
10503.0,-6857.260573302706
10504.0,-6857.2788922389345
10505.0,-6857.297211175163
10506.0,-6857.315530111392
10507.0,-6857.333849047621
10508.0,-6857.3521679838495
10509.0,-6857.370486920078
10510.0,-6857.388805856307
10511.0,-6857.407124792536
10512.0,-6857.425443728765
10513.0,-6857.443762664993
10514.0,-6857.462081601222
10515.0,-6857.480400537451
10516.0,-6857.49871947368
10517.0,-6857.517038409908
10518.0,-6857.535357346137
10519.0,-6857.553676282366
10520.0,-6857.571995218595
10521.0,-6857.590314154823
10522.0,-6857.608633091052
10523.0,-6857.626952027281
10524.0,-6857.64527096351
10525.0,-6857.663589899738
10526.0,-6857.681908835967
10527.0,-6857.700227772196
10528.0,-6857.718546708425
10529.0,-6857.736865644653
10530.0,-6857.755184580882
10531.0,-6857.773503517111
10532.0,-6857.79182245334
10533.0,-6857.810141389568
10534.0,-6857.828460325797
10535.0,-6857.846779262026
10536.0,-6857.865098198255
10537.0,-6857.883417134483
10538.0,-6857.901736070712
10539.0,-6857.920055006941
10540.0,-6857.93837394317
10541.0,-6857.956692879398
10542.0,-6857.975011815627
10543.0,-6857.993330751856
10544.0,-6858.011649688085
10545.0,-6858.029968624313
10546.0,-6858.048287560542
10547.0,-6858.066606496771
10548.0,-6858.084925433
10549.0,-6858.103244369228
10550.0,-6858.121563305457
10551.0,-6858.139882241686
10552.0,-6858.158201177915
10553.0,-6858.176520114143
10554.0,-6858.194839050372
10555.0,-6858.213157986601
10556.0,-6858.23147692283
10557.0,-6858.249795859058
10558.0,-6858.268114795287
10559.0,-6858.286433731516
10560.0,-6858.304752667745
10561.0,-6858.323071603973
10562.0,-6858.341390540202
10563.0,-6858.359709476431
10564.0,-6858.37802841266
10565.0,-6858.396347348888
10566.0,-6858.414666285117
10567.0,-6858.432985221346
10568.0,-6858.451304157575
10569.0,-6858.469623093803
10570.0,-6858.487942030032
10571.0,-6858.506260966261
10572.0,-6858.52457990249
10573.0,-6858.542898838718
10574.0,-6858.561217774947
10575.0,-6858.579536711176
10576.0,-6858.597855647405
10577.0,-6858.616174583633
10578.0,-6858.634493519862
10579.0,-6858.652812456091
10580.0,-6858.67113139232
10581.0,-6858.689450328548
10582.0,-6858.707769264777
10583.0,-6858.726088201006
10584.0,-6858.744407137235
10585.0,-6858.762726073463
10586.0,-6858.781045009692
10587.0,-6858.799363945921
10588.0,-6858.81768288215
10589.0,-6858.8360018183785
10590.0,-6858.854320754607
10591.0,-6858.872639690836
10592.0,-6858.890958627065
10593.0,-6858.9092775632935
10594.0,-6858.927596499522
10595.0,-6858.945915435751
10596.0,-6858.96423437198
10597.0,-6858.9825533082085
10598.0,-6859.000872244437
10599.0,-6859.019191180666
10600.0,-6859.037510116895
10601.0,-6859.0558290531235
10602.0,-6859.074147989352
10603.0,-6859.092466925581
10604.0,-6859.11078586181
10605.0,-6859.1291047980385
10606.0,-6859.147423734267
10607.0,-6859.165742670496
10608.0,-6859.184061606725
10609.0,-6859.2023805429535
10610.0,-6859.220699479182
10611.0,-6859.239018415411
10612.0,-6859.25733735164
10613.0,-6859.2756562878685
10614.0,-6859.293975224097
10615.0,-6859.312294160326
10616.0,-6859.330613096555
10617.0,-6859.3489320327835
10618.0,-6859.367250969012
10619.0,-6859.385569905241
10620.0,-6859.40388884147
10621.0,-6859.4222077776985
10622.0,-6859.440526713927
10623.0,-6859.458845650156
10624.0,-6859.477164586385
10625.0,-6859.4954835226135
10626.0,-6859.513802458842
10627.0,-6859.532121395071
10628.0,-6859.5504403313
10629.0,-6859.568759267529
10630.0,-6859.587078203757
10631.0,-6859.605397139986
10632.0,-6859.623716076215
10633.0,-6859.642035012444
10634.0,-6859.660353948672
10635.0,-6859.678672884901
10636.0,-6859.69699182113
10637.0,-6859.715310757359
10638.0,-6859.733629693587
10639.0,-6859.751948629816
10640.0,-6859.770267566045
10641.0,-6859.788586502274
10642.0,-6859.806905438502
10643.0,-6859.825224374731
10644.0,-6859.84354331096
10645.0,-6859.861862247189
10646.0,-6859.880181183417
10647.0,-6859.898500119646
10648.0,-6859.916819055875
10649.0,-6859.935137992104
10650.0,-6859.953456928332
10651.0,-6859.971775864561
10652.0,-6859.99009480079
10653.0,-6860.008413737019
10654.0,-6860.026732673247
10655.0,-6860.045051609476
10656.0,-6860.063370545705
10657.0,-6860.081689481934
10658.0,-6860.100008418162
10659.0,-6860.118327354391
10660.0,-6860.13664629062
10661.0,-6860.154965226849
10662.0,-6860.173284163077
10663.0,-6860.191603099306
10664.0,-6860.209922035535
10665.0,-6860.228240971764
10666.0,-6860.246559907992
10667.0,-6860.264878844221
10668.0,-6860.28319778045
10669.0,-6860.301516716679
10670.0,-6860.319835652907
10671.0,-6860.338154589136
10672.0,-6860.356473525365
10673.0,-6860.374792461594
10674.0,-6860.393111397822
10675.0,-6860.411430334051
10676.0,-6860.42974927028
10677.0,-6860.448068206509
10678.0,-6860.466387142737
10679.0,-6860.484706078966
10680.0,-6860.503025015195
10681.0,-6860.521343951424
10682.0,-6860.539662887652
10683.0,-6860.557981823881
10684.0,-6860.57630076011
10685.0,-6860.594619696339
10686.0,-6860.612938632567
10687.0,-6860.631257568796
10688.0,-6860.649576505025
10689.0,-6860.667895441254
10690.0,-6860.686214377482
10691.0,-6860.704533313711
10692.0,-6860.72285224994
10693.0,-6860.741171186169
10694.0,-6860.759490122397
10695.0,-6860.777809058626
10696.0,-6860.796127994855
10697.0,-6860.814446931084
10698.0,-6860.832765867312
10699.0,-6860.851084803541
10700.0,-6860.86940373977
10701.0,-6860.887722675999
10702.0,-6860.906041612227
10703.0,-6860.924360548456
10704.0,-6860.942679484685
10705.0,-6860.960998420914
10706.0,-6860.9793173571425
10707.0,-6860.997636293371
10708.0,-6861.0159552296
10709.0,-6861.034274165829
10710.0,-6861.0525931020575
10711.0,-6861.070912038286
10712.0,-6861.089230974515
10713.0,-6861.107549910744
10714.0,-6861.1258688469725
10715.0,-6861.144187783201
10716.0,-6861.16250671943
10717.0,-6861.180825655659
10718.0,-6861.1991445918875
10719.0,-6861.217463528116
10720.0,-6861.235782464345
10721.0,-6861.254101400574
10722.0,-6861.2724203368025
10723.0,-6861.290739273031
10724.0,-6861.30905820926
10725.0,-6861.327377145489
10726.0,-6861.3456960817175
10727.0,-6861.364015017946
10728.0,-6861.382333954175
10729.0,-6861.400652890404
10730.0,-6861.4189718266325
10731.0,-6861.437290762861
10732.0,-6861.45560969909
10733.0,-6861.473928635319
10734.0,-6861.4922475715475
10735.0,-6861.510566507776
10736.0,-6861.528885444005
10737.0,-6861.547204380234
10738.0,-6861.5655233164625
10739.0,-6861.583842252691
10740.0,-6861.60216118892
10741.0,-6861.620480125149
10742.0,-6861.6387990613775
10743.0,-6861.657117997606
10744.0,-6861.675436933835
10745.0,-6861.693755870064
10746.0,-6861.712074806293
10747.0,-6861.730393742521
10748.0,-6861.74871267875
10749.0,-6861.767031614979
10750.0,-6861.785350551208
10751.0,-6861.803669487436
10752.0,-6861.821988423665
10753.0,-6861.840307359894
10754.0,-6861.858626296123
10755.0,-6861.876945232351
10756.0,-6861.89526416858
10757.0,-6861.913583104809
10758.0,-6861.931902041038
10759.0,-6861.950220977266
10760.0,-6861.968539913495
10761.0,-6861.986858849724
10762.0,-6862.005177785953
10763.0,-6862.023496722181
10764.0,-6862.04181565841
10765.0,-6862.060134594639
10766.0,-6862.078453530868
10767.0,-6862.096772467096
10768.0,-6862.115091403325
10769.0,-6862.133410339554
10770.0,-6862.151729275783
10771.0,-6862.170048212011
10772.0,-6862.18836714824
10773.0,-6862.206686084469
10774.0,-6862.225005020698
10775.0,-6862.243323956926
10776.0,-6862.261642893155
10777.0,-6862.279961829384
10778.0,-6862.298280765613
10779.0,-6862.316599701841
10780.0,-6862.33491863807
10781.0,-6862.353237574299
10782.0,-6862.371556510528
10783.0,-6862.389875446756
10784.0,-6862.408194382985
10785.0,-6862.426513319214
10786.0,-6862.444832255443
10787.0,-6862.463151191671
10788.0,-6862.4814701279
10789.0,-6862.499789064129
10790.0,-6862.518108000358
10791.0,-6862.536426936586
10792.0,-6862.554745872815
10793.0,-6862.573064809044
10794.0,-6862.591383745273
10795.0,-6862.609702681501
10796.0,-6862.62802161773
10797.0,-6862.646340553959
10798.0,-6862.664659490188
10799.0,-6862.682978426416
10800.0,-6862.701297362645
10801.0,-6862.719616298874
10802.0,-6862.737935235103
10803.0,-6862.756254171331
10804.0,-6862.77457310756
10805.0,-6862.792892043789
10806.0,-6862.811210980018
10807.0,-6862.829529916246
10808.0,-6862.847848852475
10809.0,-6862.866167788704
10810.0,-6862.884486724933
10811.0,-6862.902805661161
10812.0,-6862.92112459739
10813.0,-6862.939443533619
10814.0,-6862.957762469848
10815.0,-6862.976081406076
10816.0,-6862.994400342305
10817.0,-6863.012719278534
10818.0,-6863.031038214763
10819.0,-6863.049357150991
10820.0,-6863.06767608722
10821.0,-6863.085995023449
10822.0,-6863.104313959678
10823.0,-6863.1226328959065
10824.0,-6863.140951832135
10825.0,-6863.159270768364
10826.0,-6863.177589704593
10827.0,-6863.1959086408215
10828.0,-6863.21422757705
10829.0,-6863.232546513279
10830.0,-6863.250865449508
10831.0,-6863.2691843857365
10832.0,-6863.287503321965
10833.0,-6863.305822258194
10834.0,-6863.324141194423
10835.0,-6863.3424601306515
10836.0,-6863.36077906688
10837.0,-6863.379098003109
10838.0,-6863.397416939338
10839.0,-6863.4157358755665
10840.0,-6863.434054811795
10841.0,-6863.452373748024
10842.0,-6863.470692684253
10843.0,-6863.4890116204815
10844.0,-6863.50733055671
10845.0,-6863.525649492939
10846.0,-6863.543968429168
10847.0,-6863.5622873653965
10848.0,-6863.580606301625
10849.0,-6863.598925237854
10850.0,-6863.617244174083
10851.0,-6863.6355631103115
10852.0,-6863.65388204654
10853.0,-6863.672200982769
10854.0,-6863.690519918998
10855.0,-6863.7088388552265
10856.0,-6863.727157791455
10857.0,-6863.745476727684
10858.0,-6863.763795663913
10859.0,-6863.7821146001415
10860.0,-6863.80043353637
10861.0,-6863.818752472599
10862.0,-6863.837071408828
10863.0,-6863.855390345057
10864.0,-6863.873709281285
10865.0,-6863.892028217514
10866.0,-6863.910347153743
10867.0,-6863.928666089972
10868.0,-6863.9469850262
10869.0,-6863.965303962429
10870.0,-6863.983622898658
10871.0,-6864.001941834887
10872.0,-6864.020260771115
10873.0,-6864.038579707344
10874.0,-6864.056898643573
10875.0,-6864.075217579802
10876.0,-6864.09353651603
10877.0,-6864.111855452259
10878.0,-6864.130174388488
10879.0,-6864.148493324717
10880.0,-6864.166812260945
10881.0,-6864.185131197174
10882.0,-6864.203450133403
10883.0,-6864.221769069632
10884.0,-6864.24008800586
10885.0,-6864.258406942089
10886.0,-6864.276725878318
10887.0,-6864.295044814547
10888.0,-6864.313363750775
10889.0,-6864.331682687004
10890.0,-6864.350001623233
10891.0,-6864.368320559462
10892.0,-6864.38663949569
10893.0,-6864.404958431919
10894.0,-6864.423277368148
10895.0,-6864.441596304377
10896.0,-6864.459915240605
10897.0,-6864.478234176834
10898.0,-6864.496553113063
10899.0,-6864.514872049292
10900.0,-6864.53319098552
10901.0,-6864.551509921749
10902.0,-6864.569828857978
10903.0,-6864.588147794207
10904.0,-6864.606466730435
10905.0,-6864.624785666664
10906.0,-6864.643104602893
10907.0,-6864.661423539122
10908.0,-6864.67974247535
10909.0,-6864.698061411579
10910.0,-6864.716380347808
10911.0,-6864.734699284037
10912.0,-6864.753018220265
10913.0,-6864.771337156494
10914.0,-6864.789656092723
10915.0,-6864.807975028952
10916.0,-6864.82629396518
10917.0,-6864.844612901409
10918.0,-6864.862931837638
10919.0,-6864.881250773867
10920.0,-6864.899569710095
10921.0,-6864.917888646324
10922.0,-6864.936207582553
10923.0,-6864.954526518782
10924.0,-6864.97284545501
10925.0,-6864.991164391239
10926.0,-6865.009483327468
10927.0,-6865.027802263697
10928.0,-6865.046121199925
10929.0,-6865.064440136154
10930.0,-6865.082759072383
10931.0,-6865.101078008612
10932.0,-6865.11939694484
10933.0,-6865.137715881069
10934.0,-6865.156034817298
10935.0,-6865.174353753527
10936.0,-6865.192672689755
10937.0,-6865.210991625984
10938.0,-6865.229310562213
10939.0,-6865.247629498442
10940.0,-6865.2659484346705
10941.0,-6865.284267370899
10942.0,-6865.302586307128
10943.0,-6865.320905243357
10944.0,-6865.3392241795855
10945.0,-6865.357543115814
10946.0,-6865.375862052043
10947.0,-6865.394180988272
10948.0,-6865.4124999245005
10949.0,-6865.430818860729
10950.0,-6865.449137796958
10951.0,-6865.467456733187
10952.0,-6865.4857756694155
10953.0,-6865.504094605644
10954.0,-6865.522413541873
10955.0,-6865.540732478102
10956.0,-6865.5590514143305
10957.0,-6865.577370350559
10958.0,-6865.595689286788
10959.0,-6865.614008223017
10960.0,-6865.6323271592455
10961.0,-6865.650646095474
10962.0,-6865.668965031703
10963.0,-6865.687283967932
10964.0,-6865.7056029041605
10965.0,-6865.723921840389
10966.0,-6865.742240776618
10967.0,-6865.760559712847
10968.0,-6865.7788786490755
10969.0,-6865.797197585304
10970.0,-6865.815516521533
10971.0,-6865.833835457762
10972.0,-6865.8521543939905
10973.0,-6865.870473330219
10974.0,-6865.888792266448
10975.0,-6865.907111202677
10976.0,-6865.9254301389055
10977.0,-6865.943749075134
10978.0,-6865.962068011363
10979.0,-6865.980386947592
10980.0,-6865.998705883821
10981.0,-6866.017024820049
10982.0,-6866.035343756278
10983.0,-6866.053662692507
10984.0,-6866.071981628736
10985.0,-6866.090300564964
10986.0,-6866.108619501193
10987.0,-6866.126938437422
10988.0,-6866.145257373651
10989.0,-6866.163576309879
10990.0,-6866.181895246108
10991.0,-6866.200214182337
10992.0,-6866.218533118566
10993.0,-6866.236852054794
10994.0,-6866.255170991023
10995.0,-6866.273489927252
10996.0,-6866.291808863481
10997.0,-6866.310127799709
10998.0,-6866.328446735938
10999.0,-6866.346765672167
11000.0,-6866.365084608396
11001.0,-6866.383403544624
11002.0,-6866.401722480853
11003.0,-6866.420041417082
11004.0,-6866.438360353311
11005.0,-6866.456679289539
11006.0,-6866.474998225768
11007.0,-6866.493317161997
11008.0,-6866.511636098226
11009.0,-6866.529955034454
11010.0,-6866.548273970683
11011.0,-6866.566592906912
11012.0,-6866.584911843141
11013.0,-6866.603230779369
11014.0,-6866.621549715598
11015.0,-6866.639868651827
11016.0,-6866.658187588056
11017.0,-6866.676506524284
11018.0,-6866.694825460513
11019.0,-6866.713144396742
11020.0,-6866.731463332971
11021.0,-6866.749782269199
11022.0,-6866.768101205428
11023.0,-6866.786420141657
11024.0,-6866.804739077886
11025.0,-6866.823058014114
11026.0,-6866.841376950343
11027.0,-6866.859695886572
11028.0,-6866.878014822801
11029.0,-6866.896333759029
11030.0,-6866.914652695258
11031.0,-6866.932971631487
11032.0,-6866.951290567716
11033.0,-6866.969609503944
11034.0,-6866.987928440173
11035.0,-6867.006247376402
11036.0,-6867.024566312631
11037.0,-6867.042885248859
11038.0,-6867.061204185088
11039.0,-6867.079523121317
11040.0,-6867.097842057546
11041.0,-6867.116160993774
11042.0,-6867.134479930003
11043.0,-6867.152798866232
11044.0,-6867.171117802461
11045.0,-6867.189436738689
11046.0,-6867.207755674918
11047.0,-6867.226074611147
11048.0,-6867.244393547376
11049.0,-6867.262712483604
11050.0,-6867.281031419833
11051.0,-6867.299350356062
11052.0,-6867.317669292291
11053.0,-6867.335988228519
11054.0,-6867.354307164748
11055.0,-6867.372626100977
11056.0,-6867.390945037206
11057.0,-6867.4092639734345
11058.0,-6867.427582909663
11059.0,-6867.445901845892
11060.0,-6867.464220782121
11061.0,-6867.4825397183495
11062.0,-6867.500858654578
11063.0,-6867.519177590807
11064.0,-6867.537496527036
11065.0,-6867.5558154632645
11066.0,-6867.574134399493
11067.0,-6867.592453335722
11068.0,-6867.610772271951
11069.0,-6867.6290912081795
11070.0,-6867.647410144408
11071.0,-6867.665729080637
11072.0,-6867.684048016866
11073.0,-6867.7023669530945
11074.0,-6867.720685889323
11075.0,-6867.739004825552
11076.0,-6867.757323761781
11077.0,-6867.7756426980095
11078.0,-6867.793961634238
11079.0,-6867.812280570467
11080.0,-6867.830599506696
11081.0,-6867.8489184429245
11082.0,-6867.867237379153
11083.0,-6867.885556315382
11084.0,-6867.903875251611
11085.0,-6867.9221941878395
11086.0,-6867.940513124068
11087.0,-6867.958832060297
11088.0,-6867.977150996526
11089.0,-6867.9954699327545
11090.0,-6868.013788868983
11091.0,-6868.032107805212
11092.0,-6868.050426741441
11093.0,-6868.0687456776695
11094.0,-6868.087064613898
11095.0,-6868.105383550127
11096.0,-6868.123702486356
11097.0,-6868.142021422585
11098.0,-6868.160340358813
11099.0,-6868.178659295042
11100.0,-6868.196978231271
11101.0,-6868.2152971675
11102.0,-6868.233616103728
11103.0,-6868.251935039957
11104.0,-6868.270253976186
11105.0,-6868.288572912415
11106.0,-6868.306891848643
11107.0,-6868.325210784872
11108.0,-6868.343529721101
11109.0,-6868.36184865733
11110.0,-6868.380167593558
11111.0,-6868.398486529787
11112.0,-6868.416805466016
11113.0,-6868.435124402245
11114.0,-6868.453443338473
11115.0,-6868.471762274702
11116.0,-6868.490081210931
11117.0,-6868.50840014716
11118.0,-6868.526719083388
11119.0,-6868.545038019617
11120.0,-6868.563356955846
11121.0,-6868.581675892075
11122.0,-6868.599994828303
11123.0,-6868.618313764532
11124.0,-6868.636632700761
11125.0,-6868.65495163699
11126.0,-6868.673270573218
11127.0,-6868.691589509447
11128.0,-6868.709908445676
11129.0,-6868.728227381905
11130.0,-6868.746546318133
11131.0,-6868.764865254362
11132.0,-6868.783184190591
11133.0,-6868.80150312682
11134.0,-6868.819822063048
11135.0,-6868.838140999277
11136.0,-6868.856459935506
11137.0,-6868.874778871735
11138.0,-6868.893097807963
11139.0,-6868.911416744192
11140.0,-6868.929735680421
11141.0,-6868.94805461665
11142.0,-6868.966373552878
11143.0,-6868.984692489107
11144.0,-6869.003011425336
11145.0,-6869.021330361565
11146.0,-6869.039649297793
11147.0,-6869.057968234022
11148.0,-6869.076287170251
11149.0,-6869.09460610648
11150.0,-6869.112925042708
11151.0,-6869.131243978937
11152.0,-6869.149562915166
11153.0,-6869.167881851395
11154.0,-6869.186200787623
11155.0,-6869.204519723852
11156.0,-6869.222838660081
11157.0,-6869.24115759631
11158.0,-6869.259476532538
11159.0,-6869.277795468767
11160.0,-6869.296114404996
11161.0,-6869.314433341225
11162.0,-6869.332752277453
11163.0,-6869.351071213682
11164.0,-6869.369390149911
11165.0,-6869.38770908614
11166.0,-6869.406028022368
11167.0,-6869.424346958597
11168.0,-6869.442665894826
11169.0,-6869.460984831055
11170.0,-6869.479303767283
11171.0,-6869.497622703512
11172.0,-6869.515941639741
11173.0,-6869.53426057597
11174.0,-6869.5525795121985
11175.0,-6869.570898448427
11176.0,-6869.589217384656
11177.0,-6869.607536320885
11178.0,-6869.6258552571135
11179.0,-6869.644174193342
11180.0,-6869.662493129571
11181.0,-6869.6808120658
11182.0,-6869.6991310020285
11183.0,-6869.717449938257
11184.0,-6869.735768874486
11185.0,-6869.754087810715
11186.0,-6869.7724067469435
11187.0,-6869.790725683172
11188.0,-6869.809044619401
11189.0,-6869.82736355563
11190.0,-6869.8456824918585
11191.0,-6869.864001428087
11192.0,-6869.882320364316
11193.0,-6869.900639300545
11194.0,-6869.9189582367735
11195.0,-6869.937277173002
11196.0,-6869.955596109231
11197.0,-6869.97391504546
11198.0,-6869.9922339816885
11199.0,-6870.010552917917
11200.0,-6870.028871854146
11201.0,-6870.047190790375
11202.0,-6870.0655097266035
11203.0,-6870.083828662832
11204.0,-6870.102147599061
11205.0,-6870.12046653529
11206.0,-6870.1387854715185
11207.0,-6870.157104407747
11208.0,-6870.175423343976
11209.0,-6870.193742280205
11210.0,-6870.2120612164335
11211.0,-6870.230380152662
11212.0,-6870.248699088891
11213.0,-6870.26701802512
11214.0,-6870.285336961349
11215.0,-6870.303655897577
11216.0,-6870.321974833806
11217.0,-6870.340293770035
11218.0,-6870.358612706264
11219.0,-6870.376931642492
11220.0,-6870.395250578721
11221.0,-6870.41356951495
11222.0,-6870.431888451179
11223.0,-6870.450207387407
11224.0,-6870.468526323636
11225.0,-6870.486845259865
11226.0,-6870.505164196094
11227.0,-6870.523483132322
11228.0,-6870.541802068551
11229.0,-6870.56012100478
11230.0,-6870.578439941009
11231.0,-6870.596758877237
11232.0,-6870.615077813466
11233.0,-6870.633396749695
11234.0,-6870.651715685924
11235.0,-6870.670034622152
11236.0,-6870.688353558381
11237.0,-6870.70667249461
11238.0,-6870.724991430839
11239.0,-6870.743310367067
11240.0,-6870.761629303296
11241.0,-6870.779948239525
11242.0,-6870.798267175754
11243.0,-6870.816586111982
11244.0,-6870.834905048211
11245.0,-6870.85322398444
11246.0,-6870.871542920669
11247.0,-6870.889861856897
11248.0,-6870.908180793126
11249.0,-6870.926499729355
11250.0,-6870.944818665584
11251.0,-6870.963137601812
11252.0,-6870.981456538041
11253.0,-6870.99977547427
11254.0,-6871.018094410499
11255.0,-6871.036413346727
11256.0,-6871.054732282956
11257.0,-6871.073051219185
11258.0,-6871.091370155414
11259.0,-6871.109689091642
11260.0,-6871.128008027871
11261.0,-6871.1463269641
11262.0,-6871.164645900329
11263.0,-6871.182964836557
11264.0,-6871.201283772786
11265.0,-6871.211621294419
11266.0,-6871.2219588160515
11267.0,-6871.232296337684
11268.0,-6871.242633859317
11269.0,-6871.252971380949
11270.0,-6871.263308902581
11271.0,-6871.273646424214
11272.0,-6871.283983945847
11273.0,-6871.294321467479
11274.0,-6871.304658989112
11275.0,-6871.314996510744
11276.0,-6871.325334032376
11277.0,-6871.335671554009
11278.0,-6871.346009075642
11279.0,-6871.356346597274
11280.0,-6871.366684118907
11281.0,-6871.377021640539
11282.0,-6871.387359162171
11283.0,-6871.3976966838045
11284.0,-6871.408034205437
11285.0,-6871.418371727069
11286.0,-6871.428709248702
11287.0,-6871.439046770334
11288.0,-6871.449384291966
11289.0,-6871.4597218136
11290.0,-6871.470059335232
11291.0,-6871.480396856864
11292.0,-6871.490734378497
11293.0,-6871.501071900129
11294.0,-6871.5114094217615
11295.0,-6871.521746943395
11296.0,-6871.532084465027
11297.0,-6871.542421986659
11298.0,-6871.552759508292
11299.0,-6871.563097029924
11300.0,-6871.573434551557
11301.0,-6871.58377207319
11302.0,-6871.594109594822
11303.0,-6871.604447116454
11304.0,-6871.614784638087
11305.0,-6871.6251221597195
11306.0,-6871.635459681352
11307.0,-6871.645797202985
11308.0,-6871.656134724617
11309.0,-6871.666472246249
11310.0,-6871.676809767882
11311.0,-6871.6871472895145
11312.0,-6871.697484811147
11313.0,-6871.70782233278
11314.0,-6871.718159854412
11315.0,-6871.728497376044
11316.0,-6871.738834897677
11317.0,-6871.74917241931
11318.0,-6871.759509940942
11319.0,-6871.769847462575
11320.0,-6871.780184984207
11321.0,-6871.790522505839
11322.0,-6871.8008600274725
11323.0,-6871.811197549105
11324.0,-6871.821535070737
11325.0,-6871.83187259237
11326.0,-6871.842210114002
11327.0,-6871.852547635634
11328.0,-6871.862885157268
11329.0,-6871.8732226789
11330.0,-6871.883560200532
11331.0,-6871.893897722165
11332.0,-6871.904235243797
11333.0,-6871.9145727654295
11334.0,-6871.924910287063
11335.0,-6871.935247808695
11336.0,-6871.945585330327
11337.0,-6871.95592285196
11338.0,-6871.966260373592
11339.0,-6871.976597895225
11340.0,-6871.986935416858
11341.0,-6871.99727293849
11342.0,-6872.007610460122
11343.0,-6872.017947981755
11344.0,-6872.028285503387
11345.0,-6872.03862302502
11346.0,-6872.048960546653
11347.0,-6872.059298068285
11348.0,-6872.069635589917
11349.0,-6872.07997311155
11350.0,-6872.0903106331825
11351.0,-6872.100648154815
11352.0,-6872.110985676448
11353.0,-6872.12132319808
11354.0,-6872.131660719712
11355.0,-6872.141998241345
11356.0,-6872.152335762978
11357.0,-6872.16267328461
11358.0,-6872.173010806243
11359.0,-6872.183348327875
11360.0,-6872.193685849507
11361.0,-6872.2040233711405
11362.0,-6872.214360892773
11363.0,-6872.224698414405
11364.0,-6872.235035936038
11365.0,-6872.24537345767
11366.0,-6872.255710979302
11367.0,-6872.2660485009355
11368.0,-6872.276386022568
11369.0,-6872.2867235442
11370.0,-6872.297061065833
11371.0,-6872.307398587465
11372.0,-6872.3177361090975
11373.0,-6872.328073630731
11374.0,-6872.338411152363
11375.0,-6872.348748673995
11376.0,-6872.359086195628
11377.0,-6872.36942371726
11378.0,-6872.379761238893
11379.0,-6872.390098760526
11380.0,-6872.400436282158
11381.0,-6872.41077380379
11382.0,-6872.421111325423
11383.0,-6872.431448847055
11384.0,-6872.441786368688
11385.0,-6872.452123890321
11386.0,-6872.462461411953
11387.0,-6872.472798933585
11388.0,-6872.483136455218
11389.0,-6872.4934739768505
11390.0,-6872.503811498483
11391.0,-6872.514149020116
11392.0,-6872.524486541748
11393.0,-6872.53482406338
11394.0,-6872.545161585013
11395.0,-6872.555499106646
11396.0,-6872.565836628278
11397.0,-6872.576174149911
11398.0,-6872.586511671543
11399.0,-6872.596849193175
11400.0,-6872.607186714808
11401.0,-6872.617524236441
11402.0,-6872.627861758073
11403.0,-6872.638199279706
11404.0,-6872.648536801338
11405.0,-6872.65887432297
11406.0,-6872.6692118446035
11407.0,-6872.679549366236
11408.0,-6872.689886887868
11409.0,-6872.700224409501
11410.0,-6872.710561931133
11411.0,-6872.7208994527655
11412.0,-6872.731236974399
11413.0,-6872.741574496031
11414.0,-6872.751912017663
11415.0,-6872.762249539296
11416.0,-6872.772587060928
11417.0,-6872.782924582561
11418.0,-6872.793262104194
11419.0,-6872.803599625826
11420.0,-6872.813937147458
11421.0,-6872.824274669091
11422.0,-6872.834612190723
11423.0,-6872.844949712356
11424.0,-6872.855287233989
11425.0,-6872.865624755621
11426.0,-6872.875962277253
11427.0,-6872.886299798886
11428.0,-6872.8966373205185
11429.0,-6872.906974842151
11430.0,-6872.917312363784
11431.0,-6872.927649885416
11432.0,-6872.937987407048
11433.0,-6872.948324928681
11434.0,-6872.958662450314
11435.0,-6872.968999971946
11436.0,-6872.979337493579
11437.0,-6872.989675015211
11438.0,-6873.000012536843
11439.0,-6873.010350058476
11440.0,-6873.020687580109
11441.0,-6873.031025101741
11442.0,-6873.041362623374
11443.0,-6873.051700145006
11444.0,-6873.062037666638
11445.0,-6873.0723751882715
11446.0,-6873.082712709904
11447.0,-6873.093050231536
11448.0,-6873.103387753169
11449.0,-6873.113725274801
11450.0,-6873.1240627964335
11451.0,-6873.134400318067
11452.0,-6873.144737839699
11453.0,-6873.155075361331
11454.0,-6873.165412882964
11455.0,-6873.175750404596
11456.0,-6873.1860879262285
11457.0,-6873.196425447862
11458.0,-6873.206762969494
11459.0,-6873.217100491126
11460.0,-6873.227438012759
11461.0,-6873.237775534391
11462.0,-6873.248113056024
11463.0,-6873.258450577657
11464.0,-6873.268788099289
11465.0,-6873.279125620921
11466.0,-6873.289463142554
11467.0,-6873.2998006641865
11468.0,-6873.310138185819
11469.0,-6873.320475707452
11470.0,-6873.330813229084
11471.0,-6873.341150750716
11472.0,-6873.351488272349
11473.0,-6873.361825793982
11474.0,-6873.372163315614
11475.0,-6873.382500837247
11476.0,-6873.392838358879
11477.0,-6873.403175880511
11478.0,-6873.413513402144
11479.0,-6873.423850923777
11480.0,-6873.434188445409
11481.0,-6873.444525967042
11482.0,-6873.454863488674
11483.0,-6873.465201010306
11484.0,-6873.4755385319395
11485.0,-6873.485876053572
11486.0,-6873.496213575204
11487.0,-6873.506551096837
11488.0,-6873.516888618469
11489.0,-6873.527226140101
11490.0,-6873.537563661735
11491.0,-6873.547901183367
11492.0,-6873.558238704999
11493.0,-6873.568576226632
11494.0,-6873.578913748264
11495.0,-6873.5892512698965
11496.0,-6873.59958879153
11497.0,-6873.609926313162
11498.0,-6873.620263834794
11499.0,-6873.630601356427
11500.0,-6873.640938878059
11501.0,-6873.651276399692
11502.0,-6873.661613921325
11503.0,-6873.671951442957
11504.0,-6873.682288964589
11505.0,-6873.692626486222
11506.0,-6873.7029640078545
11507.0,-6873.713301529487
11508.0,-6873.72363905112
11509.0,-6873.733976572752
11510.0,-6873.744314094384
11511.0,-6873.754651616017
11512.0,-6873.7649891376495
11513.0,-6873.775326659282
11514.0,-6873.785664180915
11515.0,-6873.796001702547
11516.0,-6873.806339224179
11517.0,-6873.816676745812
11518.0,-6873.827014267445
11519.0,-6873.837351789077
11520.0,-6873.84768931071
11521.0,-6873.858026832342
11522.0,-6873.868364353974
11523.0,-6873.8787018756075
11524.0,-6873.88903939724
11525.0,-6873.899376918872
11526.0,-6873.909714440505
11527.0,-6873.920051962137
11528.0,-6873.930389483769
11529.0,-6873.940727005403
11530.0,-6873.951064527035
11531.0,-6873.961402048667
11532.0,-6873.9717395703
11533.0,-6873.982077091932
11534.0,-6873.9924146135645
11535.0,-6874.002752135198
11536.0,-6874.01308965683
11537.0,-6874.023427178462
11538.0,-6874.033764700095
11539.0,-6874.044102221727
11540.0,-6874.05443974336
11541.0,-6874.064777264993
11542.0,-6874.075114786625
11543.0,-6874.085452308257
11544.0,-6874.09578982989
11545.0,-6874.106127351522
11546.0,-6874.116464873155
11547.0,-6874.126802394788
11548.0,-6874.13713991642
11549.0,-6874.147477438052
11550.0,-6874.157814959685
11551.0,-6874.1681524813175
11552.0,-6874.17849000295
11553.0,-6874.188827524583
11554.0,-6874.199165046215
11555.0,-6874.209502567847
11556.0,-6874.21984008948
11557.0,-6874.230177611113
11558.0,-6874.240515132745
11559.0,-6874.250852654378
11560.0,-6874.26119017601
11561.0,-6874.271527697642
11562.0,-6874.2818652192755
11563.0,-6874.292202740908
11564.0,-6874.30254026254
11565.0,-6874.312877784173
11566.0,-6874.323215305805
11567.0,-6874.333552827437
11568.0,-6874.3438903490705
11569.0,-6874.354227870703
11570.0,-6874.364565392335
11571.0,-6874.374902913968
11572.0,-6874.3852404356
11573.0,-6874.3955779572325
11574.0,-6874.405915478866
11575.0,-6874.416253000498
11576.0,-6874.42659052213
11577.0,-6874.436928043763
11578.0,-6874.447265565395
11579.0,-6874.457603087028
11580.0,-6874.467940608661
11581.0,-6874.478278130293
11582.0,-6874.488615651925
11583.0,-6874.498953173558
11584.0,-6874.50929069519
11585.0,-6874.519628216823
11586.0,-6874.529965738456
11587.0,-6874.540303260088
11588.0,-6874.55064078172
11589.0,-6874.560978303353
11590.0,-6874.5713158249855
11591.0,-6874.581653346618
11592.0,-6874.591990868251
11593.0,-6874.602328389883
11594.0,-6874.612665911515
11595.0,-6874.623003433148
11596.0,-6874.633340954781
11597.0,-6874.643678476413
11598.0,-6874.654015998046
11599.0,-6874.664353519678
11600.0,-6874.67469104131
11601.0,-6874.685028562943
11602.0,-6874.695366084576
11603.0,-6874.705703606208
11604.0,-6874.716041127841
11605.0,-6874.726378649473
11606.0,-6874.736716171105
11607.0,-6874.7470536927385
11608.0,-6874.757391214371
11609.0,-6874.767728736003
11610.0,-6874.778066257636
11611.0,-6874.788403779268
11612.0,-6874.7987413009005
11613.0,-6874.809078822534
11614.0,-6874.819416344166
11615.0,-6874.829753865798
11616.0,-6874.840091387431
11617.0,-6874.850428909063
11618.0,-6874.860766430696
11619.0,-6874.871103952329
11620.0,-6874.881441473961
11621.0,-6874.891778995593
11622.0,-6874.902116517226
11623.0,-6874.912454038858
11624.0,-6874.922791560491
11625.0,-6874.933129082124
11626.0,-6874.943466603756
11627.0,-6874.953804125388
11628.0,-6874.964141647021
11629.0,-6874.9744791686535
11630.0,-6874.984816690286
11631.0,-6874.995154211919
11632.0,-6875.005491733551
11633.0,-6875.015829255183
11634.0,-6875.026166776816
11635.0,-6875.036504298449
11636.0,-6875.046841820081
11637.0,-6875.057179341714
11638.0,-6875.067516863346
11639.0,-6875.077854384978
11640.0,-6875.088191906611
11641.0,-6875.098529428244
11642.0,-6875.108866949876
11643.0,-6875.119204471509
11644.0,-6875.129541993141
11645.0,-6875.139879514773
11646.0,-6875.1502170364065
11647.0,-6875.160554558039
11648.0,-6875.170892079671
11649.0,-6875.181229601304
11650.0,-6875.191567122936
11651.0,-6875.2019046445685
11652.0,-6875.212242166202
11653.0,-6875.222579687834
11654.0,-6875.232917209466
11655.0,-6875.243254731099
11656.0,-6875.253592252731
11657.0,-6875.2639297743635
11658.0,-6875.274267295997
11659.0,-6875.284604817629
11660.0,-6875.294942339261
11661.0,-6875.305279860894
11662.0,-6875.315617382526
11663.0,-6875.325954904159
11664.0,-6875.336292425792
11665.0,-6875.346629947424
11666.0,-6875.356967469056
11667.0,-6875.367304990689
11668.0,-6875.3776425123215
11669.0,-6875.387980033954
11670.0,-6875.398317555587
11671.0,-6875.408655077219
11672.0,-6875.418992598851
11673.0,-6875.429330120484
11674.0,-6875.439667642117
11675.0,-6875.450005163749
11676.0,-6875.460342685382
11677.0,-6875.470680207014
11678.0,-6875.481017728646
11679.0,-6875.491355250279
11680.0,-6875.501692771912
11681.0,-6875.512030293544
11682.0,-6875.522367815177
11683.0,-6875.532705336809
11684.0,-6875.543042858441
11685.0,-6875.5533803800745
11686.0,-6875.563717901707
11687.0,-6875.574055423339
11688.0,-6875.584392944972
11689.0,-6875.594730466604
11690.0,-6875.605067988236
11691.0,-6875.61540550987
11692.0,-6875.625743031502
11693.0,-6875.636080553134
11694.0,-6875.646418074767
11695.0,-6875.656755596399
11696.0,-6875.6670931180315
11697.0,-6875.677430639665
11698.0,-6875.687768161297
11699.0,-6875.698105682929
11700.0,-6875.708443204562
11701.0,-6875.718780726194
11702.0,-6875.729118247827
11703.0,-6875.73945576946
11704.0,-6875.749793291092
11705.0,-6875.760130812724
11706.0,-6875.770468334357
11707.0,-6875.7808058559895
11708.0,-6875.791143377622
11709.0,-6875.801480899255
11710.0,-6875.811818420887
11711.0,-6875.822155942519
11712.0,-6875.832493464152
11713.0,-6875.8428309857845
11714.0,-6875.853168507417
11715.0,-6875.86350602905
11716.0,-6875.873843550682
11717.0,-6875.884181072314
11718.0,-6875.894518593947
11719.0,-6875.90485611558
11720.0,-6875.915193637212
11721.0,-6875.925531158845
11722.0,-6875.935868680477
11723.0,-6875.946206202109
11724.0,-6875.9565437237425
11725.0,-6875.966881245375
11726.0,-6875.977218767007
11727.0,-6875.98755628864
11728.0,-6875.997893810272
11729.0,-6876.008231331904
11730.0,-6876.0185688535375
11731.0,-6876.02890637517
11732.0,-6876.039243896802
11733.0,-6876.049581418435
11734.0,-6876.059918940067
11735.0,-6876.0702564616995
11736.0,-6876.080593983333
11737.0,-6876.090931504965
11738.0,-6876.101269026597
11739.0,-6876.11160654823
11740.0,-6876.121944069862
11741.0,-6876.132281591495
11742.0,-6876.142619113128
11743.0,-6876.15295663476
11744.0,-6876.163294156392
11745.0,-6876.173631678025
11746.0,-6876.183969199657
11747.0,-6876.19430672129
11748.0,-6876.204644242923
11749.0,-6876.214981764555
11750.0,-6876.225319286187
11751.0,-6876.23565680782
11752.0,-6876.2459943294525
11753.0,-6876.256331851085
11754.0,-6876.266669372718
11755.0,-6876.27700689435
11756.0,-6876.287344415982
11757.0,-6876.297681937615
11758.0,-6876.308019459248
11759.0,-6876.31835698088
11760.0,-6876.328694502513
11761.0,-6876.339032024145
11762.0,-6876.349369545777
11763.0,-6876.35970706741
11764.0,-6876.370044589043
11765.0,-6876.380382110675
11766.0,-6876.390719632308
11767.0,-6876.40105715394
11768.0,-6876.411394675572
11769.0,-6876.4217321972055
11770.0,-6876.432069718838
11771.0,-6876.44240724047
11772.0,-6876.452744762103
11773.0,-6876.463082283735
11774.0,-6876.4734198053675
11775.0,-6876.483757327001
11776.0,-6876.494094848633
11777.0,-6876.504432370265
11778.0,-6876.514769891898
11779.0,-6876.52510741353
11780.0,-6876.535444935163
11781.0,-6876.545782456796
11782.0,-6876.556119978428
11783.0,-6876.56645750006
11784.0,-6876.576795021693
11785.0,-6876.587132543325
11786.0,-6876.597470064958
11787.0,-6876.607807586591
11788.0,-6876.618145108223
11789.0,-6876.628482629855
11790.0,-6876.638820151488
11791.0,-6876.6491576731205
11792.0,-6876.659495194753
11793.0,-6876.669832716386
11794.0,-6876.680170238018
11795.0,-6876.69050775965
11796.0,-6876.700845281283
11797.0,-6876.711182802916
11798.0,-6876.721520324548
11799.0,-6876.731857846181
11800.0,-6876.742195367813
11801.0,-6876.752532889445
11802.0,-6876.762870411078
11803.0,-6876.773207932711
11804.0,-6876.783545454343
11805.0,-6876.793882975976
11806.0,-6876.804220497608
11807.0,-6876.81455801924
11808.0,-6876.8248955408735
11809.0,-6876.835233062506
11810.0,-6876.845570584138
11811.0,-6876.855908105771
11812.0,-6876.866245627403
11813.0,-6876.8765831490355
11814.0,-6876.886920670669
11815.0,-6876.897258192301
11816.0,-6876.907595713933
11817.0,-6876.917933235566
11818.0,-6876.928270757198
11819.0,-6876.9386082788305
11820.0,-6876.948945800464
11821.0,-6876.959283322096
11822.0,-6876.969620843728
11823.0,-6876.979958365361
11824.0,-6876.990295886993
11825.0,-6877.000633408626
11826.0,-6877.010970930259
11827.0,-6877.021308451891
11828.0,-6877.031645973523
11829.0,-6877.041983495156
11830.0,-6877.0523210167885
11831.0,-6877.062658538421
11832.0,-6877.072996060054
11833.0,-6877.083333581686
11834.0,-6877.093671103318
11835.0,-6877.104008624951
11836.0,-6877.114346146584
11837.0,-6877.124683668216
11838.0,-6877.135021189849
11839.0,-6877.145358711481
11840.0,-6877.155696233113
11841.0,-6877.166033754746
11842.0,-6877.176371276379
11843.0,-6877.186708798011
11844.0,-6877.197046319644
11845.0,-6877.207383841276
11846.0,-6877.217721362908
11847.0,-6877.2280588845415
11848.0,-6877.238396406174
11849.0,-6877.248733927806
11850.0,-6877.259071449439
11851.0,-6877.269408971071
11852.0,-6877.279746492703
11853.0,-6877.290084014337
11854.0,-6877.300421535969
11855.0,-6877.310759057601
11856.0,-6877.321096579234
11857.0,-6877.331434100866
11858.0,-6877.3417716224985
11859.0,-6877.352109144132
11860.0,-6877.362446665764
11861.0,-6877.372784187396
11862.0,-6877.383121709029
11863.0,-6877.393459230661
11864.0,-6877.403796752294
11865.0,-6877.414134273927
11866.0,-6877.424471795559
11867.0,-6877.434809317191
11868.0,-6877.445146838824
11869.0,-6877.4554843604565
11870.0,-6877.465821882089
11871.0,-6877.476159403722
11872.0,-6877.486496925354
11873.0,-6877.496834446986
11874.0,-6877.507171968619
11875.0,-6877.5175094902515
11876.0,-6877.527847011884
11877.0,-6877.538184533517
11878.0,-6877.548522055149
11879.0,-6877.558859576781
11880.0,-6877.569197098414
11881.0,-6877.579534620047
11882.0,-6877.589872141679
11883.0,-6877.600209663312
11884.0,-6877.610547184944
11885.0,-6877.620884706576
11886.0,-6877.6312222282095
11887.0,-6877.641559749842
11888.0,-6877.651897271474
11889.0,-6877.662234793107
11890.0,-6877.672572314739
11891.0,-6877.682909836371
11892.0,-6877.693247358005
11893.0,-6877.703584879637
11894.0,-6877.713922401269
11895.0,-6877.724259922902
11896.0,-6877.734597444534
11897.0,-6877.7449349661665
11898.0,-6877.7552724878
11899.0,-6877.765610009432
11900.0,-6877.775947531064
11901.0,-6877.786285052697
11902.0,-6877.796622574329
11903.0,-6877.806960095962
11904.0,-6877.817297617595
11905.0,-6877.827635139227
11906.0,-6877.837972660859
11907.0,-6877.848310182492
11908.0,-6877.858647704124
11909.0,-6877.868985225757
11910.0,-6877.87932274739
11911.0,-6877.889660269022
11912.0,-6877.899997790654
11913.0,-6877.910335312287
11914.0,-6877.9206728339195
11915.0,-6877.931010355552
11916.0,-6877.941347877185
11917.0,-6877.951685398817
11918.0,-6877.962022920449
11919.0,-6877.972360442082
11920.0,-6877.982697963715
11921.0,-6877.993035485347
11922.0,-6878.00337300698
11923.0,-6878.013710528612
11924.0,-6878.024048050244
11925.0,-6878.0343855718775
11926.0,-6878.04472309351
11927.0,-6878.055060615142
11928.0,-6878.065398136775
11929.0,-6878.075735658407
11930.0,-6878.086073180039
11931.0,-6878.0964107016725
11932.0,-6878.106748223305
11933.0,-6878.117085744937
11934.0,-6878.12742326657
11935.0,-6878.137760788202
11936.0,-6878.1480983098345
11937.0,-6878.158435831468
11938.0,-6878.1687733531
11939.0,-6878.179110874732
11940.0,-6878.189448396365
11941.0,-6878.199785917997
11942.0,-6878.21012343963
11943.0,-6878.220460961263
11944.0,-6878.230798482895
11945.0,-6878.241136004527
11946.0,-6878.25147352616
11947.0,-6878.261811047792
11948.0,-6878.272148569425
11949.0,-6878.282486091058
11950.0,-6878.29282361269
11951.0,-6878.303161134322
11952.0,-6878.313498655955
11953.0,-6878.3238361775875
11954.0,-6878.33417369922
11955.0,-6878.344511220853
11956.0,-6878.354848742485
11957.0,-6878.365186264117
11958.0,-6878.37552378575
11959.0,-6878.385861307383
11960.0,-6878.396198829015
11961.0,-6878.406536350648
11962.0,-6878.41687387228
11963.0,-6878.427211393912
11964.0,-6878.437548915545
11965.0,-6878.447886437178
11966.0,-6878.45822395881
11967.0,-6878.468561480443
11968.0,-6878.478899002075
11969.0,-6878.489236523707
11970.0,-6878.4995740453405
11971.0,-6878.509911566973
11972.0,-6878.520249088605
11973.0,-6878.530586610238
11974.0,-6878.54092413187
11975.0,-6878.5512616535025
11976.0,-6878.561599175136
11977.0,-6878.571936696768
11978.0,-6878.5822742184
11979.0,-6878.592611740033
11980.0,-6878.602949261665
11981.0,-6878.613286783298
11982.0,-6878.623624304931
11983.0,-6878.633961826563
11984.0,-6878.644299348195
11985.0,-6878.654636869828
11986.0,-6878.66497439146
11987.0,-6878.675311913093
11988.0,-6878.685649434726
11989.0,-6878.695986956358
11990.0,-6878.70632447799
11991.0,-6878.716661999623
11992.0,-6878.7269995212555
11993.0,-6878.737337042888
11994.0,-6878.747674564521
11995.0,-6878.758012086153
11996.0,-6878.768349607785
11997.0,-6878.778687129418
11998.0,-6878.789024651051
11999.0,-6878.799362172683
12000.0,-6878.809699694316
12001.0,-6878.820037215948
12002.0,-6878.83037473758
12003.0,-6878.840712259213
12004.0,-6878.851049780846
12005.0,-6878.861387302478
12006.0,-6878.871724824111
12007.0,-6878.882062345743
12008.0,-6878.892399867375
12009.0,-6878.9027373890085
12010.0,-6878.913074910641
12011.0,-6878.923412432273
12012.0,-6878.933749953906
12013.0,-6878.944087475538
12014.0,-6878.9544249971705
12015.0,-6878.964762518804
12016.0,-6878.975100040436
12017.0,-6878.985437562068
12018.0,-6878.995775083701
12019.0,-6879.006112605333
12020.0,-6879.0164501269655
12021.0,-6879.026787648599
12022.0,-6879.037125170231
12023.0,-6879.047462691863
12024.0,-6879.057800213496
12025.0,-6879.068137735128
12026.0,-6879.078475256761
12027.0,-6879.088812778394
12028.0,-6879.099150300026
12029.0,-6879.109487821658
12030.0,-6879.119825343291
12031.0,-6879.1301628649235
12032.0,-6879.140500386556
12033.0,-6879.150837908189
12034.0,-6879.161175429821
12035.0,-6879.171512951453
12036.0,-6879.181850473086
12037.0,-6879.192187994719
12038.0,-6879.202525516351
12039.0,-6879.212863037984
12040.0,-6879.223200559616
12041.0,-6879.233538081248
12042.0,-6879.243875602881
12043.0,-6879.254213124514
12044.0,-6879.264550646146
12045.0,-6879.274888167779
12046.0,-6879.285225689411
12047.0,-6879.295563211043
12048.0,-6879.3059007326765
12049.0,-6879.316238254309
12050.0,-6879.326575775941
12051.0,-6879.336913297574
12052.0,-6879.347250819206
12053.0,-6879.357588340838
12054.0,-6879.367925862472
12055.0,-6879.378263384104
12056.0,-6879.388600905736
12057.0,-6879.398938427369
12058.0,-6879.409275949001
12059.0,-6879.4196134706335
12060.0,-6879.429950992267
12061.0,-6879.440288513899
12062.0,-6879.450626035531
12063.0,-6879.460963557164
12064.0,-6879.471301078796
12065.0,-6879.481638600429
12066.0,-6879.491976122062
12067.0,-6879.502313643694
12068.0,-6879.512651165326
12069.0,-6879.522988686959
12070.0,-6879.5333262085915
12071.0,-6879.543663730224
12072.0,-6879.554001251857
12073.0,-6879.564338773489
12074.0,-6879.574676295121
12075.0,-6879.585013816754
12076.0,-6879.5953513383865
12077.0,-6879.605688860019
12078.0,-6879.616026381652
12079.0,-6879.626363903284
12080.0,-6879.636701424916
12081.0,-6879.647038946549
12082.0,-6879.657376468182
12083.0,-6879.667713989814
12084.0,-6879.678051511447
12085.0,-6879.688389033079
12086.0,-6879.698726554711
12087.0,-6879.7090640763445
12088.0,-6879.719401597977
12089.0,-6879.729739119609
12090.0,-6879.740076641242
12091.0,-6879.750414162874
12092.0,-6879.760751684506
12093.0,-6879.77108920614
12094.0,-6879.781426727772
12095.0,-6879.791764249404
12096.0,-6879.802101771037
12097.0,-6879.812439292669
12098.0,-6879.8227768143015
12099.0,-6879.833114335935
12100.0,-6879.843451857567
12101.0,-6879.853789379199
12102.0,-6879.864126900832
12103.0,-6879.874464422464
12104.0,-6879.884801944097
12105.0,-6879.89513946573
12106.0,-6879.905476987362
12107.0,-6879.915814508994
12108.0,-6879.926152030627
12109.0,-6879.936489552259
12110.0,-6879.946827073892
12111.0,-6879.957164595525
12112.0,-6879.967502117157
12113.0,-6879.977839638789
12114.0,-6879.988177160422
12115.0,-6879.9985146820545
12116.0,-6880.008852203687
12117.0,-6880.01918972532
12118.0,-6880.029527246952
12119.0,-6880.039864768584
12120.0,-6880.050202290217
12121.0,-6880.06053981185
12122.0,-6880.070877333482
12123.0,-6880.081214855115
12124.0,-6880.091552376747
12125.0,-6880.101889898379
12126.0,-6880.1122274200125
12127.0,-6880.122564941645
12128.0,-6880.132902463277
12129.0,-6880.14323998491
12130.0,-6880.153577506542
12131.0,-6880.163915028174
12132.0,-6880.1742525498075
12133.0,-6880.18459007144
12134.0,-6880.194927593072
12135.0,-6880.205265114705
12136.0,-6880.215602636337
12137.0,-6880.2259401579695
12138.0,-6880.236277679603
12139.0,-6880.246615201235
12140.0,-6880.256952722867
12141.0,-6880.2672902445
12142.0,-6880.277627766132
12143.0,-6880.287965287765
12144.0,-6880.298302809398
12145.0,-6880.30864033103
12146.0,-6880.318977852662
12147.0,-6880.329315374295
12148.0,-6880.339652895927
12149.0,-6880.34999041756
12150.0,-6880.360327939193
12151.0,-6880.370665460825
12152.0,-6880.381002982457
12153.0,-6880.39134050409
12154.0,-6880.4016780257225
12155.0,-6880.412015547355
12156.0,-6880.422353068988
12157.0,-6880.43269059062
12158.0,-6880.443028112252
12159.0,-6880.453365633885
12160.0,-6880.463703155518
12161.0,-6880.47404067715
12162.0,-6880.484378198783
12163.0,-6880.494715720415
12164.0,-6880.505053242047
12165.0,-6880.51539076368
12166.0,-6880.525728285313
12167.0,-6880.536065806945
12168.0,-6880.546403328578
12169.0,-6880.55674085021
12170.0,-6880.567078371842
12171.0,-6880.5774158934755
12172.0,-6880.587753415108
12173.0,-6880.59809093674
12174.0,-6880.608428458373
12175.0,-6880.618765980005
12176.0,-6880.6291035016375
12177.0,-6880.639441023271
12178.0,-6880.649778544903
12179.0,-6880.660116066535
12180.0,-6880.670453588168
12181.0,-6880.6807911098
12182.0,-6880.691128631433
12183.0,-6880.701466153066
12184.0,-6880.711803674698
12185.0,-6880.72214119633
12186.0,-6880.732478717963
12187.0,-6880.742816239595
12188.0,-6880.753153761228
12189.0,-6880.763491282861
12190.0,-6880.773828804493
12191.0,-6880.784166326125
12192.0,-6880.794503847758
12193.0,-6880.8048413693905
12194.0,-6880.815178891023
12195.0,-6880.825516412656
12196.0,-6880.835853934288
12197.0,-6880.84619145592
12198.0,-6880.856528977553
12199.0,-6880.866866499186
12200.0,-6880.877204020818
12201.0,-6880.887541542451
12202.0,-6880.897879064083
12203.0,-6880.908216585715
12204.0,-6880.918554107348
12205.0,-6880.928891628981
12206.0,-6880.939229150613
12207.0,-6880.949566672246
12208.0,-6880.959904193878
12209.0,-6880.97024171551
12210.0,-6880.9805792371435
12211.0,-6880.990916758776
12212.0,-6881.001254280408
12213.0,-6881.011591802041
12214.0,-6881.021929323673
12215.0,-6881.0322668453055
12216.0,-6881.042604366939
12217.0,-6881.052941888571
12218.0,-6881.063279410203
12219.0,-6881.073616931836
12220.0,-6881.083954453468
12221.0,-6881.0942919751005
12222.0,-6881.104629496734
12223.0,-6881.114967018366
12224.0,-6881.125304539998
12225.0,-6881.135642061631
12226.0,-6881.145979583263
12227.0,-6881.156317104896
12228.0,-6881.166654626529
12229.0,-6881.176992148161
12230.0,-6881.187329669793
12231.0,-6881.197667191426
12232.0,-6881.2080047130585
12233.0,-6881.218342234691
12234.0,-6881.228679756324
12235.0,-6881.239017277956
12236.0,-6881.249354799588
12237.0,-6881.259692321221
12238.0,-6881.270029842854
12239.0,-6881.280367364486
12240.0,-6881.290704886119
12241.0,-6881.301042407751
12242.0,-6881.311379929383
12243.0,-6881.321717451016
12244.0,-6881.332054972649
12245.0,-6881.342392494281
12246.0,-6881.352730015914
12247.0,-6881.363067537546
12248.0,-6881.373405059178
12249.0,-6881.3837425808115
12250.0,-6881.394080102444
12251.0,-6881.404417624076
12252.0,-6881.414755145709
12253.0,-6881.425092667341
12254.0,-6881.435430188973
12255.0,-6881.445767710607
12256.0,-6881.456105232239
12257.0,-6881.466442753871
12258.0,-6881.476780275504
12259.0,-6881.487117797136
12260.0,-6881.4974553187685
12261.0,-6881.507792840402
12262.0,-6881.518130362034
12263.0,-6881.528467883666
12264.0,-6881.538805405299
12265.0,-6881.549142926931
12266.0,-6881.559480448564
12267.0,-6881.569817970197
12268.0,-6881.580155491829
12269.0,-6881.590493013461
12270.0,-6881.600830535094
12271.0,-6881.6111680567265
12272.0,-6881.621505578359
12273.0,-6881.631843099992
12274.0,-6881.642180621624
12275.0,-6881.652518143256
12276.0,-6881.662855664889
12277.0,-6881.6731931865215
12278.0,-6881.683530708154
12279.0,-6881.693868229787
12280.0,-6881.704205751419
12281.0,-6881.714543273051
12282.0,-6881.724880794684
12283.0,-6881.735218316317
12284.0,-6881.745555837949
12285.0,-6881.755893359582
12286.0,-6881.766230881214
12287.0,-6881.776568402846
12288.0,-6881.7869059244795
12289.0,-6881.799561619759
12290.0,-6881.812217315038
12291.0,-6881.824873010318
12292.0,-6881.837528705597
12293.0,-6881.850184400876
12294.0,-6881.862840096156
12295.0,-6881.875495791435
12296.0,-6881.888151486714
12297.0,-6881.900807181994
12298.0,-6881.913462877274
12299.0,-6881.926118572553
12300.0,-6881.938774267833
12301.0,-6881.951429963112
12302.0,-6881.964085658391
12303.0,-6881.976741353671
12304.0,-6881.98939704895
12305.0,-6882.002052744229
12306.0,-6882.014708439509
12307.0,-6882.0273641347885
12308.0,-6882.040019830068
12309.0,-6882.052675525348
12310.0,-6882.065331220627
12311.0,-6882.077986915906
12312.0,-6882.090642611186
12313.0,-6882.103298306465
12314.0,-6882.115954001744
12315.0,-6882.128609697024
12316.0,-6882.1412653923035
12317.0,-6882.153921087583
12318.0,-6882.166576782863
12319.0,-6882.179232478142
12320.0,-6882.191888173421
12321.0,-6882.204543868701
12322.0,-6882.21719956398
12323.0,-6882.229855259259
12324.0,-6882.242510954539
12325.0,-6882.255166649818
12326.0,-6882.267822345098
12327.0,-6882.280478040378
12328.0,-6882.293133735657
12329.0,-6882.305789430936
12330.0,-6882.318445126216
12331.0,-6882.331100821495
12332.0,-6882.343756516774
12333.0,-6882.356412212054
12334.0,-6882.369067907333
12335.0,-6882.3817236026125
12336.0,-6882.394379297893
12337.0,-6882.407034993172
12338.0,-6882.419690688451
12339.0,-6882.432346383731
12340.0,-6882.44500207901
12341.0,-6882.457657774289
12342.0,-6882.470313469569
12343.0,-6882.482969164848
12344.0,-6882.4956248601275
12345.0,-6882.5082805554075
12346.0,-6882.520936250687
12347.0,-6882.533591945966
12348.0,-6882.546247641246
12349.0,-6882.558903336525
12350.0,-6882.571559031804
12351.0,-6882.584214727084
12352.0,-6882.596870422363
12353.0,-6882.609526117642
12354.0,-6882.6221818129225
12355.0,-6882.634837508202
12356.0,-6882.647493203481
12357.0,-6882.660148898761
12358.0,-6882.67280459404
12359.0,-6882.685460289319
12360.0,-6882.698115984599
12361.0,-6882.710771679878
12362.0,-6882.723427375157
12363.0,-6882.736083070437
12364.0,-6882.748738765717
12365.0,-6882.761394460996
12366.0,-6882.774050156276
12367.0,-6882.786705851555
12368.0,-6882.799361546834
12369.0,-6882.812017242114
12370.0,-6882.824672937393
12371.0,-6882.837328632672
12372.0,-6882.849984327952
12373.0,-6882.8626400232315
12374.0,-6882.875295718511
12375.0,-6882.887951413791
12376.0,-6882.90060710907
12377.0,-6882.913262804349
12378.0,-6882.925918499629
12379.0,-6882.938574194908
12380.0,-6882.951229890187
12381.0,-6882.963885585467
12382.0,-6882.9765412807465
12383.0,-6882.989196976026
12384.0,-6883.001852671306
12385.0,-6883.014508366585
12386.0,-6883.027164061864
12387.0,-6883.039819757144
12388.0,-6883.052475452423
12389.0,-6883.065131147702
12390.0,-6883.077786842982
12391.0,-6883.090442538261
12392.0,-6883.103098233541
12393.0,-6883.115753928821
12394.0,-6883.1284096241
12395.0,-6883.141065319379
12396.0,-6883.153721014659
12397.0,-6883.166376709938
12398.0,-6883.179032405217
12399.0,-6883.191688100497
12400.0,-6883.204343795776
12401.0,-6883.2169994910555
12402.0,-6883.229655186336
12403.0,-6883.242310881615
12404.0,-6883.254966576894
12405.0,-6883.267622272174
12406.0,-6883.280277967453
12407.0,-6883.292933662732
12408.0,-6883.305589358012
12409.0,-6883.318245053291
12410.0,-6883.3309007485705
12411.0,-6883.3435564438505
12412.0,-6883.35621213913
12413.0,-6883.368867834409
12414.0,-6883.381523529689
12415.0,-6883.394179224968
12416.0,-6883.406834920247
12417.0,-6883.419490615527
12418.0,-6883.432146310806
12419.0,-6883.444802006085
12420.0,-6883.4574577013655
12421.0,-6883.470113396645
12422.0,-6883.482769091924
12423.0,-6883.495424787204
12424.0,-6883.508080482483
12425.0,-6883.520736177762
12426.0,-6883.533391873042
12427.0,-6883.546047568321
12428.0,-6883.5587032636
12429.0,-6883.57135895888
12430.0,-6883.58401465416
12431.0,-6883.596670349439
12432.0,-6883.609326044719
12433.0,-6883.621981739998
12434.0,-6883.634637435277
12435.0,-6883.647293130557
12436.0,-6883.659948825836
12437.0,-6883.672604521115
12438.0,-6883.685260216395
12439.0,-6883.6979159116745
12440.0,-6883.710571606954
12441.0,-6883.723227302234
12442.0,-6883.735882997513
12443.0,-6883.748538692792
12444.0,-6883.761194388072
12445.0,-6883.773850083351
12446.0,-6883.78650577863
12447.0,-6883.79916147391
12448.0,-6883.811817169189
12449.0,-6883.824472864469
12450.0,-6883.837128559749
12451.0,-6883.849784255028
12452.0,-6883.862439950307
12453.0,-6883.875095645587
12454.0,-6883.887751340866
12455.0,-6883.900407036145
12456.0,-6883.913062731425
12457.0,-6883.925718426704
12458.0,-6883.9383741219835
12459.0,-6883.951029817264
12460.0,-6883.963685512543
12461.0,-6883.976341207822
12462.0,-6883.988996903102
12463.0,-6884.001652598381
12464.0,-6884.01430829366
12465.0,-6884.02696398894
12466.0,-6884.039619684219
12467.0,-6884.0522753794985
12468.0,-6884.0649310747785
12469.0,-6884.077586770058
12470.0,-6884.090242465337
12471.0,-6884.102898160617
12472.0,-6884.115553855896
12473.0,-6884.128209551175
12474.0,-6884.140865246455
12475.0,-6884.153520941734
12476.0,-6884.166176637013
12477.0,-6884.1788323322935
12478.0,-6884.191488027573
12479.0,-6884.204143722852
12480.0,-6884.216799418132
12481.0,-6884.229455113411
12482.0,-6884.24211080869
12483.0,-6884.25476650397
12484.0,-6884.267422199249
12485.0,-6884.280077894528
12486.0,-6884.292733589808
12487.0,-6884.305389285088
12488.0,-6884.318044980367
12489.0,-6884.330700675647
12490.0,-6884.343356370926
12491.0,-6884.356012066205
12492.0,-6884.368667761485
12493.0,-6884.381323456764
12494.0,-6884.393979152043
12495.0,-6884.406634847323
12496.0,-6884.4192905426025
12497.0,-6884.431946237882
12498.0,-6884.444601933162
12499.0,-6884.457257628441
12500.0,-6884.46991332372
12501.0,-6884.482569019
12502.0,-6884.495224714279
12503.0,-6884.507880409558
12504.0,-6884.520536104838
12505.0,-6884.5331918001175
12506.0,-6884.545847495397
12507.0,-6884.558503190677
12508.0,-6884.571158885956
12509.0,-6884.583814581235
12510.0,-6884.596470276515
12511.0,-6884.609125971794
12512.0,-6884.621781667073
12513.0,-6884.634437362353
12514.0,-6884.647093057632
12515.0,-6884.659748752912
12516.0,-6884.672404448192
12517.0,-6884.685060143471
12518.0,-6884.69771583875
12519.0,-6884.71037153403
12520.0,-6884.723027229309
12521.0,-6884.735682924588
12522.0,-6884.748338619868
12523.0,-6884.760994315147
12524.0,-6884.7736500104265
12525.0,-6884.786305705707
12526.0,-6884.798961400986
12527.0,-6884.811617096265
12528.0,-6884.824272791545
12529.0,-6884.836928486824
12530.0,-6884.849584182103
12531.0,-6884.862239877383
12532.0,-6884.874895572662
12533.0,-6884.8875512679415
12534.0,-6884.9002069632215
12535.0,-6884.912862658501
12536.0,-6884.92551835378
12537.0,-6884.93817404906
12538.0,-6884.950829744339
12539.0,-6884.963485439618
12540.0,-6884.976141134898
12541.0,-6884.988796830177
12542.0,-6885.001452525456
12543.0,-6885.0141082207365
12544.0,-6885.026763916016
12545.0,-6885.039419611295
12546.0,-6885.052075306575
12547.0,-6885.064731001854
12548.0,-6885.077386697133
12549.0,-6885.090042392413
12550.0,-6885.102698087692
12551.0,-6885.115353782971
12552.0,-6885.128009478251
12553.0,-6885.140665173531
12554.0,-6885.15332086881
12555.0,-6885.16597656409
12556.0,-6885.178632259369
12557.0,-6885.191287954648
12558.0,-6885.203943649928
12559.0,-6885.216599345207
12560.0,-6885.229255040486
12561.0,-6885.241910735766
12562.0,-6885.2545664310455
12563.0,-6885.267222126325
12564.0,-6885.279877821605
12565.0,-6885.292533516884
12566.0,-6885.305189212163
12567.0,-6885.317844907443
12568.0,-6885.330500602722
12569.0,-6885.343156298001
12570.0,-6885.355811993281
12571.0,-6885.3684676885605
12572.0,-6885.38112338384
12573.0,-6885.39377907912
12574.0,-6885.406434774399
12575.0,-6885.419090469678
12576.0,-6885.431746164958
12577.0,-6885.444401860237
12578.0,-6885.457057555516
12579.0,-6885.469713250796
12580.0,-6885.482368946075
12581.0,-6885.495024641355
12582.0,-6885.507680336635
12583.0,-6885.520336031914
12584.0,-6885.532991727193
12585.0,-6885.545647422473
12586.0,-6885.558303117752
12587.0,-6885.570958813031
12588.0,-6885.583614508311
12589.0,-6885.59627020359
12590.0,-6885.6089258988695
12591.0,-6885.62158159415
12592.0,-6885.634237289429
12593.0,-6885.646892984708
12594.0,-6885.659548679988
12595.0,-6885.672204375267
12596.0,-6885.684860070546
12597.0,-6885.697515765826
12598.0,-6885.710171461105
12599.0,-6885.7228271563845
12600.0,-6885.7354828516645
12601.0,-6885.748138546944
12602.0,-6885.760794242223
12603.0,-6885.773449937503
12604.0,-6885.786105632782
12605.0,-6885.798761328061
12606.0,-6885.811417023341
12607.0,-6885.82407271862
12608.0,-6885.836728413899
12609.0,-6885.8493841091795
12610.0,-6885.862039804459
12611.0,-6885.874695499738
12612.0,-6885.887351195018
12613.0,-6885.900006890297
12614.0,-6885.912662585576
12615.0,-6885.925318280856
12616.0,-6885.937973976135
12617.0,-6885.950629671414
12618.0,-6885.963285366694
12619.0,-6885.975941061974
12620.0,-6885.988596757253
12621.0,-6886.001252452533
12622.0,-6886.013908147812
12623.0,-6886.026563843091
12624.0,-6886.039219538371
12625.0,-6886.05187523365
12626.0,-6886.064530928929
12627.0,-6886.077186624209
12628.0,-6886.0898423194885
12629.0,-6886.102498014768
12630.0,-6886.115153710048
12631.0,-6886.127809405327
12632.0,-6886.140465100606
12633.0,-6886.153120795886
12634.0,-6886.165776491165
12635.0,-6886.178432186444
12636.0,-6886.191087881724
12637.0,-6886.2037435770035
12638.0,-6886.216399272283
12639.0,-6886.229054967563
12640.0,-6886.241710662842
12641.0,-6886.254366358121
12642.0,-6886.267022053401
12643.0,-6886.27967774868
12644.0,-6886.292333443959
12645.0,-6886.304989139239
12646.0,-6886.317644834518
12647.0,-6886.330300529798
12648.0,-6886.342956225078
12649.0,-6886.355611920357
12650.0,-6886.368267615636
12651.0,-6886.380923310916
12652.0,-6886.393579006195
12653.0,-6886.406234701474
12654.0,-6886.418890396754
12655.0,-6886.431546092033
12656.0,-6886.4442017873125
12657.0,-6886.456857482593
12658.0,-6886.469513177872
12659.0,-6886.482168873151
12660.0,-6886.494824568431
12661.0,-6886.50748026371
12662.0,-6886.520135958989
12663.0,-6886.532791654269
12664.0,-6886.545447349548
12665.0,-6886.5581030448275
12666.0,-6886.5707587401075
12667.0,-6886.583414435387
12668.0,-6886.596070130666
12669.0,-6886.608725825946
12670.0,-6886.621381521225
12671.0,-6886.634037216504
12672.0,-6886.646692911784
12673.0,-6886.659348607063
12674.0,-6886.672004302342
12675.0,-6886.6846599976225
12676.0,-6886.697315692902
12677.0,-6886.709971388181
12678.0,-6886.722627083461
12679.0,-6886.73528277874
12680.0,-6886.747938474019
12681.0,-6886.760594169299
12682.0,-6886.773249864578
12683.0,-6886.785905559857
12684.0,-6886.798561255137
12685.0,-6886.811216950417
12686.0,-6886.823872645696
12687.0,-6886.836528340976
12688.0,-6886.849184036255
12689.0,-6886.861839731534
12690.0,-6886.874495426814
12691.0,-6886.887151122093
12692.0,-6886.899806817372
12693.0,-6886.912462512652
12694.0,-6886.9251182079315
12695.0,-6886.937773903211
12696.0,-6886.950429598491
12697.0,-6886.96308529377
12698.0,-6886.975740989049
12699.0,-6886.988396684329
12700.0,-6887.001052379608
12701.0,-6887.013708074887
12702.0,-6887.026363770167
12703.0,-6887.0390194654465
12704.0,-6887.051675160726
12705.0,-6887.064330856006
12706.0,-6887.076986551285
12707.0,-6887.089642246564
12708.0,-6887.102297941844
12709.0,-6887.114953637123
12710.0,-6887.127609332402
12711.0,-6887.140265027682
12712.0,-6887.152920722961
12713.0,-6887.165576418241
12714.0,-6887.178232113521
12715.0,-6887.1908878088
12716.0,-6887.203543504079
12717.0,-6887.216199199359
12718.0,-6887.228854894638
12719.0,-6887.241510589917
12720.0,-6887.254166285197
12721.0,-6887.266821980476
12722.0,-6887.2794776757555
12723.0,-6887.292133371036
12724.0,-6887.304789066315
12725.0,-6887.317444761594
12726.0,-6887.330100456874
12727.0,-6887.342756152153
12728.0,-6887.355411847432
12729.0,-6887.368067542712
12730.0,-6887.380723237991
12731.0,-6887.3933789332705
12732.0,-6887.4060346285505
12733.0,-6887.41869032383
12734.0,-6887.431346019109
12735.0,-6887.444001714389
12736.0,-6887.456657409668
12737.0,-6887.469313104947
12738.0,-6887.481968800227
12739.0,-6887.494624495506
12740.0,-6887.507280190785
12741.0,-6887.5199358860655
12742.0,-6887.532591581345
12743.0,-6887.545247276624
12744.0,-6887.557902971904
12745.0,-6887.570558667183
12746.0,-6887.583214362462
12747.0,-6887.595870057742
12748.0,-6887.608525753021
12749.0,-6887.6211814483
12750.0,-6887.63383714358
12751.0,-6887.64649283886
12752.0,-6887.659148534139
12753.0,-6887.671804229419
12754.0,-6887.684459924698
12755.0,-6887.697115619977
12756.0,-6887.709771315257
12757.0,-6887.722427010536
12758.0,-6887.735082705815
12759.0,-6887.747738401095
12760.0,-6887.7603940963745
12761.0,-6887.773049791654
12762.0,-6887.785705486934
12763.0,-6887.798361182213
12764.0,-6887.811016877492
12765.0,-6887.823672572772
12766.0,-6887.836328268051
12767.0,-6887.84898396333
12768.0,-6887.86163965861
12769.0,-6887.8742953538895
12770.0,-6887.886951049169
12771.0,-6887.899606744449
12772.0,-6887.912262439728
12773.0,-6887.924918135007
12774.0,-6887.937573830287
12775.0,-6887.950229525566
12776.0,-6887.962885220845
12777.0,-6887.975540916125
12778.0,-6887.988196611404
12779.0,-6888.000852306684
12780.0,-6888.013508001964
12781.0,-6888.026163697243
12782.0,-6888.038819392522
12783.0,-6888.051475087802
12784.0,-6888.064130783081
12785.0,-6888.07678647836
12786.0,-6888.08944217364
12787.0,-6888.102097868919
12788.0,-6888.1147535641985
12789.0,-6888.127409259479
12790.0,-6888.140064954758
12791.0,-6888.152720650037
12792.0,-6888.165376345317
12793.0,-6888.178032040596
12794.0,-6888.190687735875
12795.0,-6888.203343431155
12796.0,-6888.215999126434
12797.0,-6888.2286548217135
12798.0,-6888.2413105169935
12799.0,-6888.253966212273
12800.0,-6888.266621907552
12801.0,-6888.279277602832
12802.0,-6888.291933298111
12803.0,-6888.30458899339
12804.0,-6888.31724468867
12805.0,-6888.329900383949
12806.0,-6888.342556079228
12807.0,-6888.3552117745085
12808.0,-6888.367867469788
12809.0,-6888.380523165067
12810.0,-6888.393178860347
12811.0,-6888.405834555626
12812.0,-6888.418490250905
12813.0,-6888.431145946185
12814.0,-6888.443801641464
12815.0,-6888.456457336743
12816.0,-6888.469113032023
12817.0,-6888.481768727303
12818.0,-6888.494424422582
12819.0,-6888.507080117862
12820.0,-6888.519735813141
12821.0,-6888.53239150842
12822.0,-6888.5450472037
12823.0,-6888.557702898979
12824.0,-6888.570358594258
12825.0,-6888.583014289538
12826.0,-6888.5956699848175
12827.0,-6888.608325680097
12828.0,-6888.620981375377
12829.0,-6888.633637070656
12830.0,-6888.646292765935
12831.0,-6888.658948461215
12832.0,-6888.671604156494
12833.0,-6888.684259851773
12834.0,-6888.696915547053
12835.0,-6888.7095712423325
12836.0,-6888.722226937612
12837.0,-6888.734882632892
12838.0,-6888.747538328171
12839.0,-6888.76019402345
12840.0,-6888.77284971873
12841.0,-6888.785505414009
12842.0,-6888.798161109288
12843.0,-6888.810816804568
12844.0,-6888.823472499847
12845.0,-6888.836128195127
12846.0,-6888.848783890407
12847.0,-6888.861439585686
12848.0,-6888.874095280965
12849.0,-6888.886750976245
12850.0,-6888.899406671524
12851.0,-6888.912062366803
12852.0,-6888.924718062083
12853.0,-6888.937373757362
12854.0,-6888.9500294526415
12855.0,-6888.962685147922
12856.0,-6888.975340843201
12857.0,-6888.98799653848
12858.0,-6889.00065223376
12859.0,-6889.013307929039
12860.0,-6889.025963624318
12861.0,-6889.038619319598
12862.0,-6889.051275014877
12863.0,-6889.0639307101565
12864.0,-6889.0765864054365
12865.0,-6889.089242100716
12866.0,-6889.101897795995
12867.0,-6889.114553491275
12868.0,-6889.127209186554
12869.0,-6889.139864881833
12870.0,-6889.152520577113
12871.0,-6889.165176272392
12872.0,-6889.177831967671
12873.0,-6889.190487662951
12874.0,-6889.203143358231
12875.0,-6889.21579905351
12876.0,-6889.22845474879
12877.0,-6889.241110444069
12878.0,-6889.253766139348
12879.0,-6889.266421834628
12880.0,-6889.279077529907
12881.0,-6889.291733225186
12882.0,-6889.304388920466
12883.0,-6889.3170446157455
12884.0,-6889.329700311025
12885.0,-6889.342356006305
12886.0,-6889.355011701584
12887.0,-6889.367667396863
12888.0,-6889.380323092143
12889.0,-6889.392978787422
12890.0,-6889.405634482701
12891.0,-6889.418290177981
12892.0,-6889.4309458732605
12893.0,-6889.44360156854
12894.0,-6889.45625726382
12895.0,-6889.468912959099
12896.0,-6889.481568654378
12897.0,-6889.494224349658
12898.0,-6889.506880044937
12899.0,-6889.519535740216
12900.0,-6889.532191435496
12901.0,-6889.544847130775
12902.0,-6889.557502826055
12903.0,-6889.570158521335
12904.0,-6889.582814216614
12905.0,-6889.595469911893
12906.0,-6889.608125607173
12907.0,-6889.620781302452
12908.0,-6889.633436997731
12909.0,-6889.646092693011
12910.0,-6889.65874838829
12911.0,-6889.6714040835695
12912.0,-6889.68405977885
12913.0,-6889.696715474129
12914.0,-6889.709371169408
12915.0,-6889.722026864688
12916.0,-6889.734682559967
12917.0,-6889.747338255246
12918.0,-6889.759993950526
12919.0,-6889.772649645805
12920.0,-6889.7853053410845
12921.0,-6889.7979610363645
12922.0,-6889.810616731644
12923.0,-6889.823272426923
12924.0,-6889.835928122203
12925.0,-6889.848583817482
12926.0,-6889.861239512761
12927.0,-6889.873895208041
12928.0,-6889.88655090332
12929.0,-6889.899206598599
12930.0,-6889.9118622938795
12931.0,-6889.924517989159
12932.0,-6889.937173684438
12933.0,-6889.949829379718
12934.0,-6889.962485074997
12935.0,-6889.975140770276
12936.0,-6889.987796465556
12937.0,-6890.000452160835
12938.0,-6890.013107856114
12939.0,-6890.025763551394
12940.0,-6890.038419246674
12941.0,-6890.051074941953
12942.0,-6890.063730637233
12943.0,-6890.076386332512
12944.0,-6890.089042027791
12945.0,-6890.101697723071
12946.0,-6890.11435341835
12947.0,-6890.127009113629
12948.0,-6890.139664808909
12949.0,-6890.1523205041885
12950.0,-6890.164976199468
12951.0,-6890.177631894748
12952.0,-6890.190287590027
12953.0,-6890.202943285306
12954.0,-6890.215598980586
12955.0,-6890.228254675865
12956.0,-6890.240910371144
12957.0,-6890.253566066424
12958.0,-6890.2662217617035
12959.0,-6890.278877456983
12960.0,-6890.291533152263
12961.0,-6890.304188847542
12962.0,-6890.316844542821
12963.0,-6890.329500238101
12964.0,-6890.34215593338
12965.0,-6890.354811628659
12966.0,-6890.367467323939
12967.0,-6890.380123019218
12968.0,-6890.392778714498
12969.0,-6890.405434409778
12970.0,-6890.418090105057
12971.0,-6890.430745800336
12972.0,-6890.443401495616
12973.0,-6890.456057190895
12974.0,-6890.468712886174
12975.0,-6890.481368581454
12976.0,-6890.494024276733
12977.0,-6890.5066799720125
12978.0,-6890.519335667293
12979.0,-6890.531991362572
12980.0,-6890.544647057851
12981.0,-6890.557302753131
12982.0,-6890.56995844841
12983.0,-6890.582614143689
12984.0,-6890.595269838969
12985.0,-6890.607925534248
12986.0,-6890.6205812295275
12987.0,-6890.6332369248075
12988.0,-6890.645892620087
12989.0,-6890.658548315366
12990.0,-6890.671204010646
12991.0,-6890.683859705925
12992.0,-6890.696515401204
12993.0,-6890.709171096484
12994.0,-6890.721826791763
12995.0,-6890.734482487042
12996.0,-6890.7471381823225
12997.0,-6890.759793877602
12998.0,-6890.772449572881
12999.0,-6890.785105268161
13000.0,-6890.79776096344
13001.0,-6890.810416658719
13002.0,-6890.823072353999
13003.0,-6890.835728049278
13004.0,-6890.848383744557
13005.0,-6890.861039439837
13006.0,-6890.873695135117
13007.0,-6890.886350830396
13008.0,-6890.899006525676
13009.0,-6890.911662220955
13010.0,-6890.924317916234
13011.0,-6890.936973611514
13012.0,-6890.949629306793
13013.0,-6890.962285002072
13014.0,-6890.974940697352
13015.0,-6890.9875963926315
13016.0,-6891.000252087911
13017.0,-6891.012907783191
13018.0,-6891.02556347847
13019.0,-6891.038219173749
13020.0,-6891.050874869029
13021.0,-6891.063530564308
13022.0,-6891.076186259587
13023.0,-6891.088841954867
13024.0,-6891.1014976501465
13025.0,-6891.114153345426
13026.0,-6891.126809040706
13027.0,-6891.139464735985
13028.0,-6891.152120431264
13029.0,-6891.164776126544
13030.0,-6891.177431821823
13031.0,-6891.190087517102
13032.0,-6891.202743212382
13033.0,-6891.215398907661
13034.0,-6891.228054602941
13035.0,-6891.240710298221
13036.0,-6891.2533659935
13037.0,-6891.266021688779
13038.0,-6891.278677384059
13039.0,-6891.291333079338
13040.0,-6891.303988774617
13041.0,-6891.316644469897
13042.0,-6891.329300165176
13043.0,-6891.3419558604555
13044.0,-6891.354611555736
13045.0,-6891.367267251015
13046.0,-6891.379922946294
13047.0,-6891.392578641574
13048.0,-6891.405234336853
13049.0,-6891.417890032132
13050.0,-6891.430545727412
13051.0,-6891.443201422691
13052.0,-6891.4558571179705
13053.0,-6891.4685128132505
13054.0,-6891.48116850853
13055.0,-6891.493824203809
13056.0,-6891.506479899089
13057.0,-6891.519135594368
13058.0,-6891.531791289647
13059.0,-6891.544446984927
13060.0,-6891.557102680206
13061.0,-6891.569758375485
13062.0,-6891.5824140707655
13063.0,-6891.595069766045
13064.0,-6891.607725461324
13065.0,-6891.620381156604
13066.0,-6891.633036851883
13067.0,-6891.645692547162
13068.0,-6891.658348242442
13069.0,-6891.671003937721
13070.0,-6891.683659633
13071.0,-6891.69631532828
13072.0,-6891.70897102356
13073.0,-6891.721626718839
13074.0,-6891.734282414119
13075.0,-6891.746938109398
13076.0,-6891.759593804677
13077.0,-6891.772249499957
13078.0,-6891.784905195236
13079.0,-6891.797560890515
13080.0,-6891.810216585795
13081.0,-6891.8228722810745
13082.0,-6891.835527976354
13083.0,-6891.848183671634
13084.0,-6891.860839366913
13085.0,-6891.873495062192
13086.0,-6891.886150757472
13087.0,-6891.898806452751
13088.0,-6891.91146214803
13089.0,-6891.92411784331
13090.0,-6891.9367735385895
13091.0,-6891.949429233869
13092.0,-6891.962084929149
13093.0,-6891.974740624428
13094.0,-6891.987396319707
13095.0,-6892.000052014987
13096.0,-6892.012707710266
13097.0,-6892.025363405545
13098.0,-6892.038019100825
13099.0,-6892.050674796104
13100.0,-6892.063330491384
13101.0,-6892.075986186664
13102.0,-6892.088641881943
13103.0,-6892.101297577222
13104.0,-6892.113953272502
13105.0,-6892.126608967781
13106.0,-6892.13926466306
13107.0,-6892.15192035834
13108.0,-6892.164576053619
13109.0,-6892.1772317488985
13110.0,-6892.189887444179
13111.0,-6892.202543139458
13112.0,-6892.215198834737
13113.0,-6892.227854530017
13114.0,-6892.240510225296
13115.0,-6892.253165920575
13116.0,-6892.265821615855
13117.0,-6892.278477311134
13118.0,-6892.2911330064135
13119.0,-6892.3037887016935
13120.0,-6892.316444396973
13121.0,-6892.329100092252
13122.0,-6892.341755787532
13123.0,-6892.354411482811
13124.0,-6892.36706717809
13125.0,-6892.37972287337
13126.0,-6892.392378568649
13127.0,-6892.405034263928
13128.0,-6892.4176899592085
13129.0,-6892.430345654488
13130.0,-6892.443001349767
13131.0,-6892.455657045047
13132.0,-6892.468312740326
13133.0,-6892.480968435605
13134.0,-6892.493624130885
13135.0,-6892.506279826164
13136.0,-6892.518935521443
13137.0,-6892.531591216723
13138.0,-6892.544246912003
13139.0,-6892.556902607282
13140.0,-6892.569558302562
13141.0,-6892.582213997841
13142.0,-6892.59486969312
13143.0,-6892.6075253884
13144.0,-6892.620181083679
13145.0,-6892.632836778958
13146.0,-6892.645492474238
13147.0,-6892.6581481695175
13148.0,-6892.670803864797
13149.0,-6892.683459560077
13150.0,-6892.696115255356
13151.0,-6892.708770950635
13152.0,-6892.721426645915
13153.0,-6892.734082341194
13154.0,-6892.746738036473
13155.0,-6892.759393731753
13156.0,-6892.7720494270325
13157.0,-6892.784705122312
13158.0,-6892.797360817592
13159.0,-6892.810016512871
13160.0,-6892.82267220815
13161.0,-6892.83532790343
13162.0,-6892.847983598709
13163.0,-6892.860639293988
13164.0,-6892.873294989268
13165.0,-6892.885950684547
13166.0,-6892.898606379827
13167.0,-6892.911262075107
13168.0,-6892.923917770386
13169.0,-6892.936573465665
13170.0,-6892.949229160945
13171.0,-6892.961884856224
13172.0,-6892.974540551503
13173.0,-6892.987196246783
13174.0,-6892.999851942062
13175.0,-6893.0125076373415
13176.0,-6893.025163332622
13177.0,-6893.037819027901
13178.0,-6893.05047472318
13179.0,-6893.06313041846
13180.0,-6893.075786113739
13181.0,-6893.088441809018
13182.0,-6893.101097504298
13183.0,-6893.113753199577
13184.0,-6893.1264088948565
13185.0,-6893.1390645901365
13186.0,-6893.151720285416
13187.0,-6893.164375980695
13188.0,-6893.177031675975
13189.0,-6893.189687371254
13190.0,-6893.202343066533
13191.0,-6893.214998761813
13192.0,-6893.227654457092
13193.0,-6893.240310152371
13194.0,-6893.2529658476515
13195.0,-6893.265621542931
13196.0,-6893.27827723821
13197.0,-6893.29093293349
13198.0,-6893.303588628769
13199.0,-6893.316244324048
13200.0,-6893.328900019328
13201.0,-6893.341555714607
13202.0,-6893.354211409886
13203.0,-6893.366867105166
13204.0,-6893.379522800446
13205.0,-6893.392178495725
13206.0,-6893.404834191005
13207.0,-6893.417489886284
13208.0,-6893.430145581563
13209.0,-6893.442801276843
13210.0,-6893.455456972122
13211.0,-6893.468112667401
13212.0,-6893.480768362681
13213.0,-6893.4934240579605
13214.0,-6893.50607975324
13215.0,-6893.51873544852
13216.0,-6893.531391143799
13217.0,-6893.544046839078
13218.0,-6893.556702534358
13219.0,-6893.569358229637
13220.0,-6893.582013924916
13221.0,-6893.594669620196
13222.0,-6893.6073253154755
13223.0,-6893.619981010755
13224.0,-6893.632636706035
13225.0,-6893.645292401314
13226.0,-6893.657948096593
13227.0,-6893.670603791873
13228.0,-6893.683259487152
13229.0,-6893.695915182431
13230.0,-6893.708570877711
13231.0,-6893.72122657299
13232.0,-6893.73388226827
13233.0,-6893.74653796355
13234.0,-6893.759193658829
13235.0,-6893.771849354108
13236.0,-6893.784505049388
13237.0,-6893.797160744667
13238.0,-6893.809816439946
13239.0,-6893.822472135226
13240.0,-6893.835127830505
13241.0,-6893.8477835257845
13242.0,-6893.860439221065
13243.0,-6893.873094916344
13244.0,-6893.885750611623
13245.0,-6893.898406306903
13246.0,-6893.911062002182
13247.0,-6893.923717697461
13248.0,-6893.936373392741
13249.0,-6893.94902908802
13250.0,-6893.9616847832995
13251.0,-6893.9743404785795
13252.0,-6893.986996173859
13253.0,-6893.999651869138
13254.0,-6894.012307564418
13255.0,-6894.024963259697
13256.0,-6894.037618954976
13257.0,-6894.050274650256
13258.0,-6894.062930345535
13259.0,-6894.075586040814
13260.0,-6894.0882417360945
13261.0,-6894.100897431374
13262.0,-6894.113553126653
13263.0,-6894.126208821933
13264.0,-6894.138864517212
13265.0,-6894.151520212491
13266.0,-6894.164175907771
13267.0,-6894.17683160305
13268.0,-6894.189487298329
13269.0,-6894.202142993609
13270.0,-6894.214798688889
13271.0,-6894.227454384168
13272.0,-6894.240110079448
13273.0,-6894.252765774727
13274.0,-6894.265421470006
13275.0,-6894.278077165286
13276.0,-6894.290732860565
13277.0,-6894.303388555844
13278.0,-6894.316044251124
13279.0,-6894.3286999464035
13280.0,-6894.341355641683
13281.0,-6894.354011336963
13282.0,-6894.366667032242
13283.0,-6894.379322727521
13284.0,-6894.391978422801
13285.0,-6894.40463411808
13286.0,-6894.417289813359
13287.0,-6894.429945508639
13288.0,-6894.4426012039185
13289.0,-6894.455256899198
13290.0,-6894.467912594478
13291.0,-6894.480568289757
13292.0,-6894.493223985036
13293.0,-6894.505879680316
13294.0,-6894.518535375595
13295.0,-6894.531191070874
13296.0,-6894.543846766154
13297.0,-6894.556502461433
13298.0,-6894.569158156713
13299.0,-6894.581813851993
13300.0,-6894.594469547272
13301.0,-6894.607125242551
13302.0,-6894.619780937831
13303.0,-6894.63243663311
13304.0,-6894.645092328389
13305.0,-6894.657748023669
13306.0,-6894.670403718948
13307.0,-6894.6830594142275
13308.0,-6894.695715109508
13309.0,-6894.708370804787
13310.0,-6894.721026500066
13311.0,-6894.733682195346
13312.0,-6894.746337890625
13313.0,-6894.783306996028
13314.0,-6894.82027610143
13315.0,-6894.857245206833
13316.0,-6894.894214312236
13317.0,-6894.931183417638
13318.0,-6894.968152523041
13319.0,-6895.005121628444
13320.0,-6895.042090733846
13321.0,-6895.079059839249
13322.0,-6895.116028944652
13323.0,-6895.152998050054
13324.0,-6895.1899671554565
13325.0,-6895.2269362608595
13326.0,-6895.2639053662615
13327.0,-6895.300874471664
13328.0,-6895.337843577067
13329.0,-6895.374812682469
13330.0,-6895.411781787872
13331.0,-6895.448750893275
13332.0,-6895.485719998677
13333.0,-6895.52268910408
13334.0,-6895.559658209483
13335.0,-6895.596627314885
13336.0,-6895.633596420288
13337.0,-6895.670565525691
13338.0,-6895.707534631093
13339.0,-6895.744503736496
13340.0,-6895.781472841899
13341.0,-6895.818441947301
13342.0,-6895.855411052704
13343.0,-6895.892380158107
13344.0,-6895.929349263509
13345.0,-6895.966318368912
13346.0,-6896.003287474315
13347.0,-6896.040256579717
13348.0,-6896.07722568512
13349.0,-6896.114194790523
13350.0,-6896.151163895925
13351.0,-6896.1881330013275
13352.0,-6896.22510210673
13353.0,-6896.2620712121325
13354.0,-6896.299040317535
13355.0,-6896.336009422938
13356.0,-6896.37297852834
13357.0,-6896.409947633743
13358.0,-6896.446916739146
13359.0,-6896.483885844548
13360.0,-6896.520854949951
13361.0,-6896.557824055354
13362.0,-6896.594793160756
13363.0,-6896.631762266159
13364.0,-6896.668731371562
13365.0,-6896.705700476964
13366.0,-6896.742669582367
13367.0,-6896.77963868777
13368.0,-6896.816607793172
13369.0,-6896.853576898575
13370.0,-6896.890546003978
13371.0,-6896.92751510938
13372.0,-6896.964484214783
13373.0,-6897.001453320186
13374.0,-6897.038422425588
13375.0,-6897.075391530991
13376.0,-6897.1123606363935
13377.0,-6897.149329741796
13378.0,-6897.1862988471985
13379.0,-6897.223267952601
13380.0,-6897.260237058003
13381.0,-6897.297206163406
13382.0,-6897.334175268809
13383.0,-6897.371144374211
13384.0,-6897.408113479614
13385.0,-6897.445082585017
13386.0,-6897.482051690419
13387.0,-6897.519020795822
13388.0,-6897.555989901225
13389.0,-6897.592959006627
13390.0,-6897.62992811203
13391.0,-6897.666897217433
13392.0,-6897.703866322835
13393.0,-6897.740835428238
13394.0,-6897.777804533641
13395.0,-6897.814773639043
13396.0,-6897.851742744446
13397.0,-6897.888711849849
13398.0,-6897.925680955251
13399.0,-6897.962650060654
13400.0,-6897.999619166057
13401.0,-6898.036588271459
13402.0,-6898.073557376862
13403.0,-6898.1105264822645
13404.0,-6898.1474955876665
13405.0,-6898.1844646930695
13406.0,-6898.221433798472
13407.0,-6898.258402903874
13408.0,-6898.295372009277
13409.0,-6898.33234111468
13410.0,-6898.369310220082
13411.0,-6898.406279325485
13412.0,-6898.443248430888
13413.0,-6898.48021753629
13414.0,-6898.517186641693
13415.0,-6898.554155747096
13416.0,-6898.591124852498
13417.0,-6898.628093957901
13418.0,-6898.665063063304
13419.0,-6898.702032168706
13420.0,-6898.739001274109
13421.0,-6898.775970379512
13422.0,-6898.812939484914
13423.0,-6898.849908590317
13424.0,-6898.88687769572
13425.0,-6898.923846801122
13426.0,-6898.960815906525
13427.0,-6898.997785011928
13428.0,-6899.03475411733
13429.0,-6899.0717232227325
13430.0,-6899.1086923281355
13431.0,-6899.1456614335375
13432.0,-6899.18263053894
13433.0,-6899.219599644343
13434.0,-6899.256568749745
13435.0,-6899.293537855148
13436.0,-6899.330506960551
13437.0,-6899.367476065953
13438.0,-6899.404445171356
13439.0,-6899.441414276759
13440.0,-6899.478383382161
13441.0,-6899.515352487564
13442.0,-6899.552321592967
13443.0,-6899.589290698369
13444.0,-6899.626259803772
13445.0,-6899.663228909175
13446.0,-6899.700198014577
13447.0,-6899.73716711998
13448.0,-6899.774136225383
13449.0,-6899.811105330785
13450.0,-6899.848074436188
13451.0,-6899.885043541591
13452.0,-6899.922012646993
13453.0,-6899.958981752396
13454.0,-6899.995950857799
13455.0,-6900.032919963201
13456.0,-6900.0698890686035
13457.0,-6900.106858174006
13458.0,-6900.1438272794085
13459.0,-6900.180796384811
13460.0,-6900.217765490214
13461.0,-6900.254734595616
13462.0,-6900.291703701019
13463.0,-6900.328672806422
13464.0,-6900.365641911824
13465.0,-6900.402611017227
13466.0,-6900.43958012263
13467.0,-6900.476549228032
13468.0,-6900.513518333435
13469.0,-6900.550487438838
13470.0,-6900.58745654424
13471.0,-6900.624425649643
13472.0,-6900.661394755046
13473.0,-6900.698363860448
13474.0,-6900.735332965851
13475.0,-6900.772302071254
13476.0,-6900.809271176656
13477.0,-6900.846240282059
13478.0,-6900.883209387462
13479.0,-6900.920178492864
13480.0,-6900.957147598267
13481.0,-6900.9941167036695
13482.0,-6901.031085809072
13483.0,-6901.0680549144745
13484.0,-6901.105024019877
13485.0,-6901.141993125279
13486.0,-6901.178962230682
13487.0,-6901.215931336085
13488.0,-6901.252900441487
13489.0,-6901.28986954689
13490.0,-6901.326838652293
13491.0,-6901.363807757695
13492.0,-6901.400776863098
13493.0,-6901.437745968501
13494.0,-6901.474715073903
13495.0,-6901.511684179306
13496.0,-6901.548653284709
13497.0,-6901.585622390111
13498.0,-6901.622591495514
13499.0,-6901.659560600917
13500.0,-6901.696529706319
13501.0,-6901.733498811722
13502.0,-6901.770467917125
13503.0,-6901.807437022527
13504.0,-6901.84440612793
13505.0,-6901.881375233333
13506.0,-6901.918344338735
13507.0,-6901.955313444138
13508.0,-6901.9922825495405
13509.0,-6902.0292516549425
13510.0,-6902.0662207603455
13511.0,-6902.103189865748
13512.0,-6902.14015897115
13513.0,-6902.177128076553
13514.0,-6902.214097181956
13515.0,-6902.251066287358
13516.0,-6902.288035392761
13517.0,-6902.325004498164
13518.0,-6902.361973603566
13519.0,-6902.398942708969
13520.0,-6902.435911814372
13521.0,-6902.472880919774
13522.0,-6902.509850025177
13523.0,-6902.54681913058
13524.0,-6902.583788235982
13525.0,-6902.620757341385
13526.0,-6902.657726446788
13527.0,-6902.69469555219
13528.0,-6902.731664657593
13529.0,-6902.768633762996
13530.0,-6902.805602868398
13531.0,-6902.842571973801
13532.0,-6902.879541079204
13533.0,-6902.916510184606
13534.0,-6902.9534792900085
13535.0,-6902.9904483954115
13536.0,-6903.0274175008135
13537.0,-6903.064386606216
13538.0,-6903.101355711619
13539.0,-6903.138324817021
13540.0,-6903.175293922424
13541.0,-6903.212263027827
13542.0,-6903.249232133229
13543.0,-6903.286201238632
13544.0,-6903.323170344035
13545.0,-6903.360139449437
13546.0,-6903.39710855484
13547.0,-6903.434077660243
13548.0,-6903.471046765645
13549.0,-6903.508015871048
13550.0,-6903.544984976451
13551.0,-6903.581954081853
13552.0,-6903.618923187256
13553.0,-6903.655892292659
13554.0,-6903.692861398061
13555.0,-6903.729830503464
13556.0,-6903.766799608867
13557.0,-6903.803768714269
13558.0,-6903.840737819672
13559.0,-6903.877706925075
13560.0,-6903.914676030477
13561.0,-6903.9516451358795
13562.0,-6903.988614241282
13563.0,-6904.0255833466845
13564.0,-6904.062552452087
13565.0,-6904.09952155749
13566.0,-6904.136490662892
13567.0,-6904.173459768295
13568.0,-6904.210428873698
13569.0,-6904.2473979791
13570.0,-6904.284367084503
13571.0,-6904.321336189906
13572.0,-6904.358305295308
13573.0,-6904.395274400711
13574.0,-6904.432243506114
13575.0,-6904.469212611516
13576.0,-6904.506181716919
13577.0,-6904.543150822322
13578.0,-6904.580119927724
13579.0,-6904.617089033127
13580.0,-6904.65405813853
13581.0,-6904.691027243932
13582.0,-6904.727996349335
13583.0,-6904.764965454738
13584.0,-6904.80193456014
13585.0,-6904.838903665543
13586.0,-6904.8758727709455
13587.0,-6904.912841876348
13588.0,-6904.9498109817505
13589.0,-6904.986780087153
13590.0,-6905.023749192555
13591.0,-6905.060718297958
13592.0,-6905.097687403361
13593.0,-6905.134656508763
13594.0,-6905.171625614166
13595.0,-6905.208594719569
13596.0,-6905.245563824971
13597.0,-6905.282532930374
13598.0,-6905.319502035777
13599.0,-6905.356471141179
13600.0,-6905.393440246582
13601.0,-6905.430409351985
13602.0,-6905.467378457387
13603.0,-6905.50434756279
13604.0,-6905.541316668193
13605.0,-6905.578285773595
13606.0,-6905.615254878998
13607.0,-6905.652223984401
13608.0,-6905.689193089803
13609.0,-6905.726162195206
13610.0,-6905.763131300609
13611.0,-6905.800100406011
13612.0,-6905.837069511414
13613.0,-6905.8740386168165
13614.0,-6905.9110077222185
13615.0,-6905.9479768276215
13616.0,-6905.984945933024
13617.0,-6906.021915038426
13618.0,-6906.058884143829
13619.0,-6906.095853249232
13620.0,-6906.132822354634
13621.0,-6906.169791460037
13622.0,-6906.20676056544
13623.0,-6906.243729670842
13624.0,-6906.280698776245
13625.0,-6906.317667881648
13626.0,-6906.35463698705
13627.0,-6906.391606092453
13628.0,-6906.428575197856
13629.0,-6906.465544303258
13630.0,-6906.502513408661
13631.0,-6906.539482514064
13632.0,-6906.576451619466
13633.0,-6906.613420724869
13634.0,-6906.650389830272
13635.0,-6906.687358935674
13636.0,-6906.724328041077
13637.0,-6906.76129714648
13638.0,-6906.798266251882
13639.0,-6906.835235357285
13640.0,-6906.8722044626875
13641.0,-6906.9091735680895
13642.0,-6906.946142673492
13643.0,-6906.983111778895
13644.0,-6907.020080884297
13645.0,-6907.0570499897
13646.0,-6907.094019095103
13647.0,-6907.130988200505
13648.0,-6907.167957305908
13649.0,-6907.204926411311
13650.0,-6907.241895516713
13651.0,-6907.278864622116
13652.0,-6907.315833727519
13653.0,-6907.352802832921
13654.0,-6907.389771938324
13655.0,-6907.426741043727
13656.0,-6907.463710149129
13657.0,-6907.500679254532
13658.0,-6907.537648359935
13659.0,-6907.574617465337
13660.0,-6907.61158657074
13661.0,-6907.648555676143
13662.0,-6907.685524781545
13663.0,-6907.722493886948
13664.0,-6907.759462992351
13665.0,-6907.796432097753
13666.0,-6907.8334012031555
13667.0,-6907.870370308558
13668.0,-6907.9073394139605
13669.0,-6907.944308519363
13670.0,-6907.981277624766
13671.0,-6908.018246730168
13672.0,-6908.055215835571
13673.0,-6908.092184940974
13674.0,-6908.129154046376
13675.0,-6908.166123151779
13676.0,-6908.203092257182
13677.0,-6908.240061362584
13678.0,-6908.277030467987
13679.0,-6908.31399957339
13680.0,-6908.350968678792
13681.0,-6908.387937784195
13682.0,-6908.424906889598
13683.0,-6908.461875995
13684.0,-6908.498845100403
13685.0,-6908.535814205806
13686.0,-6908.572783311208
13687.0,-6908.609752416611
13688.0,-6908.646721522014
13689.0,-6908.683690627416
13690.0,-6908.720659732819
13691.0,-6908.7576288382215
13692.0,-6908.794597943624
13693.0,-6908.8315670490265
13694.0,-6908.868536154429
13695.0,-6908.905505259831
13696.0,-6908.942474365234
13697.0,-6908.979443470637
13698.0,-6909.016412576039
13699.0,-6909.053381681442
13700.0,-6909.090350786845
13701.0,-6909.127319892247
13702.0,-6909.16428899765
13703.0,-6909.201258103053
13704.0,-6909.238227208455
13705.0,-6909.275196313858
13706.0,-6909.312165419261
13707.0,-6909.349134524663
13708.0,-6909.386103630066
13709.0,-6909.423072735469
13710.0,-6909.460041840871
13711.0,-6909.497010946274
13712.0,-6909.533980051677
13713.0,-6909.570949157079
13714.0,-6909.607918262482
13715.0,-6909.644887367885
13716.0,-6909.681856473287
13717.0,-6909.71882557869
13718.0,-6909.7557946840925
13719.0,-6909.7927637894945
13720.0,-6909.8297328948975
13721.0,-6909.8667020003
13722.0,-6909.903671105702
13723.0,-6909.940640211105
13724.0,-6909.977609316508
13725.0,-6910.01457842191
13726.0,-6910.051547527313
13727.0,-6910.088516632716
13728.0,-6910.125485738118
13729.0,-6910.162454843521
13730.0,-6910.199423948924
13731.0,-6910.236393054326
13732.0,-6910.273362159729
13733.0,-6910.310331265132
13734.0,-6910.347300370534
13735.0,-6910.384269475937
13736.0,-6910.42123858134
13737.0,-6910.458207686742
13738.0,-6910.495176792145
13739.0,-6910.532145897548
13740.0,-6910.56911500295
13741.0,-6910.606084108353
13742.0,-6910.643053213756
13743.0,-6910.680022319158
13744.0,-6910.716991424561
13745.0,-6910.7539605299635
13746.0,-6910.7909296353655
13747.0,-6910.827898740768
13748.0,-6910.864867846171
13749.0,-6910.901836951573
13750.0,-6910.938806056976
13751.0,-6910.975775162379
13752.0,-6911.012744267781
13753.0,-6911.049713373184
13754.0,-6911.086682478587
13755.0,-6911.123651583989
13756.0,-6911.160620689392
13757.0,-6911.197589794795
13758.0,-6911.234558900197
13759.0,-6911.2715280056
13760.0,-6911.308497111003
13761.0,-6911.345466216405
13762.0,-6911.382435321808
13763.0,-6911.419404427211
13764.0,-6911.456373532613
13765.0,-6911.493342638016
13766.0,-6911.530311743419
13767.0,-6911.567280848821
13768.0,-6911.604249954224
13769.0,-6911.641219059627
13770.0,-6911.678188165029
13771.0,-6911.7151572704315
13772.0,-6911.752126375834
13773.0,-6911.7890954812365
13774.0,-6911.826064586639
13775.0,-6911.863033692042
13776.0,-6911.900002797444
13777.0,-6911.936971902847
13778.0,-6911.97394100825
13779.0,-6912.010910113652
13780.0,-6912.047879219055
13781.0,-6912.084848324458
13782.0,-6912.12181742986
13783.0,-6912.158786535263
13784.0,-6912.195755640666
13785.0,-6912.232724746068
13786.0,-6912.269693851471
13787.0,-6912.306662956874
13788.0,-6912.343632062276
13789.0,-6912.380601167679
13790.0,-6912.417570273082
13791.0,-6912.454539378484
13792.0,-6912.491508483887
13793.0,-6912.52847758929
13794.0,-6912.565446694692
13795.0,-6912.602415800095
13796.0,-6912.6393849054975
13797.0,-6912.6763540109
13798.0,-6912.7133231163025
13799.0,-6912.750292221705
13800.0,-6912.787261327107
13801.0,-6912.82423043251
13802.0,-6912.861199537913
13803.0,-6912.898168643315
13804.0,-6912.935137748718
13805.0,-6912.972106854121
13806.0,-6913.009075959523
13807.0,-6913.046045064926
13808.0,-6913.083014170329
13809.0,-6913.119983275731
13810.0,-6913.156952381134
13811.0,-6913.193921486537
13812.0,-6913.230890591939
13813.0,-6913.267859697342
13814.0,-6913.304828802745
13815.0,-6913.341797908147
13816.0,-6913.37876701355
13817.0,-6913.415736118953
13818.0,-6913.452705224355
13819.0,-6913.489674329758
13820.0,-6913.526643435161
13821.0,-6913.563612540563
13822.0,-6913.600581645966
13823.0,-6913.6375507513685
13824.0,-6913.6745198567705
13825.0,-6913.7114889621735
13826.0,-6913.748458067576
13827.0,-6913.785427172978
13828.0,-6913.822396278381
13829.0,-6913.859365383784
13830.0,-6913.896334489186
13831.0,-6913.933303594589
13832.0,-6913.970272699992
13833.0,-6914.007241805394
13834.0,-6914.044210910797
13835.0,-6914.0811800162
13836.0,-6914.118149121602
13837.0,-6914.155118227005
13838.0,-6914.192087332408
13839.0,-6914.22905643781
13840.0,-6914.266025543213
13841.0,-6914.302994648616
13842.0,-6914.339963754018
13843.0,-6914.376932859421
13844.0,-6914.413901964824
13845.0,-6914.450871070226
13846.0,-6914.487840175629
13847.0,-6914.524809281032
13848.0,-6914.561778386434
13849.0,-6914.598747491837
13850.0,-6914.6357165972395
13851.0,-6914.6726857026415
13852.0,-6914.709654808044
13853.0,-6914.746623913447
13854.0,-6914.783593018849
13855.0,-6914.820562124252
13856.0,-6914.857531229655
13857.0,-6914.894500335057
13858.0,-6914.93146944046
13859.0,-6914.968438545863
13860.0,-6915.005407651265
13861.0,-6915.042376756668
13862.0,-6915.079345862071
13863.0,-6915.116314967473
13864.0,-6915.153284072876
13865.0,-6915.190253178279
13866.0,-6915.227222283681
13867.0,-6915.264191389084
13868.0,-6915.301160494487
13869.0,-6915.338129599889
13870.0,-6915.375098705292
13871.0,-6915.412067810695
13872.0,-6915.449036916097
13873.0,-6915.4860060215
13874.0,-6915.522975126903
13875.0,-6915.559944232305
13876.0,-6915.5969133377075
13877.0,-6915.63388244311
13878.0,-6915.6708515485125
13879.0,-6915.707820653915
13880.0,-6915.744789759318
13881.0,-6915.78175886472
13882.0,-6915.818727970123
13883.0,-6915.855697075526
13884.0,-6915.892666180928
13885.0,-6915.929635286331
13886.0,-6915.966604391734
13887.0,-6916.003573497136
13888.0,-6916.040542602539
13889.0,-6916.077511707942
13890.0,-6916.114480813344
13891.0,-6916.151449918747
13892.0,-6916.18841902415
13893.0,-6916.225388129552
13894.0,-6916.262357234955
13895.0,-6916.299326340358
13896.0,-6916.33629544576
13897.0,-6916.373264551163
13898.0,-6916.410233656566
13899.0,-6916.447202761968
13900.0,-6916.484171867371
13901.0,-6916.5211409727735
13902.0,-6916.558110078176
13903.0,-6916.5950791835785
13904.0,-6916.632048288981
13905.0,-6916.669017394383
13906.0,-6916.705986499786
13907.0,-6916.742955605189
13908.0,-6916.779924710591
13909.0,-6916.816893815994
13910.0,-6916.853862921397
13911.0,-6916.890832026799
13912.0,-6916.927801132202
13913.0,-6916.964770237605
13914.0,-6917.001739343007
13915.0,-6917.03870844841
13916.0,-6917.075677553813
13917.0,-6917.112646659215
13918.0,-6917.149615764618
13919.0,-6917.186584870021
13920.0,-6917.223553975423
13921.0,-6917.260523080826
13922.0,-6917.297492186229
13923.0,-6917.334461291631
13924.0,-6917.371430397034
13925.0,-6917.408399502437
13926.0,-6917.445368607839
13927.0,-6917.482337713242
13928.0,-6917.5193068186445
13929.0,-6917.5562759240465
13930.0,-6917.5932450294495
13931.0,-6917.630214134852
13932.0,-6917.667183240254
13933.0,-6917.704152345657
13934.0,-6917.74112145106
13935.0,-6917.778090556462
13936.0,-6917.815059661865
13937.0,-6917.852028767268
13938.0,-6917.88899787267
13939.0,-6917.925966978073
13940.0,-6917.962936083476
13941.0,-6917.999905188878
13942.0,-6918.036874294281
13943.0,-6918.073843399684
13944.0,-6918.110812505086
13945.0,-6918.147781610489
13946.0,-6918.184750715892
13947.0,-6918.221719821294
13948.0,-6918.258688926697
13949.0,-6918.2956580321
13950.0,-6918.332627137502
13951.0,-6918.369596242905
13952.0,-6918.406565348308
13953.0,-6918.44353445371
13954.0,-6918.480503559113
13955.0,-6918.5174726645155
13956.0,-6918.5544417699175
13957.0,-6918.59141087532
13958.0,-6918.628379980723
13959.0,-6918.665349086125
13960.0,-6918.702318191528
13961.0,-6918.739287296931
13962.0,-6918.776256402333
13963.0,-6918.813225507736
13964.0,-6918.850194613139
13965.0,-6918.887163718541
13966.0,-6918.924132823944
13967.0,-6918.961101929347
13968.0,-6918.998071034749
13969.0,-6919.035040140152
13970.0,-6919.072009245555
13971.0,-6919.108978350957
13972.0,-6919.14594745636
13973.0,-6919.182916561763
13974.0,-6919.219885667165
13975.0,-6919.256854772568
13976.0,-6919.293823877971
13977.0,-6919.330792983373
13978.0,-6919.367762088776
13979.0,-6919.404731194179
13980.0,-6919.441700299581
13981.0,-6919.4786694049835
13982.0,-6919.515638510386
13983.0,-6919.5526076157885
13984.0,-6919.589576721191
13985.0,-6919.626545826594
13986.0,-6919.663514931996
13987.0,-6919.700484037399
13988.0,-6919.737453142802
13989.0,-6919.774422248204
13990.0,-6919.811391353607
13991.0,-6919.84836045901
13992.0,-6919.885329564412
13993.0,-6919.922298669815
13994.0,-6919.959267775218
13995.0,-6919.99623688062
13996.0,-6920.033205986023
13997.0,-6920.070175091426
13998.0,-6920.107144196828
13999.0,-6920.144113302231
14000.0,-6920.181082407634
14001.0,-6920.218051513036
14002.0,-6920.255020618439
14003.0,-6920.291989723842
14004.0,-6920.328958829244
14005.0,-6920.365927934647
14006.0,-6920.4028970400495
14007.0,-6920.439866145452
14008.0,-6920.4768352508545
14009.0,-6920.513804356257
14010.0,-6920.550773461659
14011.0,-6920.587742567062
14012.0,-6920.624711672465
14013.0,-6920.661680777867
14014.0,-6920.69864988327
14015.0,-6920.735618988673
14016.0,-6920.772588094075
14017.0,-6920.809557199478
14018.0,-6920.846526304881
14019.0,-6920.883495410283
14020.0,-6920.920464515686
14021.0,-6920.957433621089
14022.0,-6920.994402726491
14023.0,-6921.031371831894
14024.0,-6921.068340937297
14025.0,-6921.105310042699
14026.0,-6921.142279148102
14027.0,-6921.179248253505
14028.0,-6921.216217358907
14029.0,-6921.25318646431
14030.0,-6921.290155569713
14031.0,-6921.327124675115
14032.0,-6921.364093780518
14033.0,-6921.4010628859205
14034.0,-6921.4380319913225
14035.0,-6921.4750010967255
14036.0,-6921.511970202128
14037.0,-6921.54893930753
14038.0,-6921.585908412933
14039.0,-6921.622877518336
14040.0,-6921.659846623738
14041.0,-6921.696815729141
14042.0,-6921.733784834544
14043.0,-6921.770753939946
14044.0,-6921.807723045349
14045.0,-6921.844692150752
14046.0,-6921.881661256154
14047.0,-6921.918630361557
14048.0,-6921.95559946696
14049.0,-6921.992568572362
14050.0,-6922.029537677765
14051.0,-6922.066506783168
14052.0,-6922.10347588857
14053.0,-6922.140444993973
14054.0,-6922.177414099376
14055.0,-6922.214383204778
14056.0,-6922.251352310181
14057.0,-6922.288321415584
14058.0,-6922.325290520986
14059.0,-6922.362259626389
14060.0,-6922.3992287317915
14061.0,-6922.4361978371935
14062.0,-6922.473166942596
14063.0,-6922.510136047999
14064.0,-6922.547105153401
14065.0,-6922.584074258804
14066.0,-6922.621043364207
14067.0,-6922.658012469609
14068.0,-6922.694981575012
14069.0,-6922.731950680415
14070.0,-6922.768919785817
14071.0,-6922.80588889122
14072.0,-6922.842857996623
14073.0,-6922.879827102025
14074.0,-6922.916796207428
14075.0,-6922.953765312831
14076.0,-6922.990734418233
14077.0,-6923.027703523636
14078.0,-6923.064672629039
14079.0,-6923.101641734441
14080.0,-6923.138610839844
14081.0,-6923.175579945247
14082.0,-6923.212549050649
14083.0,-6923.249518156052
14084.0,-6923.286487261455
14085.0,-6923.323456366857
14086.0,-6923.3604254722595
14087.0,-6923.397394577662
14088.0,-6923.4343636830645
14089.0,-6923.471332788467
14090.0,-6923.50830189387
14091.0,-6923.545270999272
14092.0,-6923.582240104675
14093.0,-6923.619209210078
14094.0,-6923.65617831548
14095.0,-6923.693147420883
14096.0,-6923.730116526286
14097.0,-6923.767085631688
14098.0,-6923.804054737091
14099.0,-6923.841023842494
14100.0,-6923.877992947896
14101.0,-6923.914962053299
14102.0,-6923.951931158702
14103.0,-6923.988900264104
14104.0,-6924.025869369507
14105.0,-6924.06283847491
14106.0,-6924.099807580312
14107.0,-6924.136776685715
14108.0,-6924.173745791118
14109.0,-6924.21071489652
14110.0,-6924.247684001923
14111.0,-6924.2846531073255
14112.0,-6924.321622212728
14113.0,-6924.3585913181305
14114.0,-6924.395560423533
14115.0,-6924.432529528935
14116.0,-6924.469498634338
14117.0,-6924.506467739741
14118.0,-6924.543436845143
14119.0,-6924.580405950546
14120.0,-6924.617375055949
14121.0,-6924.654344161351
14122.0,-6924.691313266754
14123.0,-6924.728282372157
14124.0,-6924.765251477559
14125.0,-6924.802220582962
14126.0,-6924.839189688365
14127.0,-6924.876158793767
14128.0,-6924.91312789917
14129.0,-6924.950097004573
14130.0,-6924.987066109975
14131.0,-6925.024035215378
14132.0,-6925.061004320781
14133.0,-6925.097973426183
14134.0,-6925.134942531586
14135.0,-6925.171911636989
14136.0,-6925.208880742391
14137.0,-6925.245849847794
14138.0,-6925.2828189531965
14139.0,-6925.3197880585985
14140.0,-6925.3567571640015
14141.0,-6925.393726269404
14142.0,-6925.430695374806
14143.0,-6925.467664480209
14144.0,-6925.504633585612
14145.0,-6925.541602691014
14146.0,-6925.578571796417
14147.0,-6925.61554090182
14148.0,-6925.652510007222
14149.0,-6925.689479112625
14150.0,-6925.726448218028
14151.0,-6925.76341732343
14152.0,-6925.800386428833
14153.0,-6925.837355534236
14154.0,-6925.874324639638
14155.0,-6925.911293745041
14156.0,-6925.948262850444
14157.0,-6925.985231955846
14158.0,-6926.022201061249
14159.0,-6926.059170166652
14160.0,-6926.096139272054
14161.0,-6926.133108377457
14162.0,-6926.17007748286
14163.0,-6926.207046588262
14164.0,-6926.244015693665
14165.0,-6926.2809847990675
14166.0,-6926.3179539044695
14167.0,-6926.354923009872
14168.0,-6926.391892115275
14169.0,-6926.428861220677
14170.0,-6926.46583032608
14171.0,-6926.502799431483
14172.0,-6926.539768536885
14173.0,-6926.576737642288
14174.0,-6926.613706747691
14175.0,-6926.650675853093
14176.0,-6926.687644958496
14177.0,-6926.724614063899
14178.0,-6926.761583169301
14179.0,-6926.798552274704
14180.0,-6926.835521380107
14181.0,-6926.872490485509
14182.0,-6926.909459590912
14183.0,-6926.946428696315
14184.0,-6926.983397801717
14185.0,-6927.02036690712
14186.0,-6927.057336012523
14187.0,-6927.094305117925
14188.0,-6927.131274223328
14189.0,-6927.168243328731
14190.0,-6927.205212434133
14191.0,-6927.2421815395355
14192.0,-6927.279150644938
14193.0,-6927.3161197503405
14194.0,-6927.353088855743
14195.0,-6927.390057961146
14196.0,-6927.427027066548
14197.0,-6927.463996171951
14198.0,-6927.500965277354
14199.0,-6927.537934382756
14200.0,-6927.574903488159
14201.0,-6927.611872593562
14202.0,-6927.648841698964
14203.0,-6927.685810804367
14204.0,-6927.72277990977
14205.0,-6927.759749015172
14206.0,-6927.796718120575
14207.0,-6927.833687225978
14208.0,-6927.87065633138
14209.0,-6927.907625436783
14210.0,-6927.944594542186
14211.0,-6927.981563647588
14212.0,-6928.018532752991
14213.0,-6928.055501858394
14214.0,-6928.092470963796
14215.0,-6928.129440069199
14216.0,-6928.1664091746015
14217.0,-6928.203378280004
14218.0,-6928.2403473854065
14219.0,-6928.277316490809
14220.0,-6928.314285596211
14221.0,-6928.351254701614
14222.0,-6928.388223807017
14223.0,-6928.425192912419
14224.0,-6928.462162017822
14225.0,-6928.499131123225
14226.0,-6928.536100228627
14227.0,-6928.57306933403
14228.0,-6928.610038439433
14229.0,-6928.647007544835
14230.0,-6928.683976650238
14231.0,-6928.720945755641
14232.0,-6928.757914861043
14233.0,-6928.794883966446
14234.0,-6928.831853071849
14235.0,-6928.868822177251
14236.0,-6928.905791282654
14237.0,-6928.942760388057
14238.0,-6928.979729493459
14239.0,-6929.016698598862
14240.0,-6929.053667704265
14241.0,-6929.090636809667
14242.0,-6929.12760591507
14243.0,-6929.1645750204725
14244.0,-6929.2015441258745
14245.0,-6929.2385132312775
14246.0,-6929.27548233668
14247.0,-6929.312451442082
14248.0,-6929.349420547485
14249.0,-6929.386389652888
14250.0,-6929.42335875829
14251.0,-6929.460327863693
14252.0,-6929.497296969096
14253.0,-6929.534266074498
14254.0,-6929.571235179901
14255.0,-6929.608204285304
14256.0,-6929.645173390706
14257.0,-6929.682142496109
14258.0,-6929.719111601512
14259.0,-6929.756080706914
14260.0,-6929.793049812317
14261.0,-6929.83001891772
14262.0,-6929.866988023122
14263.0,-6929.903957128525
14264.0,-6929.940926233928
14265.0,-6929.97789533933
14266.0,-6930.014864444733
14267.0,-6930.051833550136
14268.0,-6930.088802655538
14269.0,-6930.125771760941
14270.0,-6930.1627408663435
14271.0,-6930.1997099717455
14272.0,-6930.236679077148
14273.0,-6930.273648182551
14274.0,-6930.310617287953
14275.0,-6930.347586393356
14276.0,-6930.384555498759
14277.0,-6930.421524604161
14278.0,-6930.458493709564
14279.0,-6930.495462814967
14280.0,-6930.532431920369
14281.0,-6930.569401025772
14282.0,-6930.606370131175
14283.0,-6930.643339236577
14284.0,-6930.68030834198
14285.0,-6930.717277447383
14286.0,-6930.754246552785
14287.0,-6930.791215658188
14288.0,-6930.828184763591
14289.0,-6930.865153868993
14290.0,-6930.902122974396
14291.0,-6930.939092079799
14292.0,-6930.976061185201
14293.0,-6931.013030290604
14294.0,-6931.049999396007
14295.0,-6931.086968501409
14296.0,-6931.1239376068115
14297.0,-6931.1609067122145
14298.0,-6931.1978758176165
14299.0,-6931.234844923019
14300.0,-6931.271814028422
14301.0,-6931.308783133824
14302.0,-6931.345752239227
14303.0,-6931.38272134463
14304.0,-6931.419690450032
14305.0,-6931.456659555435
14306.0,-6931.493628660838
14307.0,-6931.53059776624
14308.0,-6931.567566871643
14309.0,-6931.604535977046
14310.0,-6931.641505082448
14311.0,-6931.678474187851
14312.0,-6931.715443293254
14313.0,-6931.752412398656
14314.0,-6931.789381504059
14315.0,-6931.826350609462
14316.0,-6931.863319714864
14317.0,-6931.900288820267
14318.0,-6931.93725792567
14319.0,-6931.974227031072
14320.0,-6932.011196136475
14321.0,-6932.0481652418775
14322.0,-6932.08513434728
14323.0,-6932.1221034526825
14324.0,-6932.159072558085
14325.0,-6932.196041663487
14326.0,-6932.23301076889
14327.0,-6932.269979874293
14328.0,-6932.306948979695
14329.0,-6932.343918085098
14330.0,-6932.380887190501
14331.0,-6932.417856295903
14332.0,-6932.454825401306
14333.0,-6932.491794506709
14334.0,-6932.528763612111
14335.0,-6932.565732717514
14336.0,-6932.602701822917
14337.0,-6932.602183381717
14338.0,-6932.6016649405165
14339.0,-6932.601146499316
14340.0,-6932.600628058116
14341.0,-6932.600109616916
14342.0,-6932.599591175715
14343.0,-6932.599072734515
14344.0,-6932.598554293315
14345.0,-6932.598035852115
14346.0,-6932.597517410914
14347.0,-6932.596998969714
14348.0,-6932.596480528514
14349.0,-6932.595962087314
14350.0,-6932.595443646113
14351.0,-6932.594925204913
14352.0,-6932.594406763713
14353.0,-6932.593888322513
14354.0,-6932.593369881312
14355.0,-6932.592851440112
14356.0,-6932.592332998912
14357.0,-6932.591814557712
14358.0,-6932.591296116511
14359.0,-6932.590777675311
14360.0,-6932.590259234111
14361.0,-6932.589740792911
14362.0,-6932.58922235171
14363.0,-6932.58870391051
14364.0,-6932.58818546931
14365.0,-6932.5876670281095
14366.0,-6932.587148586909
14367.0,-6932.586630145709
14368.0,-6932.586111704509
14369.0,-6932.5855932633085
14370.0,-6932.585074822108
14371.0,-6932.584556380908
14372.0,-6932.584037939708
14373.0,-6932.5835194985075
14374.0,-6932.583001057307
14375.0,-6932.582482616107
14376.0,-6932.581964174907
14377.0,-6932.5814457337065
14378.0,-6932.580927292506
14379.0,-6932.580408851306
14380.0,-6932.579890410106
14381.0,-6932.579371968905
14382.0,-6932.578853527705
14383.0,-6932.578335086505
14384.0,-6932.577816645305
14385.0,-6932.577298204104
14386.0,-6932.576779762904
14387.0,-6932.576261321704
14388.0,-6932.575742880504
14389.0,-6932.575224439303
14390.0,-6932.574705998103
14391.0,-6932.574187556903
14392.0,-6932.573669115703
14393.0,-6932.573150674502
14394.0,-6932.572632233302
14395.0,-6932.572113792102
14396.0,-6932.571595350902
14397.0,-6932.571076909701
14398.0,-6932.570558468501
14399.0,-6932.570040027301
14400.0,-6932.569521586101
14401.0,-6932.5690031449
14402.0,-6932.5684847037
14403.0,-6932.5679662625
14404.0,-6932.5674478212995
14405.0,-6932.566929380099
14406.0,-6932.566410938899
14407.0,-6932.565892497699
14408.0,-6932.5653740564985
14409.0,-6932.564855615298
14410.0,-6932.564337174098
14411.0,-6932.563818732898
14412.0,-6932.5633002916975
14413.0,-6932.562781850497
14414.0,-6932.562263409297
14415.0,-6932.561744968097
14416.0,-6932.5612265268965
14417.0,-6932.560708085696
14418.0,-6932.560189644496
14419.0,-6932.559671203296
14420.0,-6932.559152762095
14421.0,-6932.558634320895
14422.0,-6932.558115879695
14423.0,-6932.557597438495
14424.0,-6932.557078997294
14425.0,-6932.556560556094
14426.0,-6932.556042114894
14427.0,-6932.555523673694
14428.0,-6932.555005232493
14429.0,-6932.554486791293
14430.0,-6932.553968350093
14431.0,-6932.553449908893
14432.0,-6932.552931467692
14433.0,-6932.552413026492
14434.0,-6932.551894585292
14435.0,-6932.551376144092
14436.0,-6932.550857702891
14437.0,-6932.550339261691
14438.0,-6932.549820820491
14439.0,-6932.549302379291
14440.0,-6932.54878393809
14441.0,-6932.54826549689
14442.0,-6932.54774705569
14443.0,-6932.5472286144895
14444.0,-6932.546710173289
14445.0,-6932.546191732089
14446.0,-6932.545673290889
14447.0,-6932.5451548496885
14448.0,-6932.544636408488
14449.0,-6932.544117967288
14450.0,-6932.543599526088
14451.0,-6932.5430810848875
14452.0,-6932.542562643687
14453.0,-6932.542044202487
14454.0,-6932.541525761287
14455.0,-6932.5410073200865
14456.0,-6932.540488878886
14457.0,-6932.539970437686
14458.0,-6932.539451996486
14459.0,-6932.538933555285
14460.0,-6932.538415114085
14461.0,-6932.537896672885
14462.0,-6932.537378231685
14463.0,-6932.536859790484
14464.0,-6932.536341349284
14465.0,-6932.535822908084
14466.0,-6932.535304466884
14467.0,-6932.534786025683
14468.0,-6932.534267584483
14469.0,-6932.533749143283
14470.0,-6932.533230702083
14471.0,-6932.532712260882
14472.0,-6932.532193819682
14473.0,-6932.531675378482
14474.0,-6932.531156937282
14475.0,-6932.530638496081
14476.0,-6932.530120054881
14477.0,-6932.529601613681
14478.0,-6932.529083172481
14479.0,-6932.52856473128
14480.0,-6932.52804629008
14481.0,-6932.52752784888
14482.0,-6932.5270094076795
14483.0,-6932.526490966479
14484.0,-6932.525972525279
14485.0,-6932.525454084079
14486.0,-6932.5249356428785
14487.0,-6932.524417201678
14488.0,-6932.523898760478
14489.0,-6932.523380319278
14490.0,-6932.5228618780775
14491.0,-6932.522343436877
14492.0,-6932.521824995677
14493.0,-6932.521306554477
14494.0,-6932.5207881132765
14495.0,-6932.520269672076
14496.0,-6932.519751230876
14497.0,-6932.519232789676
14498.0,-6932.518714348475
14499.0,-6932.518195907275
14500.0,-6932.517677466075
14501.0,-6932.517159024875
14502.0,-6932.516640583674
14503.0,-6932.516122142474
14504.0,-6932.515603701274
14505.0,-6932.515085260074
14506.0,-6932.514566818873
14507.0,-6932.514048377673
14508.0,-6932.513529936473
14509.0,-6932.513011495273
14510.0,-6932.512493054072
14511.0,-6932.511974612872
14512.0,-6932.511456171672
14513.0,-6932.510937730472
14514.0,-6932.510419289271
14515.0,-6932.509900848071
14516.0,-6932.509382406871
14517.0,-6932.508863965671
14518.0,-6932.50834552447
14519.0,-6932.50782708327
14520.0,-6932.50730864207
14521.0,-6932.50679020087
14522.0,-6932.506271759669
14523.0,-6932.505753318469
14524.0,-6932.505234877269
14525.0,-6932.5047164360685
14526.0,-6932.504197994868
14527.0,-6932.503679553668
14528.0,-6932.503161112468
14529.0,-6932.5026426712675
14530.0,-6932.502124230067
14531.0,-6932.501605788867
14532.0,-6932.501087347667
14533.0,-6932.5005689064665
14534.0,-6932.500050465266
14535.0,-6932.499532024066
14536.0,-6932.499013582866
14537.0,-6932.498495141665
14538.0,-6932.497976700465
14539.0,-6932.497458259265
14540.0,-6932.496939818065
14541.0,-6932.496421376864
14542.0,-6932.495902935664
14543.0,-6932.495384494464
14544.0,-6932.494866053264
14545.0,-6932.494347612063
14546.0,-6932.493829170863
14547.0,-6932.493310729663
14548.0,-6932.492792288463
14549.0,-6932.492273847262
14550.0,-6932.491755406062
14551.0,-6932.491236964862
14552.0,-6932.490718523662
14553.0,-6932.490200082461
14554.0,-6932.489681641261
14555.0,-6932.489163200061
14556.0,-6932.488644758861
14557.0,-6932.48812631766
14558.0,-6932.48760787646
14559.0,-6932.48708943526
14560.0,-6932.48657099406
14561.0,-6932.486052552859
14562.0,-6932.485534111659
14563.0,-6932.485015670459
14564.0,-6932.4844972292585
14565.0,-6932.483978788058
14566.0,-6932.483460346858
14567.0,-6932.482941905658
14568.0,-6932.4824234644575
14569.0,-6932.481905023257
14570.0,-6932.481386582057
14571.0,-6932.480868140857
14572.0,-6932.4803496996565
14573.0,-6932.479831258456
14574.0,-6932.479312817256
14575.0,-6932.478794376056
14576.0,-6932.478275934855
14577.0,-6932.477757493655
14578.0,-6932.477239052455
14579.0,-6932.476720611255
14580.0,-6932.476202170054
14581.0,-6932.475683728854
14582.0,-6932.475165287654
14583.0,-6932.474646846454
14584.0,-6932.474128405253
14585.0,-6932.473609964053
14586.0,-6932.473091522853
14587.0,-6932.472573081653
14588.0,-6932.472054640452
14589.0,-6932.471536199252
14590.0,-6932.471017758052
14591.0,-6932.470499316852
14592.0,-6932.469980875651
14593.0,-6932.469462434451
14594.0,-6932.468943993251
14595.0,-6932.468425552051
14596.0,-6932.46790711085
14597.0,-6932.46738866965
14598.0,-6932.46687022845
14599.0,-6932.46635178725
14600.0,-6932.465833346049
14601.0,-6932.465314904849
14602.0,-6932.464796463649
14603.0,-6932.4642780224485
14604.0,-6932.463759581248
14605.0,-6932.463241140048
14606.0,-6932.462722698848
14607.0,-6932.4622042576475
14608.0,-6932.461685816447
14609.0,-6932.461167375247
14610.0,-6932.460648934047
14611.0,-6932.4601304928465
14612.0,-6932.459612051646
14613.0,-6932.459093610446
14614.0,-6932.458575169246
14615.0,-6932.458056728045
14616.0,-6932.457538286845
14617.0,-6932.457019845645
14618.0,-6932.456501404445
14619.0,-6932.455982963244
14620.0,-6932.455464522044
14621.0,-6932.454946080844
14622.0,-6932.454427639644
14623.0,-6932.453909198443
14624.0,-6932.453390757243
14625.0,-6932.452872316043
14626.0,-6932.452353874843
14627.0,-6932.451835433642
14628.0,-6932.451316992442
14629.0,-6932.450798551242
14630.0,-6932.450280110042
14631.0,-6932.449761668841
14632.0,-6932.449243227641
14633.0,-6932.448724786441
14634.0,-6932.448206345241
14635.0,-6932.44768790404
14636.0,-6932.44716946284
14637.0,-6932.44665102164
14638.0,-6932.44613258044
14639.0,-6932.445614139239
14640.0,-6932.445095698039
14641.0,-6932.444577256839
14642.0,-6932.4440588156385
14643.0,-6932.443540374438
14644.0,-6932.443021933238
14645.0,-6932.442503492038
14646.0,-6932.4419850508375
14647.0,-6932.441466609637
14648.0,-6932.440948168437
14649.0,-6932.440429727237
14650.0,-6932.4399112860365
14651.0,-6932.439392844836
14652.0,-6932.438874403636
14653.0,-6932.438355962436
14654.0,-6932.437837521235
14655.0,-6932.437319080035
14656.0,-6932.436800638835
14657.0,-6932.436282197635
14658.0,-6932.435763756434
14659.0,-6932.435245315234
14660.0,-6932.434726874034
14661.0,-6932.434208432834
14662.0,-6932.433689991633
14663.0,-6932.433171550433
14664.0,-6932.432653109233
14665.0,-6932.432134668033
14666.0,-6932.431616226832
14667.0,-6932.431097785632
14668.0,-6932.430579344432
14669.0,-6932.430060903232
14670.0,-6932.429542462031
14671.0,-6932.429024020831
14672.0,-6932.428505579631
14673.0,-6932.427987138431
14674.0,-6932.42746869723
14675.0,-6932.42695025603
14676.0,-6932.42643181483
14677.0,-6932.42591337363
14678.0,-6932.425394932429
14679.0,-6932.424876491229
14680.0,-6932.424358050029
14681.0,-6932.4238396088285
14682.0,-6932.423321167628
14683.0,-6932.422802726428
14684.0,-6932.422284285228
14685.0,-6932.4217658440275
14686.0,-6932.421247402827
14687.0,-6932.420728961627
14688.0,-6932.420210520427
14689.0,-6932.4196920792265
14690.0,-6932.419173638026
14691.0,-6932.418655196826
14692.0,-6932.418136755626
14693.0,-6932.417618314425
14694.0,-6932.417099873225
14695.0,-6932.416581432025
14696.0,-6932.416062990825
14697.0,-6932.415544549624
14698.0,-6932.415026108424
14699.0,-6932.414507667224
14700.0,-6932.413989226024
14701.0,-6932.413470784823
14702.0,-6932.412952343623
14703.0,-6932.412433902423
14704.0,-6932.411915461223
14705.0,-6932.411397020022
14706.0,-6932.410878578822
14707.0,-6932.410360137622
14708.0,-6932.409841696422
14709.0,-6932.409323255221
14710.0,-6932.408804814021
14711.0,-6932.408286372821
14712.0,-6932.407767931621
14713.0,-6932.40724949042
14714.0,-6932.40673104922
14715.0,-6932.40621260802
14716.0,-6932.40569416682
14717.0,-6932.405175725619
14718.0,-6932.404657284419
14719.0,-6932.404138843219
14720.0,-6932.4036204020185
14721.0,-6932.403101960818
14722.0,-6932.402583519618
14723.0,-6932.402065078418
14724.0,-6932.4015466372175
14725.0,-6932.401028196017
14726.0,-6932.400509754817
14727.0,-6932.399991313617
14728.0,-6932.3994728724165
14729.0,-6932.398954431216
14730.0,-6932.398435990016
14731.0,-6932.397917548816
14732.0,-6932.3973991076155
14733.0,-6932.396880666415
14734.0,-6932.396362225215
14735.0,-6932.395843784015
14736.0,-6932.395325342814
14737.0,-6932.394806901614
14738.0,-6932.394288460414
14739.0,-6932.393770019214
14740.0,-6932.393251578013
14741.0,-6932.392733136813
14742.0,-6932.392214695613
14743.0,-6932.391696254413
14744.0,-6932.391177813212
14745.0,-6932.390659372012
14746.0,-6932.390140930812
14747.0,-6932.389622489612
14748.0,-6932.389104048411
14749.0,-6932.388585607211
14750.0,-6932.388067166011
14751.0,-6932.387548724811
14752.0,-6932.38703028361
14753.0,-6932.38651184241
14754.0,-6932.38599340121
14755.0,-6932.38547496001
14756.0,-6932.384956518809
14757.0,-6932.384438077609
14758.0,-6932.383919636409
14759.0,-6932.3834011952085
14760.0,-6932.382882754008
14761.0,-6932.382364312808
14762.0,-6932.381845871608
14763.0,-6932.3813274304075
14764.0,-6932.380808989207
14765.0,-6932.380290548007
14766.0,-6932.379772106807
14767.0,-6932.3792536656065
14768.0,-6932.378735224406
14769.0,-6932.378216783206
14770.0,-6932.377698342006
14771.0,-6932.3771799008055
14772.0,-6932.376661459605
14773.0,-6932.376143018405
14774.0,-6932.375624577205
14775.0,-6932.375106136004
14776.0,-6932.374587694804
14777.0,-6932.374069253604
14778.0,-6932.373550812404
14779.0,-6932.373032371203
14780.0,-6932.372513930003
14781.0,-6932.371995488803
14782.0,-6932.371477047603
14783.0,-6932.370958606402
14784.0,-6932.370440165202
14785.0,-6932.369921724002
14786.0,-6932.369403282802
14787.0,-6932.368884841601
14788.0,-6932.368366400401
14789.0,-6932.367847959201
14790.0,-6932.367329518001
14791.0,-6932.3668110768
14792.0,-6932.3662926356
14793.0,-6932.3657741944
14794.0,-6932.3652557532
14795.0,-6932.364737311999
14796.0,-6932.364218870799
14797.0,-6932.363700429599
14798.0,-6932.3631819883985
14799.0,-6932.362663547198
14800.0,-6932.362145105998
14801.0,-6932.361626664798
14802.0,-6932.3611082235975
14803.0,-6932.360589782397
14804.0,-6932.360071341197
14805.0,-6932.359552899997
14806.0,-6932.3590344587965
14807.0,-6932.358516017596
14808.0,-6932.357997576396
14809.0,-6932.357479135196
14810.0,-6932.3569606939955
14811.0,-6932.356442252795
14812.0,-6932.355923811595
14813.0,-6932.355405370395
14814.0,-6932.354886929194
14815.0,-6932.354368487994
14816.0,-6932.353850046794
14817.0,-6932.353331605594
14818.0,-6932.352813164393
14819.0,-6932.352294723193
14820.0,-6932.351776281993
14821.0,-6932.351257840793
14822.0,-6932.350739399592
14823.0,-6932.350220958392
14824.0,-6932.349702517192
14825.0,-6932.349184075992
14826.0,-6932.348665634791
14827.0,-6932.348147193591
14828.0,-6932.347628752391
14829.0,-6932.347110311191
14830.0,-6932.34659186999
14831.0,-6932.34607342879
14832.0,-6932.34555498759
14833.0,-6932.34503654639
14834.0,-6932.344518105189
14835.0,-6932.343999663989
14836.0,-6932.343481222789
14837.0,-6932.3429627815885
14838.0,-6932.342444340388
14839.0,-6932.341925899188
14840.0,-6932.341407457988
14841.0,-6932.3408890167875
14842.0,-6932.340370575587
14843.0,-6932.339852134387
14844.0,-6932.339333693187
14845.0,-6932.3388152519865
14846.0,-6932.338296810786
14847.0,-6932.337778369586
14848.0,-6932.337259928386
14849.0,-6932.3367414871855
14850.0,-6932.336223045985
14851.0,-6932.335704604785
14852.0,-6932.335186163585
14853.0,-6932.334667722384
14854.0,-6932.334149281184
14855.0,-6932.333630839984
14856.0,-6932.333112398784
14857.0,-6932.332593957583
14858.0,-6932.332075516383
14859.0,-6932.331557075183
14860.0,-6932.331038633983
14861.0,-6932.330520192782
14862.0,-6932.330001751582
14863.0,-6932.329483310382
14864.0,-6932.328964869182
14865.0,-6932.328446427981
14866.0,-6932.327927986781
14867.0,-6932.327409545581
14868.0,-6932.326891104381
14869.0,-6932.32637266318
14870.0,-6932.32585422198
14871.0,-6932.32533578078
14872.0,-6932.32481733958
14873.0,-6932.324298898379
14874.0,-6932.323780457179
14875.0,-6932.323262015979
14876.0,-6932.3227435747785
14877.0,-6932.322225133578
14878.0,-6932.321706692378
14879.0,-6932.321188251178
14880.0,-6932.3206698099775
14881.0,-6932.320151368777
14882.0,-6932.319632927577
14883.0,-6932.319114486377
14884.0,-6932.3185960451765
14885.0,-6932.318077603976
14886.0,-6932.317559162776
14887.0,-6932.317040721576
14888.0,-6932.3165222803755
14889.0,-6932.316003839175
14890.0,-6932.315485397975
14891.0,-6932.314966956775
14892.0,-6932.314448515574
14893.0,-6932.313930074374
14894.0,-6932.313411633174
14895.0,-6932.312893191974
14896.0,-6932.312374750773
14897.0,-6932.311856309573
14898.0,-6932.311337868373
14899.0,-6932.310819427173
14900.0,-6932.310300985972
14901.0,-6932.309782544772
14902.0,-6932.309264103572
14903.0,-6932.308745662372
14904.0,-6932.308227221171
14905.0,-6932.307708779971
14906.0,-6932.307190338771
14907.0,-6932.306671897571
14908.0,-6932.30615345637
14909.0,-6932.30563501517
14910.0,-6932.30511657397
14911.0,-6932.30459813277
14912.0,-6932.304079691569
14913.0,-6932.303561250369
14914.0,-6932.303042809169
14915.0,-6932.3025243679685
14916.0,-6932.302005926768
14917.0,-6932.301487485568
14918.0,-6932.300969044368
14919.0,-6932.3004506031675
14920.0,-6932.299932161967
14921.0,-6932.299413720767
14922.0,-6932.298895279567
14923.0,-6932.2983768383665
14924.0,-6932.297858397166
14925.0,-6932.297339955966
14926.0,-6932.296821514766
14927.0,-6932.2963030735655
14928.0,-6932.295784632365
14929.0,-6932.295266191165
14930.0,-6932.294747749965
14931.0,-6932.294229308764
14932.0,-6932.293710867564
14933.0,-6932.293192426364
14934.0,-6932.292673985164
14935.0,-6932.292155543963
14936.0,-6932.291637102763
14937.0,-6932.291118661563
14938.0,-6932.290600220363
14939.0,-6932.290081779162
14940.0,-6932.289563337962
14941.0,-6932.289044896762
14942.0,-6932.288526455562
14943.0,-6932.288008014361
14944.0,-6932.287489573161
14945.0,-6932.286971131961
14946.0,-6932.286452690761
14947.0,-6932.28593424956
14948.0,-6932.28541580836
14949.0,-6932.28489736716
14950.0,-6932.28437892596
14951.0,-6932.283860484759
14952.0,-6932.283342043559
14953.0,-6932.282823602359
14954.0,-6932.282305161159
14955.0,-6932.281786719958
14956.0,-6932.281268278758
14957.0,-6932.280749837558
14958.0,-6932.2802313963575
14959.0,-6932.279712955157
14960.0,-6932.279194513957
14961.0,-6932.278676072757
14962.0,-6932.2781576315565
14963.0,-6932.277639190356
14964.0,-6932.277120749156
14965.0,-6932.276602307956
14966.0,-6932.2760838667555
14967.0,-6932.275565425555
14968.0,-6932.275046984355
14969.0,-6932.274528543155
14970.0,-6932.274010101954
14971.0,-6932.273491660754
14972.0,-6932.272973219554
14973.0,-6932.272454778354
14974.0,-6932.271936337153
14975.0,-6932.271417895953
14976.0,-6932.270899454753
14977.0,-6932.270381013553
14978.0,-6932.269862572352
14979.0,-6932.269344131152
14980.0,-6932.268825689952
14981.0,-6932.268307248752
14982.0,-6932.267788807551
14983.0,-6932.267270366351
14984.0,-6932.266751925151
14985.0,-6932.266233483951
14986.0,-6932.26571504275
14987.0,-6932.26519660155
14988.0,-6932.26467816035
14989.0,-6932.26415971915
14990.0,-6932.263641277949
14991.0,-6932.263122836749
14992.0,-6932.262604395549
14993.0,-6932.262085954349
14994.0,-6932.261567513148
14995.0,-6932.261049071948
14996.0,-6932.260530630748
14997.0,-6932.2600121895475
14998.0,-6932.259493748347
14999.0,-6932.258975307147
15000.0,-6932.258456865947
15001.0,-6932.2579384247465
15002.0,-6932.257419983546
15003.0,-6932.256901542346
15004.0,-6932.256383101146
15005.0,-6932.2558646599455
15006.0,-6932.255346218745
15007.0,-6932.254827777545
15008.0,-6932.254309336345
15009.0,-6932.253790895144
15010.0,-6932.253272453944
15011.0,-6932.252754012744
15012.0,-6932.252235571544
15013.0,-6932.251717130343
15014.0,-6932.251198689143
15015.0,-6932.250680247943
15016.0,-6932.250161806743
15017.0,-6932.249643365542
15018.0,-6932.249124924342
15019.0,-6932.248606483142
15020.0,-6932.248088041942
15021.0,-6932.247569600741
15022.0,-6932.247051159541
15023.0,-6932.246532718341
15024.0,-6932.246014277141
15025.0,-6932.24549583594
15026.0,-6932.24497739474
15027.0,-6932.24445895354
15028.0,-6932.24394051234
15029.0,-6932.243422071139
15030.0,-6932.242903629939
15031.0,-6932.242385188739
15032.0,-6932.241866747539
15033.0,-6932.241348306338
15034.0,-6932.240829865138
15035.0,-6932.240311423938
15036.0,-6932.2397929827375
15037.0,-6932.239274541537
15038.0,-6932.238756100337
15039.0,-6932.238237659137
15040.0,-6932.2377192179365
15041.0,-6932.237200776736
15042.0,-6932.236682335536
15043.0,-6932.236163894336
15044.0,-6932.2356454531355
15045.0,-6932.235127011935
15046.0,-6932.234608570735
15047.0,-6932.234090129535
15048.0,-6932.233571688334
15049.0,-6932.233053247134
15050.0,-6932.232534805934
15051.0,-6932.232016364734
15052.0,-6932.231497923533
15053.0,-6932.230979482333
15054.0,-6932.230461041133
15055.0,-6932.229942599933
15056.0,-6932.229424158732
15057.0,-6932.228905717532
15058.0,-6932.228387276332
15059.0,-6932.227868835132
15060.0,-6932.227350393931
15061.0,-6932.226831952731
15062.0,-6932.226313511531
15063.0,-6932.225795070331
15064.0,-6932.22527662913
15065.0,-6932.22475818793
15066.0,-6932.22423974673
15067.0,-6932.22372130553
15068.0,-6932.223202864329
15069.0,-6932.222684423129
15070.0,-6932.222165981929
15071.0,-6932.221647540729
15072.0,-6932.221129099528
15073.0,-6932.220610658328
15074.0,-6932.220092217128
15075.0,-6932.2195737759275
15076.0,-6932.219055334727
15077.0,-6932.218536893527
15078.0,-6932.218018452327
15079.0,-6932.2175000111265
15080.0,-6932.216981569926
15081.0,-6932.216463128726
15082.0,-6932.215944687526
15083.0,-6932.2154262463255
15084.0,-6932.214907805125
15085.0,-6932.214389363925
15086.0,-6932.213870922725
15087.0,-6932.213352481524
15088.0,-6932.212834040324
15089.0,-6932.212315599124
15090.0,-6932.211797157924
15091.0,-6932.211278716723
15092.0,-6932.210760275523
15093.0,-6932.210241834323
15094.0,-6932.209723393123
15095.0,-6932.209204951922
15096.0,-6932.208686510722
15097.0,-6932.208168069522
15098.0,-6932.207649628322
15099.0,-6932.207131187121
15100.0,-6932.206612745921
15101.0,-6932.206094304721
15102.0,-6932.205575863521
15103.0,-6932.20505742232
15104.0,-6932.20453898112
15105.0,-6932.20402053992
15106.0,-6932.20350209872
15107.0,-6932.202983657519
15108.0,-6932.202465216319
15109.0,-6932.201946775119
15110.0,-6932.201428333919
15111.0,-6932.200909892718
15112.0,-6932.200391451518
15113.0,-6932.199873010318
15114.0,-6932.1993545691175
15115.0,-6932.198836127917
15116.0,-6932.198317686717
15117.0,-6932.197799245517
15118.0,-6932.1972808043165
15119.0,-6932.196762363116
15120.0,-6932.196243921916
15121.0,-6932.195725480716
15122.0,-6932.1952070395155
15123.0,-6932.194688598315
15124.0,-6932.194170157115
15125.0,-6932.193651715915
15126.0,-6932.1931332747145
15127.0,-6932.192614833514
15128.0,-6932.192096392314
15129.0,-6932.191577951114
15130.0,-6932.191059509913
15131.0,-6932.190541068713
15132.0,-6932.190022627513
15133.0,-6932.189504186313
15134.0,-6932.188985745112
15135.0,-6932.188467303912
15136.0,-6932.187948862712
15137.0,-6932.187430421512
15138.0,-6932.186911980311
15139.0,-6932.186393539111
15140.0,-6932.185875097911
15141.0,-6932.185356656711
15142.0,-6932.18483821551
15143.0,-6932.18431977431
15144.0,-6932.18380133311
15145.0,-6932.18328289191
15146.0,-6932.182764450709
15147.0,-6932.182246009509
15148.0,-6932.181727568309
15149.0,-6932.181209127109
15150.0,-6932.180690685908
15151.0,-6932.180172244708
15152.0,-6932.179653803508
15153.0,-6932.1791353623075
15154.0,-6932.178616921107
15155.0,-6932.178098479907
15156.0,-6932.177580038707
15157.0,-6932.1770615975065
15158.0,-6932.176543156306
15159.0,-6932.176024715106
15160.0,-6932.175506273906
15161.0,-6932.1749878327055
15162.0,-6932.174469391505
15163.0,-6932.173950950305
15164.0,-6932.173432509105
15165.0,-6932.1729140679045
15166.0,-6932.172395626704
15167.0,-6932.171877185504
15168.0,-6932.171358744304
15169.0,-6932.170840303103
15170.0,-6932.170321861903
15171.0,-6932.169803420703
15172.0,-6932.169284979503
15173.0,-6932.168766538302
15174.0,-6932.168248097102
15175.0,-6932.167729655902
15176.0,-6932.167211214702
15177.0,-6932.166692773501
15178.0,-6932.166174332301
15179.0,-6932.165655891101
15180.0,-6932.165137449901
15181.0,-6932.1646190087
15182.0,-6932.1641005675
15183.0,-6932.1635821263
15184.0,-6932.1630636851
15185.0,-6932.162545243899
15186.0,-6932.162026802699
15187.0,-6932.161508361499
15188.0,-6932.160989920299
15189.0,-6932.160471479098
15190.0,-6932.159953037898
15191.0,-6932.159434596698
15192.0,-6932.1589161554975
15193.0,-6932.158397714297
15194.0,-6932.157879273097
15195.0,-6932.157360831897
15196.0,-6932.1568423906965
15197.0,-6932.156323949496
15198.0,-6932.155805508296
15199.0,-6932.155287067096
15200.0,-6932.1547686258955
15201.0,-6932.154250184695
15202.0,-6932.153731743495
15203.0,-6932.153213302295
15204.0,-6932.1526948610945
15205.0,-6932.152176419894
15206.0,-6932.151657978694
15207.0,-6932.151139537494
15208.0,-6932.150621096293
15209.0,-6932.150102655093
15210.0,-6932.149584213893
15211.0,-6932.149065772693
15212.0,-6932.148547331492
15213.0,-6932.148028890292
15214.0,-6932.147510449092
15215.0,-6932.146992007892
15216.0,-6932.146473566691
15217.0,-6932.145955125491
15218.0,-6932.145436684291
15219.0,-6932.144918243091
15220.0,-6932.14439980189
15221.0,-6932.14388136069
15222.0,-6932.14336291949
15223.0,-6932.14284447829
15224.0,-6932.142326037089
15225.0,-6932.141807595889
15226.0,-6932.141289154689
15227.0,-6932.140770713489
15228.0,-6932.140252272288
15229.0,-6932.139733831088
15230.0,-6932.139215389888
15231.0,-6932.1386969486875
15232.0,-6932.138178507487
15233.0,-6932.137660066287
15234.0,-6932.137141625087
15235.0,-6932.1366231838865
15236.0,-6932.136104742686
15237.0,-6932.135586301486
15238.0,-6932.135067860286
15239.0,-6932.1345494190855
15240.0,-6932.134030977885
15241.0,-6932.133512536685
15242.0,-6932.132994095485
15243.0,-6932.1324756542845
15244.0,-6932.131957213084
15245.0,-6932.131438771884
15246.0,-6932.130920330684
15247.0,-6932.130401889483
15248.0,-6932.129883448283
15249.0,-6932.129365007083
15250.0,-6932.128846565883
15251.0,-6932.128328124682
15252.0,-6932.127809683482
15253.0,-6932.127291242282
15254.0,-6932.126772801082
15255.0,-6932.126254359881
15256.0,-6932.125735918681
15257.0,-6932.125217477481
15258.0,-6932.124699036281
15259.0,-6932.12418059508
15260.0,-6932.12366215388
15261.0,-6932.12314371268
15262.0,-6932.12262527148
15263.0,-6932.122106830279
15264.0,-6932.121588389079
15265.0,-6932.121069947879
15266.0,-6932.120551506679
15267.0,-6932.120033065478
15268.0,-6932.119514624278
15269.0,-6932.118996183078
15270.0,-6932.1184777418775
15271.0,-6932.117959300677
15272.0,-6932.117440859477
15273.0,-6932.116922418277
15274.0,-6932.1164039770765
15275.0,-6932.115885535876
15276.0,-6932.115367094676
15277.0,-6932.114848653476
15278.0,-6932.1143302122755
15279.0,-6932.113811771075
15280.0,-6932.113293329875
15281.0,-6932.112774888675
15282.0,-6932.1122564474745
15283.0,-6932.111738006274
15284.0,-6932.111219565074
15285.0,-6932.110701123874
15286.0,-6932.110182682673
15287.0,-6932.109664241473
15288.0,-6932.109145800273
15289.0,-6932.108627359073
15290.0,-6932.108108917872
15291.0,-6932.107590476672
15292.0,-6932.107072035472
15293.0,-6932.106553594272
15294.0,-6932.106035153071
15295.0,-6932.105516711871
15296.0,-6932.104998270671
15297.0,-6932.104479829471
15298.0,-6932.10396138827
15299.0,-6932.10344294707
15300.0,-6932.10292450587
15301.0,-6932.10240606467
15302.0,-6932.101887623469
15303.0,-6932.101369182269
15304.0,-6932.100850741069
15305.0,-6932.100332299869
15306.0,-6932.099813858668
15307.0,-6932.099295417468
15308.0,-6932.098776976268
15309.0,-6932.0982585350675
15310.0,-6932.097740093867
15311.0,-6932.097221652667
15312.0,-6932.096703211467
15313.0,-6932.0961847702665
15314.0,-6932.095666329066
15315.0,-6932.095147887866
15316.0,-6932.094629446666
15317.0,-6932.0941110054655
15318.0,-6932.093592564265
15319.0,-6932.093074123065
15320.0,-6932.092555681865
15321.0,-6932.0920372406645
15322.0,-6932.091518799464
15323.0,-6932.091000358264
15324.0,-6932.090481917064
15325.0,-6932.089963475863
15326.0,-6932.089445034663
15327.0,-6932.088926593463
15328.0,-6932.088408152263
15329.0,-6932.087889711062
15330.0,-6932.087371269862
15331.0,-6932.086852828662
15332.0,-6932.086334387462
15333.0,-6932.085815946261
15334.0,-6932.085297505061
15335.0,-6932.084779063861
15336.0,-6932.084260622661
15337.0,-6932.08374218146
15338.0,-6932.08322374026
15339.0,-6932.08270529906
15340.0,-6932.08218685786
15341.0,-6932.081668416659
15342.0,-6932.081149975459
15343.0,-6932.080631534259
15344.0,-6932.080113093059
15345.0,-6932.079594651858
15346.0,-6932.079076210658
15347.0,-6932.078557769458
15348.0,-6932.078039328258
15349.0,-6932.077520887057
15350.0,-6932.077002445857
15351.0,-6932.076484004657
15352.0,-6932.0759655634565
15353.0,-6932.075447122256
15354.0,-6932.074928681056
15355.0,-6932.074410239856
15356.0,-6932.0738917986555
15357.0,-6932.073373357455
15358.0,-6932.072854916255
15359.0,-6932.072336475055
15360.0,-6932.0718180338545
15361.0,-6932.026376922925
15362.0,-6931.9809358119965
15363.0,-6931.935494701068
15364.0,-6931.890053590138
15365.0,-6931.84461247921
15366.0,-6931.799171368281
15367.0,-6931.753730257352
15368.0,-6931.708289146423
15369.0,-6931.662848035495
15370.0,-6931.617406924565
15371.0,-6931.571965813637
15372.0,-6931.526524702708
15373.0,-6931.481083591779
15374.0,-6931.43564248085
15375.0,-6931.390201369922
15376.0,-6931.344760258992
15377.0,-6931.299319148064
15378.0,-6931.253878037135
15379.0,-6931.208436926206
15380.0,-6931.162995815277
15381.0,-6931.117554704349
15382.0,-6931.072113593419
15383.0,-6931.0266724824905
15384.0,-6930.981231371562
15385.0,-6930.9357902606325
15386.0,-6930.890349149704
15387.0,-6930.844908038775
15388.0,-6930.799466927846
15389.0,-6930.754025816917
15390.0,-6930.708584705989
15391.0,-6930.663143595059
15392.0,-6930.617702484131
15393.0,-6930.572261373202
15394.0,-6930.526820262273
15395.0,-6930.481379151344
15396.0,-6930.435938040416
15397.0,-6930.390496929486
15398.0,-6930.345055818558
15399.0,-6930.299614707629
15400.0,-6930.2541735967
15401.0,-6930.208732485771
15402.0,-6930.163291374843
15403.0,-6930.117850263913
15404.0,-6930.072409152985
15405.0,-6930.026968042056
15406.0,-6929.981526931127
15407.0,-6929.936085820198
15408.0,-6929.8906447092695
15409.0,-6929.84520359834
15410.0,-6929.7997624874115
15411.0,-6929.754321376483
15412.0,-6929.7088802655535
15413.0,-6929.663439154625
15414.0,-6929.617998043696
15415.0,-6929.572556932767
15416.0,-6929.527115821838
15417.0,-6929.48167471091
15418.0,-6929.43623359998
15419.0,-6929.390792489052
15420.0,-6929.345351378123
15421.0,-6929.299910267194
15422.0,-6929.254469156265
15423.0,-6929.209028045337
15424.0,-6929.163586934407
15425.0,-6929.118145823479
15426.0,-6929.07270471255
15427.0,-6929.027263601621
15428.0,-6928.981822490692
15429.0,-6928.936381379764
15430.0,-6928.890940268834
15431.0,-6928.845499157906
15432.0,-6928.800058046977
15433.0,-6928.754616936048
15434.0,-6928.709175825119
15435.0,-6928.6637347141905
15436.0,-6928.618293603261
15437.0,-6928.5728524923325
15438.0,-6928.527411381404
15439.0,-6928.481970270474
15440.0,-6928.436529159546
15441.0,-6928.391088048617
15442.0,-6928.345646937688
15443.0,-6928.300205826759
15444.0,-6928.254764715831
15445.0,-6928.209323604901
15446.0,-6928.163882493973
15447.0,-6928.118441383044
15448.0,-6928.073000272115
15449.0,-6928.027559161186
15450.0,-6927.982118050258
15451.0,-6927.936676939328
15452.0,-6927.8912358284
15453.0,-6927.845794717471
15454.0,-6927.800353606542
15455.0,-6927.754912495613
15456.0,-6927.709471384685
15457.0,-6927.664030273755
15458.0,-6927.6185891628265
15459.0,-6927.573148051898
15460.0,-6927.5277069409685
15461.0,-6927.48226583004
15462.0,-6927.436824719111
15463.0,-6927.391383608182
15464.0,-6927.345942497253
15465.0,-6927.300501386325
15466.0,-6927.255060275395
15467.0,-6927.209619164467
15468.0,-6927.164178053538
15469.0,-6927.118736942609
15470.0,-6927.07329583168
15471.0,-6927.027854720752
15472.0,-6926.982413609822
15473.0,-6926.936972498894
15474.0,-6926.891531387965
15475.0,-6926.846090277036
15476.0,-6926.800649166107
15477.0,-6926.755208055179
15478.0,-6926.709766944249
15479.0,-6926.664325833321
15480.0,-6926.618884722392
15481.0,-6926.573443611463
15482.0,-6926.528002500534
15483.0,-6926.4825613896055
15484.0,-6926.437120278676
15485.0,-6926.3916791677475
15486.0,-6926.346238056819
15487.0,-6926.3007969458895
15488.0,-6926.255355834961
15489.0,-6926.209914724032
15490.0,-6926.164473613103
15491.0,-6926.119032502174
15492.0,-6926.073591391246
15493.0,-6926.028150280316
15494.0,-6925.982709169388
15495.0,-6925.937268058459
15496.0,-6925.89182694753
15497.0,-6925.846385836601
15498.0,-6925.800944725673
15499.0,-6925.755503614743
15500.0,-6925.710062503815
15501.0,-6925.664621392886
15502.0,-6925.619180281957
15503.0,-6925.573739171028
15504.0,-6925.5282980601
15505.0,-6925.48285694917
15506.0,-6925.437415838242
15507.0,-6925.391974727313
15508.0,-6925.346533616384
15509.0,-6925.301092505455
15510.0,-6925.2556513945265
15511.0,-6925.210210283597
15512.0,-6925.1647691726685
15513.0,-6925.11932806174
15514.0,-6925.07388695081
15515.0,-6925.028445839882
15516.0,-6924.983004728953
15517.0,-6924.937563618024
15518.0,-6924.892122507095
15519.0,-6924.846681396167
15520.0,-6924.801240285237
15521.0,-6924.755799174309
15522.0,-6924.71035806338
15523.0,-6924.664916952451
15524.0,-6924.619475841522
15525.0,-6924.574034730594
15526.0,-6924.528593619664
15527.0,-6924.483152508736
15528.0,-6924.437711397807
15529.0,-6924.392270286878
15530.0,-6924.346829175949
15531.0,-6924.301388065021
15532.0,-6924.255946954091
15533.0,-6924.2105058431625
15534.0,-6924.165064732234
15535.0,-6924.1196236213045
15536.0,-6924.074182510376
15537.0,-6924.028741399447
15538.0,-6923.983300288518
15539.0,-6923.937859177589
15540.0,-6923.892418066661
15541.0,-6923.846976955731
15542.0,-6923.801535844803
15543.0,-6923.756094733874
15544.0,-6923.710653622945
15545.0,-6923.665212512016
15546.0,-6923.619771401088
15547.0,-6923.574330290158
15548.0,-6923.52888917923
15549.0,-6923.483448068301
15550.0,-6923.438006957372
15551.0,-6923.392565846443
15552.0,-6923.347124735515
15553.0,-6923.301683624585
15554.0,-6923.256242513657
15555.0,-6923.210801402728
15556.0,-6923.165360291799
15557.0,-6923.11991918087
15558.0,-6923.0744780699415
15559.0,-6923.029036959012
15560.0,-6922.9835958480835
15561.0,-6922.938154737155
15562.0,-6922.8927136262255
15563.0,-6922.847272515297
15564.0,-6922.801831404368
15565.0,-6922.756390293439
15566.0,-6922.71094918251
15567.0,-6922.665508071582
15568.0,-6922.620066960652
15569.0,-6922.574625849724
15570.0,-6922.529184738795
15571.0,-6922.483743627866
15572.0,-6922.438302516937
15573.0,-6922.392861406009
15574.0,-6922.347420295079
15575.0,-6922.301979184151
15576.0,-6922.256538073222
15577.0,-6922.211096962293
15578.0,-6922.165655851364
15579.0,-6922.120214740436
15580.0,-6922.074773629506
15581.0,-6922.029332518578
15582.0,-6921.983891407649
15583.0,-6921.93845029672
15584.0,-6921.893009185791
15585.0,-6921.8475680748625
15586.0,-6921.802126963933
15587.0,-6921.7566858530045
15588.0,-6921.711244742076
15589.0,-6921.665803631146
15590.0,-6921.620362520218
15591.0,-6921.574921409289
15592.0,-6921.52948029836
15593.0,-6921.484039187431
15594.0,-6921.438598076503
15595.0,-6921.393156965573
15596.0,-6921.347715854645
15597.0,-6921.302274743716
15598.0,-6921.256833632787
15599.0,-6921.211392521858
15600.0,-6921.16595141093
15601.0,-6921.1205103
15602.0,-6921.075069189072
15603.0,-6921.029628078143
15604.0,-6920.984186967214
15605.0,-6920.938745856285
15606.0,-6920.8933047453565
15607.0,-6920.847863634427
15608.0,-6920.8024225234985
15609.0,-6920.75698141257
15610.0,-6920.7115403016405
15611.0,-6920.666099190712
15612.0,-6920.620658079783
15613.0,-6920.575216968854
15614.0,-6920.529775857925
15615.0,-6920.484334746997
15616.0,-6920.438893636067
15617.0,-6920.393452525139
15618.0,-6920.34801141421
15619.0,-6920.302570303281
15620.0,-6920.257129192352
15621.0,-6920.211688081424
15622.0,-6920.166246970494
15623.0,-6920.120805859566
15624.0,-6920.075364748637
15625.0,-6920.029923637708
15626.0,-6919.984482526779
15627.0,-6919.939041415851
15628.0,-6919.893600304921
15629.0,-6919.848159193993
15630.0,-6919.802718083064
15631.0,-6919.757276972135
15632.0,-6919.711835861206
15633.0,-6919.6663947502775
15634.0,-6919.620953639348
15635.0,-6919.5755125284195
15636.0,-6919.530071417491
15637.0,-6919.4846303065615
15638.0,-6919.439189195633
15639.0,-6919.393748084704
15640.0,-6919.348306973775
15641.0,-6919.302865862846
15642.0,-6919.257424751918
15643.0,-6919.211983640988
15644.0,-6919.16654253006
15645.0,-6919.121101419131
15646.0,-6919.075660308202
15647.0,-6919.030219197273
15648.0,-6918.984778086345
15649.0,-6918.939336975415
15650.0,-6918.893895864487
15651.0,-6918.848454753558
15652.0,-6918.803013642629
15653.0,-6918.7575725317
15654.0,-6918.712131420772
15655.0,-6918.666690309842
15656.0,-6918.621249198914
15657.0,-6918.575808087985
15658.0,-6918.530366977056
15659.0,-6918.484925866127
15660.0,-6918.4394847551985
15661.0,-6918.394043644269
15662.0,-6918.34860253334
15663.0,-6918.303161422412
15664.0,-6918.257720311482
15665.0,-6918.212279200554
15666.0,-6918.166838089625
15667.0,-6918.121396978696
15668.0,-6918.075955867767
15669.0,-6918.030514756839
15670.0,-6917.985073645909
15671.0,-6917.939632534981
15672.0,-6917.894191424052
15673.0,-6917.848750313123
15674.0,-6917.803309202194
15675.0,-6917.757868091266
15676.0,-6917.712426980336
15677.0,-6917.666985869408
15678.0,-6917.621544758479
15679.0,-6917.57610364755
15680.0,-6917.530662536621
15681.0,-6917.4852214256925
15682.0,-6917.439780314763
15683.0,-6917.3943392038345
15684.0,-6917.348898092906
15685.0,-6917.3034569819765
15686.0,-6917.258015871048
15687.0,-6917.212574760119
15688.0,-6917.16713364919
15689.0,-6917.121692538261
15690.0,-6917.076251427333
15691.0,-6917.030810316403
15692.0,-6916.985369205475
15693.0,-6916.939928094546
15694.0,-6916.894486983617
15695.0,-6916.849045872688
15696.0,-6916.80360476176
15697.0,-6916.75816365083
15698.0,-6916.712722539902
15699.0,-6916.667281428973
15700.0,-6916.621840318044
15701.0,-6916.576399207115
15702.0,-6916.530958096187
15703.0,-6916.485516985257
15704.0,-6916.440075874329
15705.0,-6916.3946347634
15706.0,-6916.349193652471
15707.0,-6916.303752541542
15708.0,-6916.2583114306135
15709.0,-6916.212870319684
15710.0,-6916.1674292087555
15711.0,-6916.121988097827
15712.0,-6916.0765469868975
15713.0,-6916.031105875969
15714.0,-6915.98566476504
15715.0,-6915.940223654111
15716.0,-6915.894782543182
15717.0,-6915.849341432254
15718.0,-6915.803900321324
15719.0,-6915.758459210396
15720.0,-6915.713018099467
15721.0,-6915.667576988538
15722.0,-6915.622135877609
15723.0,-6915.576694766681
15724.0,-6915.531253655751
15725.0,-6915.485812544823
15726.0,-6915.440371433894
15727.0,-6915.394930322965
15728.0,-6915.349489212036
15729.0,-6915.304048101108
15730.0,-6915.258606990178
15731.0,-6915.21316587925
15732.0,-6915.167724768321
15733.0,-6915.122283657392
15734.0,-6915.076842546463
15735.0,-6915.0314014355345
15736.0,-6914.985960324605
15737.0,-6914.940519213676
15738.0,-6914.895078102748
15739.0,-6914.849636991818
15740.0,-6914.80419588089
15741.0,-6914.758754769961
15742.0,-6914.713313659032
15743.0,-6914.667872548103
15744.0,-6914.622431437175
15745.0,-6914.576990326245
15746.0,-6914.531549215317
15747.0,-6914.486108104388
15748.0,-6914.440666993459
15749.0,-6914.39522588253
15750.0,-6914.349784771602
15751.0,-6914.304343660672
15752.0,-6914.258902549744
15753.0,-6914.213461438815
15754.0,-6914.168020327886
15755.0,-6914.122579216957
15756.0,-6914.0771381060285
15757.0,-6914.031696995099
15758.0,-6913.9862558841705
15759.0,-6913.940814773242
15760.0,-6913.8953736623125
15761.0,-6913.849932551384
15762.0,-6913.804491440455
15763.0,-6913.759050329526
15764.0,-6913.713609218597
15765.0,-6913.668168107669
15766.0,-6913.622726996739
15767.0,-6913.577285885811
15768.0,-6913.531844774882
15769.0,-6913.486403663953
15770.0,-6913.440962553024
15771.0,-6913.395521442096
15772.0,-6913.350080331166
15773.0,-6913.304639220238
15774.0,-6913.259198109309
15775.0,-6913.21375699838
15776.0,-6913.168315887451
15777.0,-6913.122874776523
15778.0,-6913.077433665593
15779.0,-6913.031992554665
15780.0,-6912.986551443736
15781.0,-6912.941110332807
15782.0,-6912.895669221878
15783.0,-6912.8502281109495
15784.0,-6912.80478700002
15785.0,-6912.7593458890915
15786.0,-6912.713904778163
15787.0,-6912.6684636672335
15788.0,-6912.623022556305
15789.0,-6912.577581445376
15790.0,-6912.532140334447
15791.0,-6912.486699223518
15792.0,-6912.44125811259
15793.0,-6912.39581700166
15794.0,-6912.350375890732
15795.0,-6912.304934779803
15796.0,-6912.259493668874
15797.0,-6912.214052557945
15798.0,-6912.168611447017
15799.0,-6912.123170336087
15800.0,-6912.077729225159
15801.0,-6912.03228811423
15802.0,-6911.986847003301
15803.0,-6911.941405892372
15804.0,-6911.895964781444
15805.0,-6911.850523670514
15806.0,-6911.805082559586
15807.0,-6911.759641448657
15808.0,-6911.714200337728
15809.0,-6911.668759226799
15810.0,-6911.6233181158705
15811.0,-6911.577877004941
15812.0,-6911.532435894012
15813.0,-6911.486994783084
15814.0,-6911.441553672154
15815.0,-6911.396112561226
15816.0,-6911.350671450297
15817.0,-6911.305230339368
15818.0,-6911.259789228439
15819.0,-6911.214348117511
15820.0,-6911.168907006581
15821.0,-6911.123465895653
15822.0,-6911.078024784724
15823.0,-6911.032583673795
15824.0,-6910.987142562866
15825.0,-6910.941701451938
15826.0,-6910.896260341008
15827.0,-6910.85081923008
15828.0,-6910.805378119151
15829.0,-6910.759937008222
15830.0,-6910.714495897293
15831.0,-6910.6690547863645
15832.0,-6910.623613675435
15833.0,-6910.5781725645065
15834.0,-6910.532731453578
15835.0,-6910.4872903426485
15836.0,-6910.44184923172
15837.0,-6910.396408120791
15838.0,-6910.350967009862
15839.0,-6910.305525898933
15840.0,-6910.260084788005
15841.0,-6910.214643677075
15842.0,-6910.169202566147
15843.0,-6910.123761455218
15844.0,-6910.078320344289
15845.0,-6910.03287923336
15846.0,-6909.987438122432
15847.0,-6909.941997011502
15848.0,-6909.896555900574
15849.0,-6909.851114789645
15850.0,-6909.805673678716
15851.0,-6909.760232567787
15852.0,-6909.714791456859
15853.0,-6909.669350345929
15854.0,-6909.623909235001
15855.0,-6909.578468124072
15856.0,-6909.533027013143
15857.0,-6909.487585902214
15858.0,-6909.4421447912855
15859.0,-6909.396703680356
15860.0,-6909.3512625694275
15861.0,-6909.305821458499
15862.0,-6909.2603803475695
15863.0,-6909.214939236641
15864.0,-6909.169498125712
15865.0,-6909.124057014783
15866.0,-6909.078615903854
15867.0,-6909.033174792926
15868.0,-6908.987733681996
15869.0,-6908.942292571068
15870.0,-6908.896851460139
15871.0,-6908.85141034921
15872.0,-6908.805969238281
15873.0,-6908.760528127353
15874.0,-6908.715087016423
15875.0,-6908.669645905495
15876.0,-6908.624204794566
15877.0,-6908.578763683637
15878.0,-6908.533322572708
15879.0,-6908.48788146178
15880.0,-6908.44244035085
15881.0,-6908.396999239922
15882.0,-6908.351558128993
15883.0,-6908.306117018064
15884.0,-6908.260675907135
15885.0,-6908.2152347962065
15886.0,-6908.169793685277
15887.0,-6908.124352574348
15888.0,-6908.07891146342
15889.0,-6908.03347035249
15890.0,-6907.988029241562
15891.0,-6907.942588130633
15892.0,-6907.897147019704
15893.0,-6907.851705908775
15894.0,-6907.806264797847
15895.0,-6907.760823686917
15896.0,-6907.715382575989
15897.0,-6907.66994146506
15898.0,-6907.624500354131
15899.0,-6907.579059243202
15900.0,-6907.533618132274
15901.0,-6907.488177021344
15902.0,-6907.442735910416
15903.0,-6907.397294799487
15904.0,-6907.351853688558
15905.0,-6907.306412577629
15906.0,-6907.2609714667005
15907.0,-6907.215530355771
15908.0,-6907.1700892448425
15909.0,-6907.124648133914
15910.0,-6907.0792070229845
15911.0,-6907.033765912056
15912.0,-6906.988324801127
15913.0,-6906.942883690198
15914.0,-6906.897442579269
15915.0,-6906.852001468341
15916.0,-6906.806560357411
15917.0,-6906.761119246483
15918.0,-6906.715678135554
15919.0,-6906.670237024625
15920.0,-6906.624795913696
15921.0,-6906.579354802768
15922.0,-6906.533913691838
15923.0,-6906.48847258091
15924.0,-6906.443031469981
15925.0,-6906.397590359052
15926.0,-6906.352149248123
15927.0,-6906.306708137195
15928.0,-6906.261267026265
15929.0,-6906.215825915337
15930.0,-6906.170384804408
15931.0,-6906.124943693479
15932.0,-6906.07950258255
15933.0,-6906.0340614716215
15934.0,-6905.988620360692
15935.0,-6905.9431792497635
15936.0,-6905.897738138835
15937.0,-6905.8522970279055
15938.0,-6905.806855916977
15939.0,-6905.761414806048
15940.0,-6905.715973695119
15941.0,-6905.67053258419
15942.0,-6905.625091473262
15943.0,-6905.579650362332
15944.0,-6905.534209251404
15945.0,-6905.488768140475
15946.0,-6905.443327029546
15947.0,-6905.397885918617
15948.0,-6905.352444807689
15949.0,-6905.307003696759
15950.0,-6905.261562585831
15951.0,-6905.216121474902
15952.0,-6905.170680363973
15953.0,-6905.125239253044
15954.0,-6905.079798142116
15955.0,-6905.034357031186
15956.0,-6904.988915920258
15957.0,-6904.943474809329
15958.0,-6904.8980336984
15959.0,-6904.852592587471
15960.0,-6904.8071514765425
15961.0,-6904.761710365613
15962.0,-6904.716269254684
15963.0,-6904.670828143756
15964.0,-6904.625387032826
15965.0,-6904.579945921898
15966.0,-6904.534504810969
15967.0,-6904.48906370004
15968.0,-6904.443622589111
15969.0,-6904.398181478183
15970.0,-6904.352740367253
15971.0,-6904.307299256325
15972.0,-6904.261858145396
15973.0,-6904.216417034467
15974.0,-6904.170975923538
15975.0,-6904.12553481261
15976.0,-6904.08009370168
15977.0,-6904.034652590752
15978.0,-6903.989211479823
15979.0,-6903.943770368894
15980.0,-6903.898329257965
15981.0,-6903.8528881470365
15982.0,-6903.807447036107
15983.0,-6903.7620059251785
15984.0,-6903.71656481425
15985.0,-6903.6711237033205
15986.0,-6903.625682592392
15987.0,-6903.580241481463
15988.0,-6903.534800370534
15989.0,-6903.489359259605
15990.0,-6903.443918148677
15991.0,-6903.398477037747
15992.0,-6903.353035926819
15993.0,-6903.30759481589
15994.0,-6903.262153704961
15995.0,-6903.216712594032
15996.0,-6903.171271483104
15997.0,-6903.125830372174
15998.0,-6903.080389261246
15999.0,-6903.034948150317
16000.0,-6902.989507039388
16001.0,-6902.944065928459
16002.0,-6902.898624817531
16003.0,-6902.853183706601
16004.0,-6902.807742595673
16005.0,-6902.762301484744
16006.0,-6902.716860373815
16007.0,-6902.671419262886
16008.0,-6902.6259781519575
16009.0,-6902.580537041028
16010.0,-6902.5350959300995
16011.0,-6902.489654819171
16012.0,-6902.4442137082415
16013.0,-6902.398772597313
16014.0,-6902.353331486384
16015.0,-6902.307890375455
16016.0,-6902.262449264526
16017.0,-6902.217008153598
16018.0,-6902.171567042668
16019.0,-6902.12612593174
16020.0,-6902.080684820811
16021.0,-6902.035243709882
16022.0,-6901.989802598953
16023.0,-6901.944361488025
16024.0,-6901.898920377095
16025.0,-6901.853479266167
16026.0,-6901.808038155238
16027.0,-6901.762597044309
16028.0,-6901.71715593338
16029.0,-6901.671714822452
16030.0,-6901.626273711522
16031.0,-6901.580832600594
16032.0,-6901.535391489665
16033.0,-6901.489950378736
16034.0,-6901.444509267807
16035.0,-6901.3990681568785
16036.0,-6901.353627045949
16037.0,-6901.30818593502
16038.0,-6901.262744824092
16039.0,-6901.217303713162
16040.0,-6901.171862602234
16041.0,-6901.126421491305
16042.0,-6901.080980380376
16043.0,-6901.035539269447
16044.0,-6900.990098158519
16045.0,-6900.944657047589
16046.0,-6900.899215936661
16047.0,-6900.853774825732
16048.0,-6900.808333714803
16049.0,-6900.762892603874
16050.0,-6900.717451492946
16051.0,-6900.672010382016
16052.0,-6900.626569271088
16053.0,-6900.581128160159
16054.0,-6900.53568704923
16055.0,-6900.490245938301
16056.0,-6900.4448048273725
16057.0,-6900.399363716443
16058.0,-6900.3539226055145
16059.0,-6900.308481494586
16060.0,-6900.2630403836565
16061.0,-6900.217599272728
16062.0,-6900.172158161799
16063.0,-6900.12671705087
16064.0,-6900.081275939941
16065.0,-6900.035834829013
16066.0,-6899.990393718083
16067.0,-6899.944952607155
16068.0,-6899.899511496226
16069.0,-6899.854070385297
16070.0,-6899.808629274368
16071.0,-6899.76318816344
16072.0,-6899.71774705251
16073.0,-6899.672305941582
16074.0,-6899.626864830653
16075.0,-6899.581423719724
16076.0,-6899.535982608795
16077.0,-6899.490541497867
16078.0,-6899.445100386937
16079.0,-6899.399659276009
16080.0,-6899.35421816508
16081.0,-6899.308777054151
16082.0,-6899.263335943222
16083.0,-6899.2178948322935
16084.0,-6899.172453721364
16085.0,-6899.1270126104355
16086.0,-6899.081571499507
16087.0,-6899.0361303885775
16088.0,-6898.990689277649
16089.0,-6898.94524816672
16090.0,-6898.899807055791
16091.0,-6898.854365944862
16092.0,-6898.808924833934
16093.0,-6898.763483723004
16094.0,-6898.718042612076
16095.0,-6898.672601501147
16096.0,-6898.627160390218
16097.0,-6898.581719279289
16098.0,-6898.536278168361
16099.0,-6898.490837057431
16100.0,-6898.445395946503
16101.0,-6898.399954835574
16102.0,-6898.354513724645
16103.0,-6898.309072613716
16104.0,-6898.263631502788
16105.0,-6898.218190391858
16106.0,-6898.17274928093
16107.0,-6898.127308170001
16108.0,-6898.081867059072
16109.0,-6898.036425948143
16110.0,-6897.9909848372145
16111.0,-6897.945543726285
16112.0,-6897.900102615356
16113.0,-6897.854661504428
16114.0,-6897.809220393498
16115.0,-6897.76377928257
16116.0,-6897.718338171641
16117.0,-6897.672897060712
16118.0,-6897.627455949783
16119.0,-6897.582014838855
16120.0,-6897.536573727925
16121.0,-6897.491132616997
16122.0,-6897.445691506068
16123.0,-6897.400250395139
16124.0,-6897.35480928421
16125.0,-6897.309368173282
16126.0,-6897.263927062352
16127.0,-6897.218485951424
16128.0,-6897.173044840495
16129.0,-6897.127603729566
16130.0,-6897.082162618637
16131.0,-6897.0367215077085
16132.0,-6896.991280396779
16133.0,-6896.9458392858505
16134.0,-6896.900398174922
16135.0,-6896.8549570639925
16136.0,-6896.809515953064
16137.0,-6896.764074842135
16138.0,-6896.718633731206
16139.0,-6896.673192620277
16140.0,-6896.627751509349
16141.0,-6896.582310398419
16142.0,-6896.536869287491
16143.0,-6896.491428176562
16144.0,-6896.445987065633
16145.0,-6896.400545954704
16146.0,-6896.355104843776
16147.0,-6896.309663732846
16148.0,-6896.264222621918
16149.0,-6896.218781510989
16150.0,-6896.17334040006
16151.0,-6896.127899289131
16152.0,-6896.082458178203
16153.0,-6896.037017067273
16154.0,-6895.991575956345
16155.0,-6895.946134845416
16156.0,-6895.900693734487
16157.0,-6895.855252623558
16158.0,-6895.8098115126295
16159.0,-6895.7643704017
16160.0,-6895.7189292907715
16161.0,-6895.673488179843
16162.0,-6895.6280470689135
16163.0,-6895.582605957985
16164.0,-6895.537164847056
16165.0,-6895.491723736127
16166.0,-6895.446282625198
16167.0,-6895.40084151427
16168.0,-6895.35540040334
16169.0,-6895.309959292412
16170.0,-6895.264518181483
16171.0,-6895.219077070554
16172.0,-6895.173635959625
16173.0,-6895.128194848697
16174.0,-6895.082753737767
16175.0,-6895.037312626839
16176.0,-6894.99187151591
16177.0,-6894.946430404981
16178.0,-6894.900989294052
16179.0,-6894.855548183124
16180.0,-6894.810107072194
16181.0,-6894.764665961266
16182.0,-6894.719224850337
16183.0,-6894.673783739408
16184.0,-6894.628342628479
16185.0,-6894.58290151755
16186.0,-6894.537460406621
16187.0,-6894.492019295692
16188.0,-6894.446578184764
16189.0,-6894.401137073834
16190.0,-6894.355695962906
16191.0,-6894.310254851977
16192.0,-6894.264813741048
16193.0,-6894.219372630119
16194.0,-6894.173931519191
16195.0,-6894.128490408261
16196.0,-6894.083049297333
16197.0,-6894.037608186404
16198.0,-6893.992167075475
16199.0,-6893.946725964546
16200.0,-6893.901284853618
16201.0,-6893.855843742688
16202.0,-6893.81040263176
16203.0,-6893.764961520831
16204.0,-6893.719520409902
16205.0,-6893.674079298973
16206.0,-6893.6286381880445
16207.0,-6893.583197077115
16208.0,-6893.5377559661865
16209.0,-6893.492314855258
16210.0,-6893.4468737443285
16211.0,-6893.4014326334
16212.0,-6893.355991522471
16213.0,-6893.310550411542
16214.0,-6893.265109300613
16215.0,-6893.219668189685
16216.0,-6893.174227078755
16217.0,-6893.128785967827
16218.0,-6893.083344856898
16219.0,-6893.037903745969
16220.0,-6892.99246263504
16221.0,-6892.947021524112
16222.0,-6892.901580413182
16223.0,-6892.856139302254
16224.0,-6892.810698191325
16225.0,-6892.765257080396
16226.0,-6892.719815969467
16227.0,-6892.674374858539
16228.0,-6892.628933747609
16229.0,-6892.583492636681
16230.0,-6892.538051525752
16231.0,-6892.492610414823
16232.0,-6892.447169303894
16233.0,-6892.4017281929655
16234.0,-6892.356287082036
16235.0,-6892.3108459711075
16236.0,-6892.265404860179
16237.0,-6892.2199637492495
16238.0,-6892.174522638321
16239.0,-6892.129081527392
16240.0,-6892.083640416463
16241.0,-6892.038199305534
16242.0,-6891.992758194606
16243.0,-6891.947317083676
16244.0,-6891.901875972748
16245.0,-6891.856434861819
16246.0,-6891.81099375089
16247.0,-6891.765552639961
16248.0,-6891.720111529033
16249.0,-6891.674670418103
16250.0,-6891.629229307175
16251.0,-6891.583788196246
16252.0,-6891.538347085317
16253.0,-6891.492905974388
16254.0,-6891.44746486346
16255.0,-6891.40202375253
16256.0,-6891.356582641602
16257.0,-6891.311141530673
16258.0,-6891.265700419744
16259.0,-6891.220259308815
16260.0,-6891.174818197886
16261.0,-6891.129377086957
16262.0,-6891.083935976028
16263.0,-6891.0384948651
16264.0,-6890.99305375417
16265.0,-6890.947612643242
16266.0,-6890.902171532313
16267.0,-6890.856730421384
16268.0,-6890.811289310455
16269.0,-6890.765848199527
16270.0,-6890.720407088597
16271.0,-6890.674965977669
16272.0,-6890.62952486674
16273.0,-6890.584083755811
16274.0,-6890.538642644882
16275.0,-6890.493201533954
16276.0,-6890.447760423024
16277.0,-6890.402319312096
16278.0,-6890.356878201167
16279.0,-6890.311437090238
16280.0,-6890.265995979309
16281.0,-6890.2205548683805
16282.0,-6890.175113757451
16283.0,-6890.1296726465225
16284.0,-6890.084231535594
16285.0,-6890.0387904246645
16286.0,-6889.993349313736
16287.0,-6889.947908202807
16288.0,-6889.902467091878
16289.0,-6889.857025980949
16290.0,-6889.811584870021
16291.0,-6889.766143759091
16292.0,-6889.720702648163
16293.0,-6889.675261537234
16294.0,-6889.629820426305
16295.0,-6889.584379315376
16296.0,-6889.538938204448
16297.0,-6889.493497093518
16298.0,-6889.44805598259
16299.0,-6889.402614871661
16300.0,-6889.357173760732
16301.0,-6889.311732649803
16302.0,-6889.266291538875
16303.0,-6889.220850427945
16304.0,-6889.175409317017
16305.0,-6889.129968206088
16306.0,-6889.084527095159
16307.0,-6889.03908598423
16308.0,-6888.9936448733015
16309.0,-6888.948203762372
16310.0,-6888.9027626514435
16311.0,-6888.857321540515
16312.0,-6888.8118804295855
16313.0,-6888.766439318657
16314.0,-6888.720998207728
16315.0,-6888.675557096799
16316.0,-6888.63011598587
16317.0,-6888.584674874942
16318.0,-6888.539233764012
16319.0,-6888.493792653084
16320.0,-6888.448351542155
16321.0,-6888.402910431226
16322.0,-6888.357469320297
16323.0,-6888.312028209369
16324.0,-6888.266587098439
16325.0,-6888.221145987511
16326.0,-6888.175704876582
16327.0,-6888.130263765653
16328.0,-6888.084822654724
16329.0,-6888.039381543796
16330.0,-6887.993940432866
16331.0,-6887.948499321938
16332.0,-6887.903058211009
16333.0,-6887.85761710008
16334.0,-6887.812175989151
16335.0,-6887.766734878222
16336.0,-6887.721293767293
16337.0,-6887.675852656364
16338.0,-6887.630411545436
16339.0,-6887.584970434506
16340.0,-6887.539529323578
16341.0,-6887.494088212649
16342.0,-6887.44864710172
16343.0,-6887.403205990791
16344.0,-6887.357764879863
16345.0,-6887.312323768933
16346.0,-6887.266882658005
16347.0,-6887.221441547076
16348.0,-6887.176000436147
16349.0,-6887.130559325218
16350.0,-6887.08511821429
16351.0,-6887.03967710336
16352.0,-6886.994235992432
16353.0,-6886.948794881503
16354.0,-6886.903353770574
16355.0,-6886.857912659645
16356.0,-6886.8124715487165
16357.0,-6886.767030437787
16358.0,-6886.7215893268585
16359.0,-6886.67614821593
16360.0,-6886.6307071050005
16361.0,-6886.585265994072
16362.0,-6886.539824883143
16363.0,-6886.494383772214
16364.0,-6886.448942661285
16365.0,-6886.403501550357
16366.0,-6886.358060439427
16367.0,-6886.312619328499
16368.0,-6886.26717821757
16369.0,-6886.221737106641
16370.0,-6886.176295995712
16371.0,-6886.130854884784
16372.0,-6886.085413773854
16373.0,-6886.039972662926
16374.0,-6885.994531551997
16375.0,-6885.949090441068
16376.0,-6885.903649330139
16377.0,-6885.858208219211
16378.0,-6885.812767108281
16379.0,-6885.767325997353
16380.0,-6885.721884886424
16381.0,-6885.676443775495
16382.0,-6885.631002664566
16383.0,-6885.5855615536375
16384.0,-6885.540120442708
16385.0,-6885.553878198068
16386.0,-6885.567635953426
16387.0,-6885.581393708785
16388.0,-6885.595151464145
16389.0,-6885.608909219503
16390.0,-6885.622666974862
16391.0,-6885.636424730222
16392.0,-6885.65018248558
16393.0,-6885.663940240939
16394.0,-6885.677697996299
16395.0,-6885.6914557516575
16396.0,-6885.705213507016
16397.0,-6885.718971262376
16398.0,-6885.7327290177345
16399.0,-6885.746486773093
16400.0,-6885.760244528453
16401.0,-6885.774002283812
16402.0,-6885.78776003917
16403.0,-6885.80151779453
16404.0,-6885.815275549889
16405.0,-6885.829033305247
16406.0,-6885.842791060607
16407.0,-6885.856548815966
16408.0,-6885.870306571324
16409.0,-6885.884064326684
16410.0,-6885.897822082043
16411.0,-6885.911579837401
16412.0,-6885.925337592761
16413.0,-6885.93909534812
16414.0,-6885.952853103478
16415.0,-6885.966610858838
16416.0,-6885.980368614197
16417.0,-6885.9941263695555
16418.0,-6886.007884124915
16419.0,-6886.021641880274
16420.0,-6886.0353996356325
16421.0,-6886.049157390992
16422.0,-6886.062915146351
16423.0,-6886.07667290171
16424.0,-6886.090430657069
16425.0,-6886.104188412428
16426.0,-6886.117946167787
16427.0,-6886.131703923146
16428.0,-6886.145461678505
16429.0,-6886.159219433864
16430.0,-6886.172977189223
16431.0,-6886.186734944582
16432.0,-6886.200492699941
16433.0,-6886.2142504553
16434.0,-6886.228008210659
16435.0,-6886.241765966018
16436.0,-6886.255523721377
16437.0,-6886.269281476736
16438.0,-6886.283039232095
16439.0,-6886.296796987454
16440.0,-6886.310554742813
16441.0,-6886.324312498172
16442.0,-6886.338070253531
16443.0,-6886.35182800889
16444.0,-6886.365585764249
16445.0,-6886.3793435196085
16446.0,-6886.393101274967
16447.0,-6886.406859030326
16448.0,-6886.4206167856855
16449.0,-6886.434374541044
16450.0,-6886.448132296403
16451.0,-6886.461890051763
16452.0,-6886.475647807121
16453.0,-6886.48940556248
16454.0,-6886.50316331784
16455.0,-6886.516921073198
16456.0,-6886.530678828557
16457.0,-6886.544436583917
16458.0,-6886.558194339275
16459.0,-6886.571952094634
16460.0,-6886.585709849994
16461.0,-6886.599467605352
16462.0,-6886.613225360711
16463.0,-6886.626983116071
16464.0,-6886.640740871429
16465.0,-6886.654498626788
16466.0,-6886.668256382148
16467.0,-6886.6820141375065
16468.0,-6886.695771892865
16469.0,-6886.709529648225
16470.0,-6886.7232874035835
16471.0,-6886.737045158942
16472.0,-6886.750802914302
16473.0,-6886.764560669661
16474.0,-6886.778318425019
16475.0,-6886.792076180379
16476.0,-6886.805833935738
16477.0,-6886.819591691096
16478.0,-6886.833349446456
16479.0,-6886.847107201815
16480.0,-6886.860864957173
16481.0,-6886.874622712533
16482.0,-6886.888380467892
16483.0,-6886.90213822325
16484.0,-6886.91589597861
16485.0,-6886.929653733969
16486.0,-6886.943411489327
16487.0,-6886.957169244687
16488.0,-6886.970927000046
16489.0,-6886.9846847554045
16490.0,-6886.998442510764
16491.0,-6887.012200266123
16492.0,-6887.0259580214815
16493.0,-6887.039715776841
16494.0,-6887.0534735322
16495.0,-6887.067231287559
16496.0,-6887.080989042918
16497.0,-6887.094746798277
16498.0,-6887.108504553636
16499.0,-6887.122262308995
16500.0,-6887.136020064354
16501.0,-6887.149777819713
16502.0,-6887.163535575072
16503.0,-6887.177293330431
16504.0,-6887.19105108579
16505.0,-6887.204808841149
16506.0,-6887.218566596508
16507.0,-6887.232324351867
16508.0,-6887.246082107226
16509.0,-6887.259839862585
16510.0,-6887.273597617944
16511.0,-6887.287355373303
16512.0,-6887.301113128662
16513.0,-6887.314870884021
16514.0,-6887.32862863938
16515.0,-6887.342386394739
16516.0,-6887.356144150098
16517.0,-6887.3699019054575
16518.0,-6887.383659660816
16519.0,-6887.397417416175
16520.0,-6887.4111751715345
16521.0,-6887.424932926893
16522.0,-6887.438690682252
16523.0,-6887.452448437612
16524.0,-6887.46620619297
16525.0,-6887.479963948329
16526.0,-6887.493721703689
16527.0,-6887.507479459047
16528.0,-6887.521237214406
16529.0,-6887.534994969766
16530.0,-6887.548752725124
16531.0,-6887.562510480483
16532.0,-6887.576268235843
16533.0,-6887.590025991201
16534.0,-6887.60378374656
16535.0,-6887.61754150192
16536.0,-6887.631299257278
16537.0,-6887.645057012637
16538.0,-6887.658814767997
16539.0,-6887.6725725233555
16540.0,-6887.686330278714
16541.0,-6887.700088034074
16542.0,-6887.7138457894325
16543.0,-6887.727603544791
16544.0,-6887.741361300151
16545.0,-6887.75511905551
16546.0,-6887.768876810868
16547.0,-6887.782634566228
16548.0,-6887.796392321587
16549.0,-6887.810150076945
16550.0,-6887.823907832305
16551.0,-6887.837665587664
16552.0,-6887.851423343022
16553.0,-6887.865181098382
16554.0,-6887.878938853741
16555.0,-6887.892696609099
16556.0,-6887.906454364459
16557.0,-6887.920212119818
16558.0,-6887.933969875176
16559.0,-6887.947727630536
16560.0,-6887.961485385895
16561.0,-6887.9752431412535
16562.0,-6887.989000896613
16563.0,-6888.002758651972
16564.0,-6888.0165164073305
16565.0,-6888.03027416269
16566.0,-6888.044031918049
16567.0,-6888.057789673408
16568.0,-6888.071547428767
16569.0,-6888.085305184126
16570.0,-6888.099062939485
16571.0,-6888.112820694844
16572.0,-6888.126578450203
16573.0,-6888.140336205562
16574.0,-6888.154093960921
16575.0,-6888.16785171628
16576.0,-6888.181609471639
16577.0,-6888.195367226998
16578.0,-6888.209124982357
16579.0,-6888.222882737716
16580.0,-6888.236640493075
16581.0,-6888.250398248434
16582.0,-6888.264156003793
16583.0,-6888.277913759152
16584.0,-6888.291671514511
16585.0,-6888.30542926987
16586.0,-6888.319187025229
16587.0,-6888.332944780588
16588.0,-6888.346702535947
16589.0,-6888.3604602913065
16590.0,-6888.374218046665
16591.0,-6888.387975802024
16592.0,-6888.4017335573835
16593.0,-6888.415491312742
16594.0,-6888.429249068101
16595.0,-6888.443006823461
16596.0,-6888.456764578819
16597.0,-6888.470522334178
16598.0,-6888.484280089538
16599.0,-6888.498037844896
16600.0,-6888.511795600255
16601.0,-6888.525553355615
16602.0,-6888.539311110973
16603.0,-6888.553068866332
16604.0,-6888.566826621692
16605.0,-6888.58058437705
16606.0,-6888.594342132409
16607.0,-6888.608099887769
16608.0,-6888.621857643127
16609.0,-6888.635615398486
16610.0,-6888.649373153846
16611.0,-6888.6631309092045
16612.0,-6888.676888664563
16613.0,-6888.690646419923
16614.0,-6888.7044041752815
16615.0,-6888.71816193064
16616.0,-6888.731919686
16617.0,-6888.745677441359
16618.0,-6888.759435196717
16619.0,-6888.773192952077
16620.0,-6888.786950707436
16621.0,-6888.800708462794
16622.0,-6888.814466218154
16623.0,-6888.828223973513
16624.0,-6888.841981728871
16625.0,-6888.855739484231
16626.0,-6888.86949723959
16627.0,-6888.883254994948
16628.0,-6888.897012750308
16629.0,-6888.910770505667
16630.0,-6888.924528261025
16631.0,-6888.938286016385
16632.0,-6888.952043771744
16633.0,-6888.9658015271025
16634.0,-6888.979559282462
16635.0,-6888.993317037821
16636.0,-6889.0070747931795
16637.0,-6889.020832548539
16638.0,-6889.034590303898
16639.0,-6889.048348059257
16640.0,-6889.062105814616
16641.0,-6889.075863569975
16642.0,-6889.089621325334
16643.0,-6889.103379080693
16644.0,-6889.117136836052
16645.0,-6889.130894591411
16646.0,-6889.14465234677
16647.0,-6889.158410102129
16648.0,-6889.172167857488
16649.0,-6889.185925612847
16650.0,-6889.199683368206
16651.0,-6889.213441123565
16652.0,-6889.227198878924
16653.0,-6889.240956634283
16654.0,-6889.254714389642
16655.0,-6889.268472145001
16656.0,-6889.28222990036
16657.0,-6889.295987655719
16658.0,-6889.309745411078
16659.0,-6889.323503166437
16660.0,-6889.337260921796
16661.0,-6889.3510186771555
16662.0,-6889.364776432514
16663.0,-6889.378534187873
16664.0,-6889.3922919432325
16665.0,-6889.406049698591
16666.0,-6889.41980745395
16667.0,-6889.43356520931
16668.0,-6889.447322964668
16669.0,-6889.461080720027
16670.0,-6889.474838475387
16671.0,-6889.488596230745
16672.0,-6889.502353986104
16673.0,-6889.516111741464
16674.0,-6889.529869496822
16675.0,-6889.543627252181
16676.0,-6889.557385007541
16677.0,-6889.571142762899
16678.0,-6889.584900518258
16679.0,-6889.598658273618
16680.0,-6889.612416028976
16681.0,-6889.626173784335
16682.0,-6889.639931539695
16683.0,-6889.6536892950535
16684.0,-6889.667447050412
16685.0,-6889.681204805772
16686.0,-6889.6949625611305
16687.0,-6889.708720316489
16688.0,-6889.722478071849
16689.0,-6889.736235827208
16690.0,-6889.749993582566
16691.0,-6889.763751337926
16692.0,-6889.777509093285
16693.0,-6889.791266848643
16694.0,-6889.805024604003
16695.0,-6889.818782359362
16696.0,-6889.83254011472
16697.0,-6889.84629787008
16698.0,-6889.860055625439
16699.0,-6889.873813380797
16700.0,-6889.887571136157
16701.0,-6889.901328891516
16702.0,-6889.915086646874
16703.0,-6889.928844402234
16704.0,-6889.942602157593
16705.0,-6889.9563599129515
16706.0,-6889.970117668311
16707.0,-6889.98387542367
16708.0,-6889.9976331790285
16709.0,-6890.011390934388
16710.0,-6890.025148689747
16711.0,-6890.038906445106
16712.0,-6890.052664200465
16713.0,-6890.066421955824
16714.0,-6890.080179711183
16715.0,-6890.093937466542
16716.0,-6890.107695221901
16717.0,-6890.12145297726
16718.0,-6890.135210732619
16719.0,-6890.148968487978
16720.0,-6890.162726243337
16721.0,-6890.176483998696
16722.0,-6890.190241754055
16723.0,-6890.203999509414
16724.0,-6890.217757264773
16725.0,-6890.231515020132
16726.0,-6890.245272775491
16727.0,-6890.25903053085
16728.0,-6890.272788286209
16729.0,-6890.286546041568
16730.0,-6890.300303796927
16731.0,-6890.314061552286
16732.0,-6890.327819307645
16733.0,-6890.3415770630045
16734.0,-6890.355334818363
16735.0,-6890.369092573722
16736.0,-6890.3828503290815
16737.0,-6890.39660808444
16738.0,-6890.410365839799
16739.0,-6890.424123595159
16740.0,-6890.437881350517
16741.0,-6890.451639105876
16742.0,-6890.465396861236
16743.0,-6890.479154616594
16744.0,-6890.492912371953
16745.0,-6890.506670127313
16746.0,-6890.520427882671
16747.0,-6890.53418563803
16748.0,-6890.54794339339
16749.0,-6890.561701148748
16750.0,-6890.575458904107
16751.0,-6890.589216659467
16752.0,-6890.602974414825
16753.0,-6890.616732170184
16754.0,-6890.630489925544
16755.0,-6890.6442476809025
16756.0,-6890.658005436261
16757.0,-6890.671763191621
16758.0,-6890.6855209469795
16759.0,-6890.699278702338
16760.0,-6890.713036457698
16761.0,-6890.726794213057
16762.0,-6890.740551968415
16763.0,-6890.754309723775
16764.0,-6890.768067479134
16765.0,-6890.781825234492
16766.0,-6890.795582989852
16767.0,-6890.809340745211
16768.0,-6890.823098500569
16769.0,-6890.836856255929
16770.0,-6890.850614011288
16771.0,-6890.864371766646
16772.0,-6890.878129522006
16773.0,-6890.891887277365
16774.0,-6890.905645032723
16775.0,-6890.919402788083
16776.0,-6890.933160543442
16777.0,-6890.9469182988005
16778.0,-6890.96067605416
16779.0,-6890.974433809519
16780.0,-6890.9881915648775
16781.0,-6891.001949320237
16782.0,-6891.015707075596
16783.0,-6891.029464830955
16784.0,-6891.043222586314
16785.0,-6891.056980341673
16786.0,-6891.070738097032
16787.0,-6891.084495852391
16788.0,-6891.09825360775
16789.0,-6891.112011363109
16790.0,-6891.125769118468
16791.0,-6891.139526873827
16792.0,-6891.153284629186
16793.0,-6891.167042384545
16794.0,-6891.180800139904
16795.0,-6891.194557895263
16796.0,-6891.208315650622
16797.0,-6891.222073405981
16798.0,-6891.23583116134
16799.0,-6891.249588916699
16800.0,-6891.263346672058
16801.0,-6891.277104427417
16802.0,-6891.290862182776
16803.0,-6891.304619938135
16804.0,-6891.318377693494
16805.0,-6891.3321354488535
16806.0,-6891.345893204212
16807.0,-6891.359650959571
16808.0,-6891.3734087149305
16809.0,-6891.387166470289
16810.0,-6891.400924225648
16811.0,-6891.414681981008
16812.0,-6891.428439736366
16813.0,-6891.442197491725
16814.0,-6891.455955247085
16815.0,-6891.469713002443
16816.0,-6891.483470757802
16817.0,-6891.497228513162
16818.0,-6891.51098626852
16819.0,-6891.524744023879
16820.0,-6891.538501779239
16821.0,-6891.552259534597
16822.0,-6891.566017289956
16823.0,-6891.579775045316
16824.0,-6891.593532800674
16825.0,-6891.607290556033
16826.0,-6891.621048311393
16827.0,-6891.6348060667515
16828.0,-6891.64856382211
16829.0,-6891.66232157747
16830.0,-6891.6760793328285
16831.0,-6891.689837088187
16832.0,-6891.703594843547
16833.0,-6891.717352598906
16834.0,-6891.731110354264
16835.0,-6891.744868109624
16836.0,-6891.758625864983
16837.0,-6891.772383620341
16838.0,-6891.786141375701
16839.0,-6891.79989913106
16840.0,-6891.813656886418
16841.0,-6891.827414641778
16842.0,-6891.841172397137
16843.0,-6891.854930152495
16844.0,-6891.868687907855
16845.0,-6891.882445663214
16846.0,-6891.896203418572
16847.0,-6891.909961173932
16848.0,-6891.923718929291
16849.0,-6891.9374766846495
16850.0,-6891.951234440009
16851.0,-6891.964992195368
16852.0,-6891.9787499507265
16853.0,-6891.992507706086
16854.0,-6892.006265461445
16855.0,-6892.020023216804
16856.0,-6892.033780972163
16857.0,-6892.047538727522
16858.0,-6892.061296482881
16859.0,-6892.07505423824
16860.0,-6892.088811993599
16861.0,-6892.102569748958
16862.0,-6892.116327504317
16863.0,-6892.130085259676
16864.0,-6892.143843015035
16865.0,-6892.157600770394
16866.0,-6892.171358525753
16867.0,-6892.185116281112
16868.0,-6892.198874036471
16869.0,-6892.21263179183
16870.0,-6892.226389547189
16871.0,-6892.240147302548
16872.0,-6892.253905057907
16873.0,-6892.267662813266
16874.0,-6892.281420568625
16875.0,-6892.295178323984
16876.0,-6892.308936079343
16877.0,-6892.3226938347025
16878.0,-6892.336451590061
16879.0,-6892.35020934542
16880.0,-6892.3639671007795
16881.0,-6892.377724856138
16882.0,-6892.391482611497
16883.0,-6892.405240366857
16884.0,-6892.418998122215
16885.0,-6892.432755877574
16886.0,-6892.446513632934
16887.0,-6892.460271388292
16888.0,-6892.474029143651
16889.0,-6892.487786899011
16890.0,-6892.501544654369
16891.0,-6892.515302409728
16892.0,-6892.529060165088
16893.0,-6892.542817920446
16894.0,-6892.556575675805
16895.0,-6892.570333431165
16896.0,-6892.584091186523
16897.0,-6892.597848941882
16898.0,-6892.611606697242
16899.0,-6892.6253644526005
16900.0,-6892.639122207959
16901.0,-6892.652879963319
16902.0,-6892.6666377186775
16903.0,-6892.680395474036
16904.0,-6892.694153229396
16905.0,-6892.707910984755
16906.0,-6892.721668740113
16907.0,-6892.735426495473
16908.0,-6892.749184250832
16909.0,-6892.76294200619
16910.0,-6892.77669976155
16911.0,-6892.790457516909
16912.0,-6892.804215272267
16913.0,-6892.817973027627
16914.0,-6892.831730782986
16915.0,-6892.845488538344
16916.0,-6892.859246293704
16917.0,-6892.873004049063
16918.0,-6892.886761804421
16919.0,-6892.900519559781
16920.0,-6892.91427731514
16921.0,-6892.9280350704985
16922.0,-6892.941792825858
16923.0,-6892.955550581217
16924.0,-6892.9693083365755
16925.0,-6892.983066091935
16926.0,-6892.996823847294
16927.0,-6893.010581602653
16928.0,-6893.024339358012
16929.0,-6893.038097113371
16930.0,-6893.05185486873
16931.0,-6893.065612624089
16932.0,-6893.079370379448
16933.0,-6893.093128134807
16934.0,-6893.106885890166
16935.0,-6893.120643645525
16936.0,-6893.134401400884
16937.0,-6893.148159156243
16938.0,-6893.161916911602
16939.0,-6893.175674666961
16940.0,-6893.18943242232
16941.0,-6893.203190177679
16942.0,-6893.216947933038
16943.0,-6893.230705688397
16944.0,-6893.244463443756
16945.0,-6893.258221199115
16946.0,-6893.271978954474
16947.0,-6893.285736709833
16948.0,-6893.299494465192
16949.0,-6893.3132522205515
16950.0,-6893.32700997591
16951.0,-6893.340767731269
16952.0,-6893.3545254866285
16953.0,-6893.368283241987
16954.0,-6893.382040997346
16955.0,-6893.395798752706
16956.0,-6893.409556508064
16957.0,-6893.423314263423
16958.0,-6893.437072018783
16959.0,-6893.450829774141
16960.0,-6893.4645875295
16961.0,-6893.47834528486
16962.0,-6893.492103040218
16963.0,-6893.505860795577
16964.0,-6893.519618550937
16965.0,-6893.533376306295
16966.0,-6893.547134061654
16967.0,-6893.560891817014
16968.0,-6893.574649572372
16969.0,-6893.588407327731
16970.0,-6893.602165083091
16971.0,-6893.6159228384495
16972.0,-6893.629680593808
16973.0,-6893.643438349168
16974.0,-6893.6571961045265
16975.0,-6893.670953859885
16976.0,-6893.684711615245
16977.0,-6893.698469370604
16978.0,-6893.712227125962
16979.0,-6893.725984881322
16980.0,-6893.739742636681
16981.0,-6893.753500392039
16982.0,-6893.767258147399
16983.0,-6893.781015902758
16984.0,-6893.794773658116
16985.0,-6893.808531413476
16986.0,-6893.822289168835
16987.0,-6893.836046924193
16988.0,-6893.849804679553
16989.0,-6893.863562434912
16990.0,-6893.87732019027
16991.0,-6893.89107794563
16992.0,-6893.904835700989
16993.0,-6893.9185934563475
16994.0,-6893.932351211707
16995.0,-6893.946108967066
16996.0,-6893.9598667224245
16997.0,-6893.973624477784
16998.0,-6893.987382233143
16999.0,-6894.001139988502
17000.0,-6894.014897743861
17001.0,-6894.02865549922
17002.0,-6894.042413254579
17003.0,-6894.056171009938
17004.0,-6894.069928765297
17005.0,-6894.083686520656
17006.0,-6894.097444276015
17007.0,-6894.111202031374
17008.0,-6894.124959786733
17009.0,-6894.138717542092
17010.0,-6894.152475297451
17011.0,-6894.16623305281
17012.0,-6894.179990808169
17013.0,-6894.193748563528
17014.0,-6894.207506318887
17015.0,-6894.221264074246
17016.0,-6894.235021829605
17017.0,-6894.248779584964
17018.0,-6894.262537340323
17019.0,-6894.276295095682
17020.0,-6894.290052851041
17021.0,-6894.3038106064005
17022.0,-6894.317568361759
17023.0,-6894.331326117118
17024.0,-6894.3450838724775
17025.0,-6894.358841627836
17026.0,-6894.372599383195
17027.0,-6894.386357138555
17028.0,-6894.400114893913
17029.0,-6894.413872649272
17030.0,-6894.427630404632
17031.0,-6894.44138815999
17032.0,-6894.455145915349
17033.0,-6894.468903670709
17034.0,-6894.482661426067
17035.0,-6894.496419181426
17036.0,-6894.510176936786
17037.0,-6894.523934692144
17038.0,-6894.537692447503
17039.0,-6894.551450202863
17040.0,-6894.565207958221
17041.0,-6894.57896571358
17042.0,-6894.59272346894
17043.0,-6894.6064812242985
17044.0,-6894.620238979657
17045.0,-6894.633996735017
17046.0,-6894.6477544903755
17047.0,-6894.661512245734
17048.0,-6894.675270001094
17049.0,-6894.689027756453
17050.0,-6894.702785511811
17051.0,-6894.716543267171
17052.0,-6894.73030102253
17053.0,-6894.744058777888
17054.0,-6894.757816533248
17055.0,-6894.771574288607
17056.0,-6894.785332043965
17057.0,-6894.799089799325
17058.0,-6894.812847554684
17059.0,-6894.826605310042
17060.0,-6894.840363065402
17061.0,-6894.854120820761
17062.0,-6894.867878576119
17063.0,-6894.881636331479
17064.0,-6894.895394086838
17065.0,-6894.9091518421965
17066.0,-6894.922909597556
17067.0,-6894.936667352915
17068.0,-6894.9504251082735
17069.0,-6894.964182863633
17070.0,-6894.977940618992
17071.0,-6894.991698374351
17072.0,-6895.00545612971
17073.0,-6895.019213885069
17074.0,-6895.032971640428
17075.0,-6895.046729395787
17076.0,-6895.060487151146
17077.0,-6895.074244906505
17078.0,-6895.088002661864
17079.0,-6895.101760417223
17080.0,-6895.115518172582
17081.0,-6895.129275927941
17082.0,-6895.1430336833
17083.0,-6895.156791438659
17084.0,-6895.170549194018
17085.0,-6895.184306949377
17086.0,-6895.198064704736
17087.0,-6895.211822460095
17088.0,-6895.225580215454
17089.0,-6895.239337970813
17090.0,-6895.253095726172
17091.0,-6895.266853481531
17092.0,-6895.28061123689
17093.0,-6895.2943689922495
17094.0,-6895.308126747608
17095.0,-6895.321884502967
17096.0,-6895.3356422583265
17097.0,-6895.349400013685
17098.0,-6895.363157769044
17099.0,-6895.376915524404
17100.0,-6895.390673279762
17101.0,-6895.404431035121
17102.0,-6895.418188790481
17103.0,-6895.431946545839
17104.0,-6895.445704301198
17105.0,-6895.459462056558
17106.0,-6895.473219811916
17107.0,-6895.486977567275
17108.0,-6895.500735322635
17109.0,-6895.514493077993
17110.0,-6895.528250833352
17111.0,-6895.542008588712
17112.0,-6895.55576634407
17113.0,-6895.569524099429
17114.0,-6895.583281854789
17115.0,-6895.5970396101475
17116.0,-6895.610797365506
17117.0,-6895.624555120866
17118.0,-6895.6383128762245
17119.0,-6895.652070631583
17120.0,-6895.665828386943
17121.0,-6895.679586142302
17122.0,-6895.69334389766
17123.0,-6895.70710165302
17124.0,-6895.720859408379
17125.0,-6895.734617163737
17126.0,-6895.748374919097
17127.0,-6895.762132674456
17128.0,-6895.775890429814
17129.0,-6895.789648185174
17130.0,-6895.803405940533
17131.0,-6895.817163695891
17132.0,-6895.830921451251
17133.0,-6895.84467920661
17134.0,-6895.858436961968
17135.0,-6895.872194717328
17136.0,-6895.885952472687
17137.0,-6895.8997102280455
17138.0,-6895.913467983405
17139.0,-6895.927225738764
17140.0,-6895.9409834941225
17141.0,-6895.954741249482
17142.0,-6895.968499004841
17143.0,-6895.9822567602
17144.0,-6895.996014515559
17145.0,-6896.009772270918
17146.0,-6896.023530026277
17147.0,-6896.037287781636
17148.0,-6896.051045536995
17149.0,-6896.064803292354
17150.0,-6896.078561047713
17151.0,-6896.092318803072
17152.0,-6896.106076558431
17153.0,-6896.11983431379
17154.0,-6896.133592069149
17155.0,-6896.147349824508
17156.0,-6896.161107579867
17157.0,-6896.174865335226
17158.0,-6896.188623090585
17159.0,-6896.202380845944
17160.0,-6896.216138601303
17161.0,-6896.229896356662
17162.0,-6896.243654112021
17163.0,-6896.25741186738
17164.0,-6896.271169622739
17165.0,-6896.2849273780985
17166.0,-6896.298685133457
17167.0,-6896.312442888816
17168.0,-6896.3262006441755
17169.0,-6896.339958399534
17170.0,-6896.353716154893
17171.0,-6896.367473910253
17172.0,-6896.381231665611
17173.0,-6896.39498942097
17174.0,-6896.40874717633
17175.0,-6896.422504931688
17176.0,-6896.436262687047
17177.0,-6896.450020442407
17178.0,-6896.463778197765
17179.0,-6896.477535953124
17180.0,-6896.491293708484
17181.0,-6896.505051463842
17182.0,-6896.518809219201
17183.0,-6896.532566974561
17184.0,-6896.546324729919
17185.0,-6896.560082485278
17186.0,-6896.573840240638
17187.0,-6896.5875979959965
17188.0,-6896.601355751355
17189.0,-6896.615113506715
17190.0,-6896.6288712620735
17191.0,-6896.642629017432
17192.0,-6896.656386772792
17193.0,-6896.670144528151
17194.0,-6896.683902283509
17195.0,-6896.697660038869
17196.0,-6896.711417794228
17197.0,-6896.725175549586
17198.0,-6896.738933304946
17199.0,-6896.752691060305
17200.0,-6896.766448815663
17201.0,-6896.780206571023
17202.0,-6896.793964326382
17203.0,-6896.80772208174
17204.0,-6896.8214798371
17205.0,-6896.835237592459
17206.0,-6896.848995347817
17207.0,-6896.862753103177
17208.0,-6896.876510858536
17209.0,-6896.8902686138945
17210.0,-6896.904026369254
17211.0,-6896.917784124613
17212.0,-6896.9315418799715
17213.0,-6896.945299635331
17214.0,-6896.95905739069
17215.0,-6896.972815146049
17216.0,-6896.986572901408
17217.0,-6897.000330656767
17218.0,-6897.014088412126
17219.0,-6897.027846167485
17220.0,-6897.041603922844
17221.0,-6897.055361678203
17222.0,-6897.069119433562
17223.0,-6897.082877188921
17224.0,-6897.09663494428
17225.0,-6897.110392699639
17226.0,-6897.124150454998
17227.0,-6897.137908210357
17228.0,-6897.151665965716
17229.0,-6897.165423721075
17230.0,-6897.179181476434
17231.0,-6897.192939231793
17232.0,-6897.206696987152
17233.0,-6897.220454742511
17234.0,-6897.23421249787
17235.0,-6897.247970253229
17236.0,-6897.261728008588
17237.0,-6897.2754857639475
17238.0,-6897.289243519306
17239.0,-6897.303001274665
17240.0,-6897.3167590300245
17241.0,-6897.330516785383
17242.0,-6897.344274540742
17243.0,-6897.358032296102
17244.0,-6897.37179005146
17245.0,-6897.385547806819
17246.0,-6897.399305562179
17247.0,-6897.413063317537
17248.0,-6897.426821072896
17249.0,-6897.440578828256
17250.0,-6897.454336583614
17251.0,-6897.468094338973
17252.0,-6897.481852094333
17253.0,-6897.495609849691
17254.0,-6897.50936760505
17255.0,-6897.52312536041
17256.0,-6897.536883115768
17257.0,-6897.550640871127
17258.0,-6897.564398626487
17259.0,-6897.5781563818455
17260.0,-6897.591914137204
17261.0,-6897.605671892564
17262.0,-6897.6194296479225
17263.0,-6897.633187403281
17264.0,-6897.646945158641
17265.0,-6897.660702914
17266.0,-6897.674460669358
17267.0,-6897.688218424718
17268.0,-6897.701976180077
17269.0,-6897.715733935435
17270.0,-6897.729491690795
17271.0,-6897.743249446154
17272.0,-6897.757007201512
17273.0,-6897.770764956872
17274.0,-6897.784522712231
17275.0,-6897.798280467589
17276.0,-6897.812038222949
17277.0,-6897.825795978308
17278.0,-6897.839553733666
17279.0,-6897.853311489026
17280.0,-6897.867069244385
17281.0,-6897.8808269997435
17282.0,-6897.894584755103
17283.0,-6897.908342510462
17284.0,-6897.9221002658205
17285.0,-6897.93585802118
17286.0,-6897.949615776539
17287.0,-6897.963373531898
17288.0,-6897.977131287257
17289.0,-6897.990889042616
17290.0,-6898.004646797975
17291.0,-6898.018404553334
17292.0,-6898.032162308693
17293.0,-6898.045920064052
17294.0,-6898.059677819411
17295.0,-6898.07343557477
17296.0,-6898.087193330129
17297.0,-6898.100951085488
17298.0,-6898.114708840847
17299.0,-6898.128466596206
17300.0,-6898.142224351565
17301.0,-6898.155982106924
17302.0,-6898.169739862283
17303.0,-6898.183497617642
17304.0,-6898.197255373001
17305.0,-6898.21101312836
17306.0,-6898.224770883719
17307.0,-6898.238528639078
17308.0,-6898.252286394437
17309.0,-6898.2660441497965
17310.0,-6898.279801905155
17311.0,-6898.293559660514
17312.0,-6898.3073174158735
17313.0,-6898.321075171232
17314.0,-6898.334832926591
17315.0,-6898.348590681951
17316.0,-6898.362348437309
17317.0,-6898.376106192668
17318.0,-6898.389863948028
17319.0,-6898.403621703386
17320.0,-6898.417379458745
17321.0,-6898.431137214105
17322.0,-6898.444894969463
17323.0,-6898.458652724822
17324.0,-6898.472410480182
17325.0,-6898.48616823554
17326.0,-6898.499925990899
17327.0,-6898.513683746259
17328.0,-6898.527441501617
17329.0,-6898.541199256976
17330.0,-6898.554957012336
17331.0,-6898.5687147676945
17332.0,-6898.582472523053
17333.0,-6898.596230278413
17334.0,-6898.6099880337715
17335.0,-6898.62374578913
17336.0,-6898.63750354449
17337.0,-6898.651261299849
17338.0,-6898.665019055207
17339.0,-6898.678776810567
17340.0,-6898.692534565926
17341.0,-6898.706292321284
17342.0,-6898.720050076644
17343.0,-6898.733807832003
17344.0,-6898.747565587361
17345.0,-6898.761323342721
17346.0,-6898.77508109808
17347.0,-6898.788838853438
17348.0,-6898.802596608798
17349.0,-6898.816354364157
17350.0,-6898.830112119515
17351.0,-6898.843869874875
17352.0,-6898.857627630234
17353.0,-6898.8713853855925
17354.0,-6898.885143140952
17355.0,-6898.898900896311
17356.0,-6898.9126586516695
17357.0,-6898.926416407029
17358.0,-6898.940174162388
17359.0,-6898.953931917747
17360.0,-6898.967689673106
17361.0,-6898.981447428465
17362.0,-6898.995205183824
17363.0,-6899.008962939183
17364.0,-6899.022720694542
17365.0,-6899.036478449901
17366.0,-6899.05023620526
17367.0,-6899.063993960619
17368.0,-6899.077751715978
17369.0,-6899.091509471337
17370.0,-6899.105267226696
17371.0,-6899.119024982055
17372.0,-6899.132782737414
17373.0,-6899.146540492773
17374.0,-6899.160298248132
17375.0,-6899.174056003491
17376.0,-6899.18781375885
17377.0,-6899.201571514209
17378.0,-6899.215329269568
17379.0,-6899.229087024927
17380.0,-6899.242844780286
17381.0,-6899.2566025356455
17382.0,-6899.270360291004
17383.0,-6899.284118046363
17384.0,-6899.2978758017225
17385.0,-6899.311633557081
17386.0,-6899.32539131244
17387.0,-6899.3391490678
17388.0,-6899.352906823158
17389.0,-6899.366664578517
17390.0,-6899.380422333877
17391.0,-6899.394180089235
17392.0,-6899.407937844594
17393.0,-6899.421695599954
17394.0,-6899.435453355312
17395.0,-6899.449211110671
17396.0,-6899.462968866031
17397.0,-6899.476726621389
17398.0,-6899.490484376748
17399.0,-6899.504242132108
17400.0,-6899.517999887466
17401.0,-6899.531757642825
17402.0,-6899.545515398185
17403.0,-6899.5592731535435
17404.0,-6899.573030908902
17405.0,-6899.586788664262
17406.0,-6899.6005464196205
17407.0,-6899.614304174979
17408.0,-6899.628061930339
17409.0,-6899.668063769738
17410.0,-6899.7080656091375
17411.0,-6899.748067448537
17412.0,-6899.788069287936
17413.0,-6899.8280711273355
17414.0,-6899.868072966735
17415.0,-6899.908074806134
17416.0,-6899.948076645534
17417.0,-6899.988078484933
17418.0,-6900.028080324332
17419.0,-6900.068082163732
17420.0,-6900.108084003131
17421.0,-6900.14808584253
17422.0,-6900.18808768193
17423.0,-6900.228089521329
17424.0,-6900.268091360728
17425.0,-6900.308093200128
17426.0,-6900.348095039527
17427.0,-6900.388096878926
17428.0,-6900.428098718326
17429.0,-6900.468100557725
17430.0,-6900.508102397124
17431.0,-6900.548104236524
17432.0,-6900.588106075923
17433.0,-6900.628107915322
17434.0,-6900.668109754722
17435.0,-6900.708111594121
17436.0,-6900.74811343352
17437.0,-6900.78811527292
17438.0,-6900.828117112319
17439.0,-6900.868118951718
17440.0,-6900.908120791118
17441.0,-6900.948122630517
17442.0,-6900.988124469916
17443.0,-6901.028126309316
17444.0,-6901.068128148715
17445.0,-6901.108129988114
17446.0,-6901.148131827514
17447.0,-6901.188133666913
17448.0,-6901.228135506312
17449.0,-6901.268137345712
17450.0,-6901.308139185111
17451.0,-6901.34814102451
17452.0,-6901.38814286391
17453.0,-6901.428144703309
17454.0,-6901.468146542708
17455.0,-6901.508148382108
17456.0,-6901.548150221507
17457.0,-6901.588152060906
17458.0,-6901.628153900306
17459.0,-6901.668155739705
17460.0,-6901.708157579104
17461.0,-6901.748159418504
17462.0,-6901.788161257903
17463.0,-6901.828163097302
17464.0,-6901.868164936702
17465.0,-6901.908166776101
17466.0,-6901.9481686155
17467.0,-6901.9881704549
17468.0,-6902.028172294299
17469.0,-6902.068174133698
17470.0,-6902.108175973098
17471.0,-6902.148177812497
17472.0,-6902.1881796518965
17473.0,-6902.228181491296
17474.0,-6902.268183330695
17475.0,-6902.3081851700945
17476.0,-6902.348187009494
17477.0,-6902.388188848893
17478.0,-6902.4281906882925
17479.0,-6902.468192527692
17480.0,-6902.508194367091
17481.0,-6902.5481962064905
17482.0,-6902.58819804589
17483.0,-6902.628199885289
17484.0,-6902.6682017246885
17485.0,-6902.708203564088
17486.0,-6902.748205403487
17487.0,-6902.7882072428865
17488.0,-6902.828209082286
17489.0,-6902.868210921685
17490.0,-6902.9082127610845
17491.0,-6902.948214600484
17492.0,-6902.988216439883
17493.0,-6903.028218279283
17494.0,-6903.068220118682
17495.0,-6903.108221958081
17496.0,-6903.148223797481
17497.0,-6903.18822563688
17498.0,-6903.228227476279
17499.0,-6903.268229315679
17500.0,-6903.308231155078
17501.0,-6903.348232994477
17502.0,-6903.388234833877
17503.0,-6903.428236673276
17504.0,-6903.468238512675
17505.0,-6903.508240352075
17506.0,-6903.548242191474
17507.0,-6903.588244030873
17508.0,-6903.628245870273
17509.0,-6903.668247709672
17510.0,-6903.708249549071
17511.0,-6903.748251388471
17512.0,-6903.78825322787
17513.0,-6903.828255067269
17514.0,-6903.868256906669
17515.0,-6903.908258746068
17516.0,-6903.948260585467
17517.0,-6903.988262424867
17518.0,-6904.028264264266
17519.0,-6904.068266103665
17520.0,-6904.108267943065
17521.0,-6904.148269782464
17522.0,-6904.188271621863
17523.0,-6904.228273461263
17524.0,-6904.268275300662
17525.0,-6904.308277140061
17526.0,-6904.348278979461
17527.0,-6904.38828081886
17528.0,-6904.428282658259
17529.0,-6904.468284497659
17530.0,-6904.508286337058
17531.0,-6904.548288176457
17532.0,-6904.588290015857
17533.0,-6904.628291855256
17534.0,-6904.668293694655
17535.0,-6904.708295534055
17536.0,-6904.748297373454
17537.0,-6904.788299212853
17538.0,-6904.828301052253
17539.0,-6904.868302891652
17540.0,-6904.908304731051
17541.0,-6904.948306570451
17542.0,-6904.98830840985
17543.0,-6905.028310249249
17544.0,-6905.068312088649
17545.0,-6905.108313928048
17546.0,-6905.1483157674475
17547.0,-6905.188317606847
17548.0,-6905.228319446246
17549.0,-6905.2683212856455
17550.0,-6905.308323125045
17551.0,-6905.348324964444
17552.0,-6905.3883268038435
17553.0,-6905.428328643243
17554.0,-6905.468330482642
17555.0,-6905.5083323220415
17556.0,-6905.548334161441
17557.0,-6905.58833600084
17558.0,-6905.6283378402395
17559.0,-6905.668339679639
17560.0,-6905.708341519038
17561.0,-6905.7483433584375
17562.0,-6905.788345197837
17563.0,-6905.828347037236
17564.0,-6905.8683488766355
17565.0,-6905.908350716035
17566.0,-6905.948352555434
17567.0,-6905.988354394834
17568.0,-6906.028356234233
17569.0,-6906.068358073632
17570.0,-6906.108359913032
17571.0,-6906.148361752431
17572.0,-6906.18836359183
17573.0,-6906.22836543123
17574.0,-6906.268367270629
17575.0,-6906.308369110028
17576.0,-6906.348370949428
17577.0,-6906.388372788827
17578.0,-6906.428374628226
17579.0,-6906.468376467626
17580.0,-6906.508378307025
17581.0,-6906.548380146424
17582.0,-6906.588381985824
17583.0,-6906.628383825223
17584.0,-6906.668385664622
17585.0,-6906.708387504022
17586.0,-6906.748389343421
17587.0,-6906.78839118282
17588.0,-6906.82839302222
17589.0,-6906.868394861619
17590.0,-6906.908396701018
17591.0,-6906.948398540418
17592.0,-6906.988400379817
17593.0,-6907.028402219216
17594.0,-6907.068404058616
17595.0,-6907.108405898015
17596.0,-6907.148407737414
17597.0,-6907.188409576814
17598.0,-6907.228411416213
17599.0,-6907.268413255612
17600.0,-6907.308415095012
17601.0,-6907.348416934411
17602.0,-6907.38841877381
17603.0,-6907.42842061321
17604.0,-6907.468422452609
17605.0,-6907.508424292008
17606.0,-6907.548426131408
17607.0,-6907.588427970807
17608.0,-6907.628429810206
17609.0,-6907.668431649606
17610.0,-6907.708433489005
17611.0,-6907.748435328404
17612.0,-6907.788437167804
17613.0,-6907.828439007203
17614.0,-6907.868440846602
17615.0,-6907.908442686002
17616.0,-6907.948444525401
17617.0,-6907.9884463648
17618.0,-6908.0284482042
17619.0,-6908.068450043599
17620.0,-6908.108451882998
17621.0,-6908.148453722398
17622.0,-6908.188455561797
17623.0,-6908.2284574011965
17624.0,-6908.268459240596
17625.0,-6908.308461079995
17626.0,-6908.3484629193945
17627.0,-6908.388464758794
17628.0,-6908.428466598193
17629.0,-6908.4684684375925
17630.0,-6908.508470276992
17631.0,-6908.548472116391
17632.0,-6908.5884739557905
17633.0,-6908.62847579519
17634.0,-6908.668477634589
17635.0,-6908.7084794739885
17636.0,-6908.748481313388
17637.0,-6908.788483152787
17638.0,-6908.8284849921865
17639.0,-6908.868486831586
17640.0,-6908.908488670985
17641.0,-6908.9484905103845
17642.0,-6908.988492349784
17643.0,-6909.028494189183
17644.0,-6909.068496028583
17645.0,-6909.108497867982
17646.0,-6909.148499707381
17647.0,-6909.188501546781
17648.0,-6909.22850338618
17649.0,-6909.268505225579
17650.0,-6909.308507064979
17651.0,-6909.348508904378
17652.0,-6909.388510743777
17653.0,-6909.428512583177
17654.0,-6909.468514422576
17655.0,-6909.508516261975
17656.0,-6909.548518101375
17657.0,-6909.588519940774
17658.0,-6909.628521780173
17659.0,-6909.668523619573
17660.0,-6909.708525458972
17661.0,-6909.748527298371
17662.0,-6909.788529137771
17663.0,-6909.82853097717
17664.0,-6909.868532816569
17665.0,-6909.908534655969
17666.0,-6909.948536495368
17667.0,-6909.988538334767
17668.0,-6910.028540174167
17669.0,-6910.068542013566
17670.0,-6910.108543852965
17671.0,-6910.148545692365
17672.0,-6910.188547531764
17673.0,-6910.228549371163
17674.0,-6910.268551210563
17675.0,-6910.308553049962
17676.0,-6910.348554889361
17677.0,-6910.388556728761
17678.0,-6910.42855856816
17679.0,-6910.468560407559
17680.0,-6910.508562246959
17681.0,-6910.548564086358
17682.0,-6910.588565925757
17683.0,-6910.628567765157
17684.0,-6910.668569604556
17685.0,-6910.708571443955
17686.0,-6910.748573283355
17687.0,-6910.788575122754
17688.0,-6910.828576962153
17689.0,-6910.868578801553
17690.0,-6910.908580640952
17691.0,-6910.948582480351
17692.0,-6910.988584319751
17693.0,-6911.02858615915
17694.0,-6911.068587998549
17695.0,-6911.108589837949
17696.0,-6911.148591677348
17697.0,-6911.1885935167475
17698.0,-6911.228595356147
17699.0,-6911.268597195546
17700.0,-6911.3085990349455
17701.0,-6911.348600874345
17702.0,-6911.388602713744
17703.0,-6911.4286045531435
17704.0,-6911.468606392543
17705.0,-6911.508608231942
17706.0,-6911.5486100713415
17707.0,-6911.588611910741
17708.0,-6911.62861375014
17709.0,-6911.6686155895395
17710.0,-6911.708617428939
17711.0,-6911.748619268338
17712.0,-6911.7886211077375
17713.0,-6911.828622947137
17714.0,-6911.868624786536
17715.0,-6911.9086266259355
17716.0,-6911.948628465335
17717.0,-6911.988630304734
17718.0,-6912.028632144134
17719.0,-6912.068633983533
17720.0,-6912.108635822932
17721.0,-6912.148637662332
17722.0,-6912.188639501731
17723.0,-6912.22864134113
17724.0,-6912.26864318053
17725.0,-6912.308645019929
17726.0,-6912.348646859328
17727.0,-6912.388648698728
17728.0,-6912.428650538127
17729.0,-6912.468652377526
17730.0,-6912.508654216926
17731.0,-6912.548656056325
17732.0,-6912.588657895724
17733.0,-6912.628659735124
17734.0,-6912.668661574523
17735.0,-6912.708663413922
17736.0,-6912.748665253322
17737.0,-6912.788667092721
17738.0,-6912.82866893212
17739.0,-6912.86867077152
17740.0,-6912.908672610919
17741.0,-6912.948674450318
17742.0,-6912.988676289718
17743.0,-6913.028678129117
17744.0,-6913.068679968516
17745.0,-6913.108681807916
17746.0,-6913.148683647315
17747.0,-6913.188685486714
17748.0,-6913.228687326114
17749.0,-6913.268689165513
17750.0,-6913.308691004912
17751.0,-6913.348692844312
17752.0,-6913.388694683711
17753.0,-6913.42869652311
17754.0,-6913.46869836251
17755.0,-6913.508700201909
17756.0,-6913.548702041308
17757.0,-6913.588703880708
17758.0,-6913.628705720107
17759.0,-6913.668707559506
17760.0,-6913.708709398906
17761.0,-6913.748711238305
17762.0,-6913.788713077704
17763.0,-6913.828714917104
17764.0,-6913.868716756503
17765.0,-6913.908718595902
17766.0,-6913.948720435302
17767.0,-6913.988722274701
17768.0,-6914.0287241141
17769.0,-6914.0687259535
17770.0,-6914.108727792899
17771.0,-6914.1487296322985
17772.0,-6914.188731471698
17773.0,-6914.228733311097
17774.0,-6914.2687351504965
17775.0,-6914.308736989896
17776.0,-6914.348738829295
17777.0,-6914.3887406686945
17778.0,-6914.428742508094
17779.0,-6914.468744347493
17780.0,-6914.5087461868925
17781.0,-6914.548748026292
17782.0,-6914.588749865691
17783.0,-6914.6287517050905
17784.0,-6914.66875354449
17785.0,-6914.708755383889
17786.0,-6914.7487572232885
17787.0,-6914.788759062688
17788.0,-6914.828760902087
17789.0,-6914.8687627414865
17790.0,-6914.908764580886
17791.0,-6914.948766420285
17792.0,-6914.988768259685
17793.0,-6915.028770099084
17794.0,-6915.068771938483
17795.0,-6915.108773777883
17796.0,-6915.148775617282
17797.0,-6915.188777456681
17798.0,-6915.228779296081
17799.0,-6915.26878113548
17800.0,-6915.308782974879
17801.0,-6915.348784814279
17802.0,-6915.388786653678
17803.0,-6915.428788493077
17804.0,-6915.468790332477
17805.0,-6915.508792171876
17806.0,-6915.548794011275
17807.0,-6915.588795850675
17808.0,-6915.628797690074
17809.0,-6915.668799529473
17810.0,-6915.708801368873
17811.0,-6915.748803208272
17812.0,-6915.788805047671
17813.0,-6915.828806887071
17814.0,-6915.86880872647
17815.0,-6915.908810565869
17816.0,-6915.948812405269
17817.0,-6915.988814244668
17818.0,-6916.028816084067
17819.0,-6916.068817923467
17820.0,-6916.108819762866
17821.0,-6916.148821602265
17822.0,-6916.188823441665
17823.0,-6916.228825281064
17824.0,-6916.268827120463
17825.0,-6916.308828959863
17826.0,-6916.348830799262
17827.0,-6916.388832638661
17828.0,-6916.428834478061
17829.0,-6916.46883631746
17830.0,-6916.508838156859
17831.0,-6916.548839996259
17832.0,-6916.588841835658
17833.0,-6916.628843675057
17834.0,-6916.668845514457
17835.0,-6916.708847353856
17836.0,-6916.748849193255
17837.0,-6916.788851032655
17838.0,-6916.828852872054
17839.0,-6916.868854711453
17840.0,-6916.908856550853
17841.0,-6916.948858390252
17842.0,-6916.988860229651
17843.0,-6917.028862069051
17844.0,-6917.06886390845
17845.0,-6917.108865747849
17846.0,-6917.148867587249
17847.0,-6917.188869426648
17848.0,-6917.2288712660475
17849.0,-6917.268873105447
17850.0,-6917.308874944846
17851.0,-6917.3488767842455
17852.0,-6917.388878623645
17853.0,-6917.428880463044
17854.0,-6917.4688823024435
17855.0,-6917.508884141843
17856.0,-6917.548885981242
17857.0,-6917.5888878206415
17858.0,-6917.628889660041
17859.0,-6917.66889149944
17860.0,-6917.7088933388395
17861.0,-6917.748895178239
17862.0,-6917.788897017638
17863.0,-6917.8288988570375
17864.0,-6917.868900696437
17865.0,-6917.908902535836
17866.0,-6917.9489043752355
17867.0,-6917.988906214635
17868.0,-6918.028908054034
17869.0,-6918.068909893434
17870.0,-6918.108911732833
17871.0,-6918.148913572232
17872.0,-6918.188915411632
17873.0,-6918.228917251031
17874.0,-6918.26891909043
17875.0,-6918.30892092983
17876.0,-6918.348922769229
17877.0,-6918.388924608628
17878.0,-6918.428926448028
17879.0,-6918.468928287427
17880.0,-6918.508930126826
17881.0,-6918.548931966226
17882.0,-6918.588933805625
17883.0,-6918.628935645024
17884.0,-6918.668937484424
17885.0,-6918.708939323823
17886.0,-6918.748941163222
17887.0,-6918.788943002622
17888.0,-6918.828944842021
17889.0,-6918.86894668142
17890.0,-6918.90894852082
17891.0,-6918.948950360219
17892.0,-6918.988952199618
17893.0,-6919.028954039018
17894.0,-6919.068955878417
17895.0,-6919.108957717816
17896.0,-6919.148959557216
17897.0,-6919.188961396615
17898.0,-6919.228963236014
17899.0,-6919.268965075414
17900.0,-6919.308966914813
17901.0,-6919.348968754212
17902.0,-6919.388970593612
17903.0,-6919.428972433011
17904.0,-6919.46897427241
17905.0,-6919.50897611181
17906.0,-6919.548977951209
17907.0,-6919.588979790608
17908.0,-6919.628981630008
17909.0,-6919.668983469407
17910.0,-6919.708985308806
17911.0,-6919.748987148206
17912.0,-6919.788988987605
17913.0,-6919.828990827004
17914.0,-6919.868992666404
17915.0,-6919.908994505803
17916.0,-6919.948996345202
17917.0,-6919.988998184602
17918.0,-6920.029000024001
17919.0,-6920.0690018634
17920.0,-6920.1090037028
17921.0,-6920.149005542199
17922.0,-6920.1890073815985
17923.0,-6920.229009220998
17924.0,-6920.269011060397
17925.0,-6920.3090128997965
17926.0,-6920.349014739196
17927.0,-6920.389016578595
17928.0,-6920.4290184179945
17929.0,-6920.469020257394
17930.0,-6920.509022096793
17931.0,-6920.5490239361925
17932.0,-6920.589025775592
17933.0,-6920.629027614991
17934.0,-6920.6690294543905
17935.0,-6920.70903129379
17936.0,-6920.749033133189
17937.0,-6920.7890349725885
17938.0,-6920.829036811988
17939.0,-6920.869038651387
17940.0,-6920.9090404907865
17941.0,-6920.949042330186
17942.0,-6920.989044169585
17943.0,-6921.029046008985
17944.0,-6921.069047848384
17945.0,-6921.109049687783
17946.0,-6921.149051527183
17947.0,-6921.189053366582
17948.0,-6921.229055205981
17949.0,-6921.269057045381
17950.0,-6921.30905888478
17951.0,-6921.349060724179
17952.0,-6921.389062563579
17953.0,-6921.429064402978
17954.0,-6921.469066242377
17955.0,-6921.509068081777
17956.0,-6921.549069921176
17957.0,-6921.589071760575
17958.0,-6921.629073599975
17959.0,-6921.669075439374
17960.0,-6921.709077278773
17961.0,-6921.749079118173
17962.0,-6921.789080957572
17963.0,-6921.829082796971
17964.0,-6921.869084636371
17965.0,-6921.90908647577
17966.0,-6921.949088315169
17967.0,-6921.989090154569
17968.0,-6922.029091993968
17969.0,-6922.069093833367
17970.0,-6922.109095672767
17971.0,-6922.149097512166
17972.0,-6922.189099351565
17973.0,-6922.229101190965
17974.0,-6922.269103030364
17975.0,-6922.309104869763
17976.0,-6922.349106709163
17977.0,-6922.389108548562
17978.0,-6922.429110387961
17979.0,-6922.469112227361
17980.0,-6922.50911406676
17981.0,-6922.549115906159
17982.0,-6922.589117745559
17983.0,-6922.629119584958
17984.0,-6922.669121424357
17985.0,-6922.709123263757
17986.0,-6922.749125103156
17987.0,-6922.789126942555
17988.0,-6922.829128781955
17989.0,-6922.869130621354
17990.0,-6922.909132460753
17991.0,-6922.949134300153
17992.0,-6922.989136139552
17993.0,-6923.029137978951
17994.0,-6923.069139818351
17995.0,-6923.10914165775
17996.0,-6923.149143497149
17997.0,-6923.189145336549
17998.0,-6923.229147175948
17999.0,-6923.2691490153475
18000.0,-6923.309150854747
18001.0,-6923.349152694146
18002.0,-6923.3891545335455
18003.0,-6923.429156372945
18004.0,-6923.469158212344
18005.0,-6923.5091600517435
18006.0,-6923.549161891143
18007.0,-6923.589163730542
18008.0,-6923.6291655699415
18009.0,-6923.669167409341
18010.0,-6923.70916924874
18011.0,-6923.7491710881395
18012.0,-6923.789172927539
18013.0,-6923.829174766938
18014.0,-6923.8691766063375
18015.0,-6923.909178445737
18016.0,-6923.949180285136
18017.0,-6923.989182124536
18018.0,-6924.029183963935
18019.0,-6924.069185803334
18020.0,-6924.109187642734
18021.0,-6924.149189482133
18022.0,-6924.189191321532
18023.0,-6924.229193160932
18024.0,-6924.269195000331
18025.0,-6924.30919683973
18026.0,-6924.34919867913
18027.0,-6924.389200518529
18028.0,-6924.429202357928
18029.0,-6924.469204197328
18030.0,-6924.509206036727
18031.0,-6924.549207876126
18032.0,-6924.589209715526
18033.0,-6924.629211554925
18034.0,-6924.669213394324
18035.0,-6924.709215233724
18036.0,-6924.749217073123
18037.0,-6924.789218912522
18038.0,-6924.829220751922
18039.0,-6924.869222591321
18040.0,-6924.90922443072
18041.0,-6924.94922627012
18042.0,-6924.989228109519
18043.0,-6925.029229948918
18044.0,-6925.069231788318
18045.0,-6925.109233627717
18046.0,-6925.149235467116
18047.0,-6925.189237306516
18048.0,-6925.229239145915
18049.0,-6925.269240985314
18050.0,-6925.309242824714
18051.0,-6925.349244664113
18052.0,-6925.389246503512
18053.0,-6925.429248342912
18054.0,-6925.469250182311
18055.0,-6925.50925202171
18056.0,-6925.54925386111
18057.0,-6925.589255700509
18058.0,-6925.629257539908
18059.0,-6925.669259379308
18060.0,-6925.709261218707
18061.0,-6925.749263058106
18062.0,-6925.789264897506
18063.0,-6925.829266736905
18064.0,-6925.869268576304
18065.0,-6925.909270415704
18066.0,-6925.949272255103
18067.0,-6925.989274094502
18068.0,-6926.029275933902
18069.0,-6926.069277773301
18070.0,-6926.1092796127
18071.0,-6926.1492814521
18072.0,-6926.189283291499
18073.0,-6926.2292851308985
18074.0,-6926.269286970298
18075.0,-6926.309288809697
18076.0,-6926.3492906490965
18077.0,-6926.389292488496
18078.0,-6926.429294327895
18079.0,-6926.4692961672945
18080.0,-6926.509298006694
18081.0,-6926.549299846093
18082.0,-6926.5893016854925
18083.0,-6926.629303524892
18084.0,-6926.669305364291
18085.0,-6926.7093072036905
18086.0,-6926.74930904309
18087.0,-6926.789310882489
18088.0,-6926.8293127218885
18089.0,-6926.869314561288
18090.0,-6926.909316400687
18091.0,-6926.9493182400865
18092.0,-6926.989320079486
18093.0,-6927.029321918885
18094.0,-6927.069323758285
18095.0,-6927.109325597684
18096.0,-6927.149327437083
18097.0,-6927.189329276483
18098.0,-6927.229331115882
18099.0,-6927.269332955281
18100.0,-6927.309334794681
18101.0,-6927.34933663408
18102.0,-6927.389338473479
18103.0,-6927.429340312879
18104.0,-6927.469342152278
18105.0,-6927.509343991677
18106.0,-6927.549345831077
18107.0,-6927.589347670476
18108.0,-6927.629349509875
18109.0,-6927.669351349275
18110.0,-6927.709353188674
18111.0,-6927.749355028073
18112.0,-6927.789356867473
18113.0,-6927.829358706872
18114.0,-6927.869360546271
18115.0,-6927.909362385671
18116.0,-6927.94936422507
18117.0,-6927.989366064469
18118.0,-6928.029367903869
18119.0,-6928.069369743268
18120.0,-6928.109371582667
18121.0,-6928.149373422067
18122.0,-6928.189375261466
18123.0,-6928.229377100865
18124.0,-6928.269378940265
18125.0,-6928.309380779664
18126.0,-6928.349382619063
18127.0,-6928.389384458463
18128.0,-6928.429386297862
18129.0,-6928.469388137261
18130.0,-6928.509389976661
18131.0,-6928.54939181606
18132.0,-6928.589393655459
18133.0,-6928.629395494859
18134.0,-6928.669397334258
18135.0,-6928.709399173657
18136.0,-6928.749401013057
18137.0,-6928.789402852456
18138.0,-6928.829404691855
18139.0,-6928.869406531255
18140.0,-6928.909408370654
18141.0,-6928.949410210053
18142.0,-6928.989412049453
18143.0,-6929.029413888852
18144.0,-6929.069415728251
18145.0,-6929.109417567651
18146.0,-6929.14941940705
18147.0,-6929.1894212464495
18148.0,-6929.229423085849
18149.0,-6929.269424925248
18150.0,-6929.3094267646475
18151.0,-6929.349428604047
18152.0,-6929.389430443446
18153.0,-6929.4294322828455
18154.0,-6929.469434122245
18155.0,-6929.509435961644
18156.0,-6929.5494378010435
18157.0,-6929.589439640443
18158.0,-6929.629441479842
18159.0,-6929.6694433192415
18160.0,-6929.709445158641
18161.0,-6929.74944699804
18162.0,-6929.7894488374395
18163.0,-6929.829450676839
18164.0,-6929.869452516238
18165.0,-6929.9094543556375
18166.0,-6929.949456195037
18167.0,-6929.989458034436
18168.0,-6930.029459873836
18169.0,-6930.069461713235
18170.0,-6930.109463552634
18171.0,-6930.149465392034
18172.0,-6930.189467231433
18173.0,-6930.229469070832
18174.0,-6930.269470910232
18175.0,-6930.309472749631
18176.0,-6930.34947458903
18177.0,-6930.38947642843
18178.0,-6930.429478267829
18179.0,-6930.469480107228
18180.0,-6930.509481946628
18181.0,-6930.549483786027
18182.0,-6930.589485625426
18183.0,-6930.629487464826
18184.0,-6930.669489304225
18185.0,-6930.709491143624
18186.0,-6930.749492983024
18187.0,-6930.789494822423
18188.0,-6930.829496661822
18189.0,-6930.869498501222
18190.0,-6930.909500340621
18191.0,-6930.94950218002
18192.0,-6930.98950401942
18193.0,-6931.029505858819
18194.0,-6931.069507698218
18195.0,-6931.109509537618
18196.0,-6931.149511377017
18197.0,-6931.189513216416
18198.0,-6931.229515055816
18199.0,-6931.269516895215
18200.0,-6931.309518734614
18201.0,-6931.349520574014
18202.0,-6931.389522413413
18203.0,-6931.429524252812
18204.0,-6931.469526092212
18205.0,-6931.509527931611
18206.0,-6931.54952977101
18207.0,-6931.58953161041
18208.0,-6931.629533449809
18209.0,-6931.669535289208
18210.0,-6931.709537128608
18211.0,-6931.749538968007
18212.0,-6931.789540807406
18213.0,-6931.829542646806
18214.0,-6931.869544486205
18215.0,-6931.909546325604
18216.0,-6931.949548165004
18217.0,-6931.989550004403
18218.0,-6932.029551843802
18219.0,-6932.069553683202
18220.0,-6932.109555522601
18221.0,-6932.149557362
18222.0,-6932.1895592014
18223.0,-6932.229561040799
18224.0,-6932.2695628801985
18225.0,-6932.309564719598
18226.0,-6932.349566558997
18227.0,-6932.3895683983965
18228.0,-6932.429570237796
18229.0,-6932.469572077195
18230.0,-6932.5095739165945
18231.0,-6932.549575755994
18232.0,-6932.589577595393
18233.0,-6932.6295794347925
18234.0,-6932.669581274192
18235.0,-6932.709583113591
18236.0,-6932.7495849529905
18237.0,-6932.78958679239
18238.0,-6932.829588631789
18239.0,-6932.8695904711885
18240.0,-6932.909592310588
18241.0,-6932.949594149987
18242.0,-6932.9895959893865
18243.0,-6933.029597828786
18244.0,-6933.069599668185
18245.0,-6933.109601507585
18246.0,-6933.149603346984
18247.0,-6933.189605186383
18248.0,-6933.229607025783
18249.0,-6933.269608865182
18250.0,-6933.309610704581
18251.0,-6933.349612543981
18252.0,-6933.38961438338
18253.0,-6933.429616222779
18254.0,-6933.469618062179
18255.0,-6933.509619901578
18256.0,-6933.549621740977
18257.0,-6933.589623580377
18258.0,-6933.629625419776
18259.0,-6933.669627259175
18260.0,-6933.709629098575
18261.0,-6933.749630937974
18262.0,-6933.789632777373
18263.0,-6933.829634616773
18264.0,-6933.869636456172
18265.0,-6933.909638295571
18266.0,-6933.949640134971
18267.0,-6933.98964197437
18268.0,-6934.029643813769
18269.0,-6934.069645653169
18270.0,-6934.109647492568
18271.0,-6934.149649331967
18272.0,-6934.189651171367
18273.0,-6934.229653010766
18274.0,-6934.269654850165
18275.0,-6934.309656689565
18276.0,-6934.349658528964
18277.0,-6934.389660368363
18278.0,-6934.429662207763
18279.0,-6934.469664047162
18280.0,-6934.509665886561
18281.0,-6934.549667725961
18282.0,-6934.58966956536
18283.0,-6934.629671404759
18284.0,-6934.669673244159
18285.0,-6934.709675083558
18286.0,-6934.749676922957
18287.0,-6934.789678762357
18288.0,-6934.829680601756
18289.0,-6934.869682441155
18290.0,-6934.909684280555
18291.0,-6934.949686119954
18292.0,-6934.989687959353
18293.0,-6935.029689798753
18294.0,-6935.069691638152
18295.0,-6935.109693477551
18296.0,-6935.149695316951
18297.0,-6935.18969715635
18298.0,-6935.2296989957495
18299.0,-6935.269700835149
18300.0,-6935.309702674548
18301.0,-6935.3497045139475
18302.0,-6935.389706353347
18303.0,-6935.429708192746
18304.0,-6935.4697100321455
18305.0,-6935.509711871545
18306.0,-6935.549713710944
18307.0,-6935.5897155503435
18308.0,-6935.629717389743
18309.0,-6935.669719229142
18310.0,-6935.7097210685415
18311.0,-6935.749722907941
18312.0,-6935.78972474734
18313.0,-6935.8297265867395
18314.0,-6935.869728426139
18315.0,-6935.909730265538
18316.0,-6935.9497321049375
18317.0,-6935.989733944337
18318.0,-6936.029735783736
18319.0,-6936.069737623136
18320.0,-6936.109739462535
18321.0,-6936.149741301934
18322.0,-6936.189743141334
18323.0,-6936.229744980733
18324.0,-6936.269746820132
18325.0,-6936.309748659532
18326.0,-6936.349750498931
18327.0,-6936.38975233833
18328.0,-6936.42975417773
18329.0,-6936.469756017129
18330.0,-6936.509757856528
18331.0,-6936.549759695928
18332.0,-6936.589761535327
18333.0,-6936.629763374726
18334.0,-6936.669765214126
18335.0,-6936.709767053525
18336.0,-6936.749768892924
18337.0,-6936.789770732324
18338.0,-6936.829772571723
18339.0,-6936.869774411122
18340.0,-6936.909776250522
18341.0,-6936.949778089921
18342.0,-6936.98977992932
18343.0,-6937.02978176872
18344.0,-6937.069783608119
18345.0,-6937.109785447518
18346.0,-6937.149787286918
18347.0,-6937.189789126317
18348.0,-6937.229790965716
18349.0,-6937.269792805116
18350.0,-6937.309794644515
18351.0,-6937.349796483914
18352.0,-6937.389798323314
18353.0,-6937.429800162713
18354.0,-6937.469802002112
18355.0,-6937.509803841512
18356.0,-6937.549805680911
18357.0,-6937.58980752031
18358.0,-6937.62980935971
18359.0,-6937.669811199109
18360.0,-6937.709813038508
18361.0,-6937.749814877908
18362.0,-6937.789816717307
18363.0,-6937.829818556706
18364.0,-6937.869820396106
18365.0,-6937.909822235505
18366.0,-6937.949824074904
18367.0,-6937.989825914304
18368.0,-6938.029827753703
18369.0,-6938.069829593102
18370.0,-6938.109831432502
18371.0,-6938.149833271901
18372.0,-6938.1898351113
18373.0,-6938.2298369507
18374.0,-6938.269838790099
18375.0,-6938.3098406294985
18376.0,-6938.349842468898
18377.0,-6938.389844308297
18378.0,-6938.4298461476965
18379.0,-6938.469847987096
18380.0,-6938.509849826495
18381.0,-6938.5498516658945
18382.0,-6938.589853505294
18383.0,-6938.629855344693
18384.0,-6938.6698571840925
18385.0,-6938.709859023492
18386.0,-6938.749860862891
18387.0,-6938.7898627022905
18388.0,-6938.82986454169
18389.0,-6938.869866381089
18390.0,-6938.9098682204885
18391.0,-6938.949870059888
18392.0,-6938.989871899287
18393.0,-6939.029873738687
18394.0,-6939.069875578086
18395.0,-6939.109877417485
18396.0,-6939.149879256885
18397.0,-6939.189881096284
18398.0,-6939.229882935683
18399.0,-6939.269884775083
18400.0,-6939.309886614482
18401.0,-6939.349888453881
18402.0,-6939.389890293281
18403.0,-6939.42989213268
18404.0,-6939.469893972079
18405.0,-6939.509895811479
18406.0,-6939.549897650878
18407.0,-6939.589899490277
18408.0,-6939.629901329677
18409.0,-6939.669903169076
18410.0,-6939.709905008475
18411.0,-6939.749906847875
18412.0,-6939.789908687274
18413.0,-6939.829910526673
18414.0,-6939.869912366073
18415.0,-6939.909914205472
18416.0,-6939.949916044871
18417.0,-6939.989917884271
18418.0,-6940.02991972367
18419.0,-6940.069921563069
18420.0,-6940.109923402469
18421.0,-6940.149925241868
18422.0,-6940.189927081267
18423.0,-6940.229928920667
18424.0,-6940.269930760066
18425.0,-6940.309932599465
18426.0,-6940.349934438865
18427.0,-6940.389936278264
18428.0,-6940.429938117663
18429.0,-6940.469939957063
18430.0,-6940.509941796462
18431.0,-6940.549943635861
18432.0,-6940.589945475261
18433.0,-6940.57721722126
18434.0,-6940.564488967259
18435.0,-6940.55176071326
18436.0,-6940.539032459259
18437.0,-6940.526304205258
18438.0,-6940.513575951259
18439.0,-6940.500847697258
18440.0,-6940.488119443257
18441.0,-6940.475391189258
18442.0,-6940.462662935257
18443.0,-6940.449934681256
18444.0,-6940.437206427257
18445.0,-6940.424478173256
18446.0,-6940.411749919255
18447.0,-6940.3990216652555
18448.0,-6940.386293411255
18449.0,-6940.373565157254
18450.0,-6940.3608369032545
18451.0,-6940.348108649254
18452.0,-6940.335380395253
18453.0,-6940.3226521412535
18454.0,-6940.309923887253
18455.0,-6940.297195633252
18456.0,-6940.284467379252
18457.0,-6940.271739125252
18458.0,-6940.259010871251
18459.0,-6940.246282617251
18460.0,-6940.233554363251
18461.0,-6940.22082610925
18462.0,-6940.20809785525
18463.0,-6940.19536960125
18464.0,-6940.182641347249
18465.0,-6940.169913093249
18466.0,-6940.157184839249
18467.0,-6940.144456585248
18468.0,-6940.131728331248
18469.0,-6940.119000077248
18470.0,-6940.106271823247
18471.0,-6940.093543569247
18472.0,-6940.080815315247
18473.0,-6940.068087061246
18474.0,-6940.055358807246
18475.0,-6940.0426305532455
18476.0,-6940.029902299245
18477.0,-6940.017174045245
18478.0,-6940.0044457912445
18479.0,-6939.991717537244
18480.0,-6939.978989283244
18481.0,-6939.9662610292435
18482.0,-6939.953532775243
18483.0,-6939.940804521243
18484.0,-6939.928076267242
18485.0,-6939.915348013242
18486.0,-6939.902619759242
18487.0,-6939.889891505241
18488.0,-6939.877163251241
18489.0,-6939.864434997241
18490.0,-6939.85170674324
18491.0,-6939.83897848924
18492.0,-6939.82625023524
18493.0,-6939.813521981239
18494.0,-6939.800793727239
18495.0,-6939.788065473239
18496.0,-6939.775337219238
18497.0,-6939.762608965238
18498.0,-6939.749880711238
18499.0,-6939.737152457237
18500.0,-6939.724424203237
18501.0,-6939.711695949237
18502.0,-6939.698967695236
18503.0,-6939.686239441236
18504.0,-6939.673511187236
18505.0,-6939.660782933235
18506.0,-6939.6480546792345
18507.0,-6939.635326425235
18508.0,-6939.622598171234
18509.0,-6939.6098699172335
18510.0,-6939.597141663234
18511.0,-6939.584413409233
18512.0,-6939.571685155232
18513.0,-6939.558956901233
18514.0,-6939.546228647232
18515.0,-6939.533500393231
18516.0,-6939.520772139232
18517.0,-6939.508043885231
18518.0,-6939.49531563123
18519.0,-6939.482587377231
18520.0,-6939.46985912323
18521.0,-6939.457130869229
18522.0,-6939.44440261523
18523.0,-6939.431674361229
18524.0,-6939.418946107228
18525.0,-6939.406217853229
18526.0,-6939.393489599228
18527.0,-6939.380761345227
18528.0,-6939.3680330912275
18529.0,-6939.355304837227
18530.0,-6939.342576583226
18531.0,-6939.3298483292265
18532.0,-6939.317120075226
18533.0,-6939.304391821225
18534.0,-6939.291663567225
18535.0,-6939.278935313225
18536.0,-6939.266207059224
18537.0,-6939.253478805224
18538.0,-6939.240750551224
18539.0,-6939.228022297223
18540.0,-6939.215294043223
18541.0,-6939.202565789223
18542.0,-6939.189837535222
18543.0,-6939.177109281222
18544.0,-6939.164381027222
18545.0,-6939.151652773221
18546.0,-6939.138924519221
18547.0,-6939.126196265221
18548.0,-6939.11346801122
18549.0,-6939.10073975722
18550.0,-6939.08801150322
18551.0,-6939.075283249219
18552.0,-6939.062554995219
18553.0,-6939.049826741219
18554.0,-6939.037098487218
18555.0,-6939.024370233218
18556.0,-6939.0116419792175
18557.0,-6938.998913725217
18558.0,-6938.986185471217
18559.0,-6938.9734572172165
18560.0,-6938.960728963216
18561.0,-6938.948000709216
18562.0,-6938.935272455215
18563.0,-6938.922544201215
18564.0,-6938.909815947215
18565.0,-6938.897087693214
18566.0,-6938.884359439214
18567.0,-6938.871631185214
18568.0,-6938.858902931213
18569.0,-6938.846174677213
18570.0,-6938.833446423213
18571.0,-6938.820718169212
18572.0,-6938.807989915212
18573.0,-6938.795261661212
18574.0,-6938.782533407211
18575.0,-6938.769805153211
18576.0,-6938.757076899211
18577.0,-6938.74434864521
18578.0,-6938.73162039121
18579.0,-6938.71889213721
18580.0,-6938.706163883209
18581.0,-6938.693435629209
18582.0,-6938.680707375209
18583.0,-6938.667979121208
18584.0,-6938.6552508672075
18585.0,-6938.642522613208
18586.0,-6938.629794359207
18587.0,-6938.6170661052065
18588.0,-6938.604337851207
18589.0,-6938.591609597206
18590.0,-6938.5788813432055
18591.0,-6938.566153089206
18592.0,-6938.553424835205
18593.0,-6938.540696581204
18594.0,-6938.527968327205
18595.0,-6938.515240073204
18596.0,-6938.502511819203
18597.0,-6938.489783565204
18598.0,-6938.477055311203
18599.0,-6938.464327057202
18600.0,-6938.451598803203
18601.0,-6938.438870549202
18602.0,-6938.426142295201
18603.0,-6938.413414041202
18604.0,-6938.400685787201
18605.0,-6938.3879575332
18606.0,-6938.3752292792005
18607.0,-6938.3625010252
18608.0,-6938.349772771199
18609.0,-6938.3370445171995
18610.0,-6938.324316263199
18611.0,-6938.311588009198
18612.0,-6938.2988597551985
18613.0,-6938.286131501198
18614.0,-6938.273403247197
18615.0,-6938.260674993197
18616.0,-6938.247946739197
18617.0,-6938.235218485196
18618.0,-6938.222490231196
18619.0,-6938.209761977196
18620.0,-6938.197033723195
18621.0,-6938.184305469195
18622.0,-6938.171577215195
18623.0,-6938.158848961194
18624.0,-6938.146120707194
18625.0,-6938.133392453194
18626.0,-6938.120664199193
18627.0,-6938.107935945193
18628.0,-6938.095207691193
18629.0,-6938.082479437192
18630.0,-6938.069751183192
18631.0,-6938.057022929192
18632.0,-6938.044294675191
18633.0,-6938.031566421191
18634.0,-6938.018838167191
18635.0,-6938.00610991319
18636.0,-6937.99338165919
18637.0,-6937.9806534051895
18638.0,-6937.967925151189
18639.0,-6937.955196897189
18640.0,-6937.9424686431885
18641.0,-6937.929740389188
18642.0,-6937.917012135188
18643.0,-6937.904283881187
18644.0,-6937.891555627187
18645.0,-6937.878827373187
18646.0,-6937.866099119186
18647.0,-6937.853370865186
18648.0,-6937.840642611186
18649.0,-6937.827914357185
18650.0,-6937.815186103185
18651.0,-6937.802457849185
18652.0,-6937.789729595184
18653.0,-6937.777001341184
18654.0,-6937.764273087184
18655.0,-6937.751544833183
18656.0,-6937.738816579183
18657.0,-6937.726088325183
18658.0,-6937.713360071182
18659.0,-6937.700631817182
18660.0,-6937.687903563182
18661.0,-6937.675175309181
18662.0,-6937.662447055181
18663.0,-6937.649718801181
18664.0,-6937.63699054718
18665.0,-6937.6242622931795
18666.0,-6937.61153403918
18667.0,-6937.598805785179
18668.0,-6937.5860775311785
18669.0,-6937.573349277179
18670.0,-6937.560621023178
18671.0,-6937.547892769177
18672.0,-6937.535164515178
18673.0,-6937.522436261177
18674.0,-6937.509708007176
18675.0,-6937.496979753177
18676.0,-6937.484251499176
18677.0,-6937.471523245175
18678.0,-6937.458794991176
18679.0,-6937.446066737175
18680.0,-6937.433338483174
18681.0,-6937.420610229175
18682.0,-6937.407881975174
18683.0,-6937.395153721173
18684.0,-6937.382425467174
18685.0,-6937.369697213173
18686.0,-6937.356968959172
18687.0,-6937.3442407051725
18688.0,-6937.331512451172
18689.0,-6937.318784197171
18690.0,-6937.3060559431715
18691.0,-6937.293327689171
18692.0,-6937.28059943517
18693.0,-6937.26787118117
18694.0,-6937.25514292717
18695.0,-6937.242414673169
18696.0,-6937.229686419169
18697.0,-6937.216958165169
18698.0,-6937.204229911168
18699.0,-6937.191501657168
18700.0,-6937.178773403168
18701.0,-6937.166045149167
18702.0,-6937.153316895167
18703.0,-6937.140588641167
18704.0,-6937.127860387166
18705.0,-6937.115132133166
18706.0,-6937.102403879166
18707.0,-6937.089675625165
18708.0,-6937.076947371165
18709.0,-6937.064219117165
18710.0,-6937.051490863164
18711.0,-6937.038762609164
18712.0,-6937.026034355164
18713.0,-6937.013306101163
18714.0,-6937.000577847163
18715.0,-6936.9878495931625
18716.0,-6936.975121339162
18717.0,-6936.962393085162
18718.0,-6936.9496648311615
18719.0,-6936.936936577161
18720.0,-6936.924208323161
18721.0,-6936.9114800691605
18722.0,-6936.89875181516
18723.0,-6936.88602356116
18724.0,-6936.873295307159
18725.0,-6936.860567053159
18726.0,-6936.847838799159
18727.0,-6936.835110545158
18728.0,-6936.822382291158
18729.0,-6936.809654037158
18730.0,-6936.796925783157
18731.0,-6936.784197529157
18732.0,-6936.771469275157
18733.0,-6936.758741021156
18734.0,-6936.746012767156
18735.0,-6936.733284513156
18736.0,-6936.720556259155
18737.0,-6936.707828005155
18738.0,-6936.695099751155
18739.0,-6936.682371497154
18740.0,-6936.669643243154
18741.0,-6936.656914989154
18742.0,-6936.644186735153
18743.0,-6936.631458481153
18744.0,-6936.618730227153
18745.0,-6936.606001973152
18746.0,-6936.5932737191515
18747.0,-6936.580545465152
18748.0,-6936.567817211151
18749.0,-6936.5550889571505
18750.0,-6936.542360703151
18751.0,-6936.52963244915
18752.0,-6936.516904195149
18753.0,-6936.50417594115
18754.0,-6936.491447687149
18755.0,-6936.478719433148
18756.0,-6936.465991179149
18757.0,-6936.453262925148
18758.0,-6936.440534671147
18759.0,-6936.427806417148
18760.0,-6936.415078163147
18761.0,-6936.402349909146
18762.0,-6936.389621655147
18763.0,-6936.376893401146
18764.0,-6936.364165147145
18765.0,-6936.351436893146
18766.0,-6936.338708639145
18767.0,-6936.325980385144
18768.0,-6936.3132521311445
18769.0,-6936.300523877144
18770.0,-6936.287795623143
18771.0,-6936.2750673691435
18772.0,-6936.262339115143
18773.0,-6936.249610861142
18774.0,-6936.236882607142
18775.0,-6936.224154353142
18776.0,-6936.211426099141
18777.0,-6936.198697845141
18778.0,-6936.185969591141
18779.0,-6936.17324133714
18780.0,-6936.16051308314
18781.0,-6936.14778482914
18782.0,-6936.135056575139
18783.0,-6936.122328321139
18784.0,-6936.109600067139
18785.0,-6936.096871813138
18786.0,-6936.084143559138
18787.0,-6936.071415305138
18788.0,-6936.058687051137
18789.0,-6936.045958797137
18790.0,-6936.033230543137
18791.0,-6936.020502289136
18792.0,-6936.007774035136
18793.0,-6935.995045781136
18794.0,-6935.982317527135
18795.0,-6935.969589273135
18796.0,-6935.9568610191345
18797.0,-6935.944132765134
18798.0,-6935.931404511134
18799.0,-6935.9186762571335
18800.0,-6935.905948003133
18801.0,-6935.893219749133
18802.0,-6935.880491495132
18803.0,-6935.867763241132
18804.0,-6935.855034987132
18805.0,-6935.842306733131
18806.0,-6935.829578479131
18807.0,-6935.816850225131
18808.0,-6935.80412197113
18809.0,-6935.79139371713
18810.0,-6935.77866546313
18811.0,-6935.765937209129
18812.0,-6935.753208955129
18813.0,-6935.740480701129
18814.0,-6935.727752447128
18815.0,-6935.715024193128
18816.0,-6935.702295939128
18817.0,-6935.689567685127
18818.0,-6935.676839431127
18819.0,-6935.664111177127
18820.0,-6935.651382923126
18821.0,-6935.638654669126
18822.0,-6935.625926415126
18823.0,-6935.613198161125
18824.0,-6935.6004699071245
18825.0,-6935.587741653125
18826.0,-6935.575013399124
18827.0,-6935.5622851451235
18828.0,-6935.549556891124
18829.0,-6935.536828637123
18830.0,-6935.5241003831225
18831.0,-6935.511372129123
18832.0,-6935.498643875122
18833.0,-6935.485915621121
18834.0,-6935.473187367122
18835.0,-6935.460459113121
18836.0,-6935.44773085912
18837.0,-6935.435002605121
18838.0,-6935.42227435112
18839.0,-6935.409546097119
18840.0,-6935.39681784312
18841.0,-6935.384089589119
18842.0,-6935.371361335118
18843.0,-6935.358633081119
18844.0,-6935.345904827118
18845.0,-6935.333176573117
18846.0,-6935.3204483191175
18847.0,-6935.307720065117
18848.0,-6935.294991811116
18849.0,-6935.2822635571165
18850.0,-6935.269535303116
18851.0,-6935.256807049115
18852.0,-6935.2440787951155
18853.0,-6935.231350541115
18854.0,-6935.218622287114
18855.0,-6935.205894033114
18856.0,-6935.193165779114
18857.0,-6935.180437525113
18858.0,-6935.167709271113
18859.0,-6935.154981017113
18860.0,-6935.142252763112
18861.0,-6935.129524509112
18862.0,-6935.116796255112
18863.0,-6935.104068001111
18864.0,-6935.091339747111
18865.0,-6935.078611493111
18866.0,-6935.06588323911
18867.0,-6935.05315498511
18868.0,-6935.04042673111
18869.0,-6935.027698477109
18870.0,-6935.014970223109
18871.0,-6935.002241969109
18872.0,-6934.989513715108
18873.0,-6934.976785461108
18874.0,-6934.9640572071075
18875.0,-6934.951328953107
18876.0,-6934.938600699107
18877.0,-6934.9258724451065
18878.0,-6934.913144191106
18879.0,-6934.900415937106
18880.0,-6934.8876876831055
18881.0,-6934.874959429105
18882.0,-6934.862231175105
18883.0,-6934.849502921104
18884.0,-6934.836774667104
18885.0,-6934.824046413104
18886.0,-6934.811318159103
18887.0,-6934.798589905103
18888.0,-6934.785861651103
18889.0,-6934.773133397102
18890.0,-6934.760405143102
18891.0,-6934.747676889102
18892.0,-6934.734948635101
18893.0,-6934.722220381101
18894.0,-6934.709492127101
18895.0,-6934.6967638731
18896.0,-6934.6840356191
18897.0,-6934.6713073651
18898.0,-6934.658579111099
18899.0,-6934.645850857099
18900.0,-6934.633122603099
18901.0,-6934.620394349098
18902.0,-6934.607666095098
18903.0,-6934.594937841098
18904.0,-6934.582209587097
18905.0,-6934.5694813330965
18906.0,-6934.556753079097
18907.0,-6934.544024825096
18908.0,-6934.5312965710955
18909.0,-6934.518568317096
18910.0,-6934.505840063095
18911.0,-6934.493111809094
18912.0,-6934.480383555095
18913.0,-6934.467655301094
18914.0,-6934.454927047093
18915.0,-6934.442198793094
18916.0,-6934.429470539093
18917.0,-6934.416742285092
18918.0,-6934.404014031093
18919.0,-6934.391285777092
18920.0,-6934.378557523091
18921.0,-6934.365829269092
18922.0,-6934.353101015091
18923.0,-6934.34037276109
18924.0,-6934.327644507091
18925.0,-6934.31491625309
18926.0,-6934.302187999089
18927.0,-6934.2894597450895
18928.0,-6934.276731491089
18929.0,-6934.264003237088
18930.0,-6934.2512749830885
18931.0,-6934.238546729088
18932.0,-6934.225818475087
18933.0,-6934.213090221087
18934.0,-6934.200361967087
18935.0,-6934.187633713086
18936.0,-6934.174905459086
18937.0,-6934.162177205086
18938.0,-6934.149448951085
18939.0,-6934.136720697085
18940.0,-6934.123992443085
18941.0,-6934.111264189084
18942.0,-6934.098535935084
18943.0,-6934.085807681084
18944.0,-6934.073079427083
18945.0,-6934.060351173083
18946.0,-6934.047622919083
18947.0,-6934.034894665082
18948.0,-6934.022166411082
18949.0,-6934.009438157082
18950.0,-6933.996709903081
18951.0,-6933.983981649081
18952.0,-6933.971253395081
18953.0,-6933.95852514108
18954.0,-6933.94579688708
18955.0,-6933.9330686330795
18956.0,-6933.920340379079
18957.0,-6933.907612125079
18958.0,-6933.8948838710785
18959.0,-6933.882155617078
18960.0,-6933.869427363078
18961.0,-6933.856699109077
18962.0,-6933.843970855077
18963.0,-6933.831242601077
18964.0,-6933.818514347076
18965.0,-6933.805786093076
18966.0,-6933.793057839076
18967.0,-6933.780329585075
18968.0,-6933.767601331075
18969.0,-6933.754873077075
18970.0,-6933.742144823074
18971.0,-6933.729416569074
18972.0,-6933.716688315074
18973.0,-6933.703960061073
18974.0,-6933.691231807073
18975.0,-6933.678503553073
18976.0,-6933.665775299072
18977.0,-6933.653047045072
18978.0,-6933.640318791072
18979.0,-6933.627590537071
18980.0,-6933.614862283071
18981.0,-6933.602134029071
18982.0,-6933.58940577507
18983.0,-6933.5766775210695
18984.0,-6933.56394926707
18985.0,-6933.551221013069
18986.0,-6933.5384927590685
18987.0,-6933.525764505069
18988.0,-6933.513036251068
18989.0,-6933.5003079970675
18990.0,-6933.487579743068
18991.0,-6933.474851489067
18992.0,-6933.462123235066
18993.0,-6933.449394981067
18994.0,-6933.436666727066
18995.0,-6933.423938473065
18996.0,-6933.411210219066
18997.0,-6933.398481965065
18998.0,-6933.385753711064
18999.0,-6933.373025457065
19000.0,-6933.360297203064
19001.0,-6933.347568949063
19002.0,-6933.334840695064
19003.0,-6933.322112441063
19004.0,-6933.309384187062
19005.0,-6933.2966559330625
19006.0,-6933.283927679062
19007.0,-6933.271199425061
19008.0,-6933.2584711710615
19009.0,-6933.245742917061
19010.0,-6933.23301466306
19011.0,-6933.2202864090605
19012.0,-6933.20755815506
19013.0,-6933.194829901059
19014.0,-6933.182101647059
19015.0,-6933.169373393059
19016.0,-6933.156645139058
19017.0,-6933.143916885058
19018.0,-6933.131188631058
19019.0,-6933.118460377057
19020.0,-6933.105732123057
19021.0,-6933.093003869057
19022.0,-6933.080275615056
19023.0,-6933.067547361056
19024.0,-6933.054819107056
19025.0,-6933.042090853055
19026.0,-6933.029362599055
19027.0,-6933.016634345055
19028.0,-6933.003906091054
19029.0,-6932.991177837054
19030.0,-6932.978449583054
19031.0,-6932.965721329053
19032.0,-6932.952993075053
19033.0,-6932.940264821053
19034.0,-6932.927536567052
19035.0,-6932.914808313052
19036.0,-6932.9020800590515
19037.0,-6932.889351805051
19038.0,-6932.876623551051
19039.0,-6932.8638952970505
19040.0,-6932.85116704305
19041.0,-6932.83843878905
19042.0,-6932.825710535049
19043.0,-6932.812982281049
19044.0,-6932.800254027049
19045.0,-6932.787525773048
19046.0,-6932.774797519048
19047.0,-6932.762069265048
19048.0,-6932.749341011047
19049.0,-6932.736612757047
19050.0,-6932.723884503047
19051.0,-6932.711156249046
19052.0,-6932.698427995046
19053.0,-6932.685699741046
19054.0,-6932.672971487045
19055.0,-6932.660243233045
19056.0,-6932.647514979045
19057.0,-6932.634786725044
19058.0,-6932.622058471044
19059.0,-6932.609330217044
19060.0,-6932.596601963043
19061.0,-6932.583873709043
19062.0,-6932.571145455043
19063.0,-6932.558417201042
19064.0,-6932.5456889470415
19065.0,-6932.532960693042
19066.0,-6932.520232439041
19067.0,-6932.5075041850405
19068.0,-6932.494775931041
19069.0,-6932.48204767704
19070.0,-6932.469319423039
19071.0,-6932.45659116904
19072.0,-6932.443862915039
19073.0,-6932.431134661038
19074.0,-6932.418406407039
19075.0,-6932.405678153038
19076.0,-6932.392949899037
19077.0,-6932.380221645038
19078.0,-6932.367493391037
19079.0,-6932.354765137036
19080.0,-6932.342036883037
19081.0,-6932.329308629036
19082.0,-6932.316580375035
19083.0,-6932.303852121036
19084.0,-6932.291123867035
19085.0,-6932.278395613034
19086.0,-6932.2656673590345
19087.0,-6932.252939105034
19088.0,-6932.240210851033
19089.0,-6932.2274825970335
19090.0,-6932.214754343033
19091.0,-6932.202026089032
19092.0,-6932.189297835032
19093.0,-6932.176569581032
19094.0,-6932.163841327031
19095.0,-6932.151113073031
19096.0,-6932.138384819031
19097.0,-6932.12565656503
19098.0,-6932.11292831103
19099.0,-6932.10020005703
19100.0,-6932.087471803029
19101.0,-6932.074743549029
19102.0,-6932.062015295029
19103.0,-6932.049287041028
19104.0,-6932.036558787028
19105.0,-6932.023830533028
19106.0,-6932.011102279027
19107.0,-6931.998374025027
19108.0,-6931.985645771027
19109.0,-6931.972917517026
19110.0,-6931.960189263026
19111.0,-6931.947461009026
19112.0,-6931.934732755025
19113.0,-6931.922004501025
19114.0,-6931.9092762470245
19115.0,-6931.896547993024
19116.0,-6931.883819739024
19117.0,-6931.8710914850235
19118.0,-6931.858363231023
19119.0,-6931.845634977023
19120.0,-6931.8329067230225
19121.0,-6931.820178469022
19122.0,-6931.807450215022
19123.0,-6931.794721961021
19124.0,-6931.781993707021
19125.0,-6931.769265453021
19126.0,-6931.75653719902
19127.0,-6931.74380894502
19128.0,-6931.73108069102
19129.0,-6931.718352437019
19130.0,-6931.705624183019
19131.0,-6931.692895929019
19132.0,-6931.680167675018
19133.0,-6931.667439421018
19134.0,-6931.654711167018
19135.0,-6931.641982913017
19136.0,-6931.629254659017
19137.0,-6931.616526405017
19138.0,-6931.603798151016
19139.0,-6931.591069897016
19140.0,-6931.578341643016
19141.0,-6931.565613389015
19142.0,-6931.552885135015
19143.0,-6931.540156881015
19144.0,-6931.527428627014
19145.0,-6931.5147003730135
19146.0,-6931.501972119014
19147.0,-6931.489243865013
19148.0,-6931.4765156110125
19149.0,-6931.463787357013
19150.0,-6931.451059103012
19151.0,-6931.438330849011
19152.0,-6931.425602595012
19153.0,-6931.412874341011
19154.0,-6931.40014608701
19155.0,-6931.387417833011
19156.0,-6931.37468957901
19157.0,-6931.361961325009
19158.0,-6931.34923307101
19159.0,-6931.336504817009
19160.0,-6931.323776563008
19161.0,-6931.311048309009
19162.0,-6931.298320055008
19163.0,-6931.285591801007
19164.0,-6931.272863547008
19165.0,-6931.260135293007
19166.0,-6931.247407039006
19167.0,-6931.2346787850065
19168.0,-6931.221950531006
19169.0,-6931.209222277005
19170.0,-6931.1964940230055
19171.0,-6931.183765769005
19172.0,-6931.171037515004
19173.0,-6931.158309261004
19174.0,-6931.145581007004
19175.0,-6931.132852753003
19176.0,-6931.120124499003
19177.0,-6931.107396245003
19178.0,-6931.094667991002
19179.0,-6931.081939737002
19180.0,-6931.069211483002
19181.0,-6931.056483229001
19182.0,-6931.043754975001
19183.0,-6931.031026721001
19184.0,-6931.018298467
19185.0,-6931.005570213
19186.0,-6930.992841959
19187.0,-6930.980113704999
19188.0,-6930.967385450999
19189.0,-6930.954657196999
19190.0,-6930.941928942998
19191.0,-6930.929200688998
19192.0,-6930.916472434998
19193.0,-6930.903744180997
19194.0,-6930.891015926997
19195.0,-6930.8782876729965
19196.0,-6930.865559418996
19197.0,-6930.852831164996
19198.0,-6930.8401029109955
19199.0,-6930.827374656995
19200.0,-6930.814646402995
19201.0,-6930.801918148994
19202.0,-6930.789189894994
19203.0,-6930.776461640994
19204.0,-6930.763733386993
19205.0,-6930.751005132993
19206.0,-6930.738276878993
19207.0,-6930.725548624992
19208.0,-6930.712820370992
19209.0,-6930.700092116992
19210.0,-6930.687363862991
19211.0,-6930.674635608991
19212.0,-6930.661907354991
19213.0,-6930.64917910099
19214.0,-6930.63645084699
19215.0,-6930.62372259299
19216.0,-6930.610994338989
19217.0,-6930.598266084989
19218.0,-6930.585537830989
19219.0,-6930.572809576988
19220.0,-6930.560081322988
19221.0,-6930.547353068988
19222.0,-6930.534624814987
19223.0,-6930.5218965609865
19224.0,-6930.509168306987
19225.0,-6930.496440052986
19226.0,-6930.4837117989855
19227.0,-6930.470983544986
19228.0,-6930.458255290985
19229.0,-6930.4455270369845
19230.0,-6930.432798782985
19231.0,-6930.420070528984
19232.0,-6930.407342274983
19233.0,-6930.394614020984
19234.0,-6930.381885766983
19235.0,-6930.369157512982
19236.0,-6930.356429258983
19237.0,-6930.343701004982
19238.0,-6930.330972750981
19239.0,-6930.318244496982
19240.0,-6930.305516242981
19241.0,-6930.29278798898
19242.0,-6930.280059734981
19243.0,-6930.26733148098
19244.0,-6930.254603226979
19245.0,-6930.2418749729795
19246.0,-6930.229146718979
19247.0,-6930.216418464978
19248.0,-6930.2036902109785
19249.0,-6930.190961956978
19250.0,-6930.178233702977
19251.0,-6930.1655054489775
19252.0,-6930.152777194977
19253.0,-6930.140048940976
19254.0,-6930.127320686976
19255.0,-6930.114592432976
19256.0,-6930.101864178975
19257.0,-6930.089135924975
19258.0,-6930.076407670975
19259.0,-6930.063679416974
19260.0,-6930.050951162974
19261.0,-6930.038222908974
19262.0,-6930.025494654973
19263.0,-6930.012766400973
19264.0,-6930.000038146973
19265.0,-6929.987309892972
19266.0,-6929.974581638972
19267.0,-6929.961853384972
19268.0,-6929.949125130971
19269.0,-6929.936396876971
19270.0,-6929.923668622971
19271.0,-6929.91094036897
19272.0,-6929.89821211497
19273.0,-6929.8854838609695
19274.0,-6929.872755606969
19275.0,-6929.860027352969
19276.0,-6929.8472990989685
19277.0,-6929.834570844968
19278.0,-6929.821842590968
19279.0,-6929.8091143369675
19280.0,-6929.796386082967
19281.0,-6929.783657828967
19282.0,-6929.770929574966
19283.0,-6929.758201320966
19284.0,-6929.745473066966
19285.0,-6929.732744812965
19286.0,-6929.720016558965
19287.0,-6929.707288304965
19288.0,-6929.694560050964
19289.0,-6929.681831796964
19290.0,-6929.669103542964
19291.0,-6929.656375288963
19292.0,-6929.643647034963
19293.0,-6929.630918780963
19294.0,-6929.618190526962
19295.0,-6929.605462272962
19296.0,-6929.592734018962
19297.0,-6929.580005764961
19298.0,-6929.567277510961
19299.0,-6929.554549256961
19300.0,-6929.54182100296
19301.0,-6929.52909274896
19302.0,-6929.51636449496
19303.0,-6929.503636240959
19304.0,-6929.4909079869585
19305.0,-6929.478179732959
19306.0,-6929.465451478958
19307.0,-6929.4527232249575
19308.0,-6929.439994970958
19309.0,-6929.427266716957
19310.0,-6929.414538462956
19311.0,-6929.401810208957
19312.0,-6929.389081954956
19313.0,-6929.376353700955
19314.0,-6929.363625446956
19315.0,-6929.350897192955
19316.0,-6929.338168938954
19317.0,-6929.325440684955
19318.0,-6929.312712430954
19319.0,-6929.299984176953
19320.0,-6929.287255922954
19321.0,-6929.274527668953
19322.0,-6929.261799414952
19323.0,-6929.249071160953
19324.0,-6929.236342906952
19325.0,-6929.223614652951
19326.0,-6929.2108863989515
19327.0,-6929.198158144951
19328.0,-6929.18542989095
19329.0,-6929.1727016369505
19330.0,-6929.15997338295
19331.0,-6929.147245128949
19332.0,-6929.134516874949
19333.0,-6929.121788620949
19334.0,-6929.109060366948
19335.0,-6929.096332112948
19336.0,-6929.083603858948
19337.0,-6929.070875604947
19338.0,-6929.058147350947
19339.0,-6929.045419096947
19340.0,-6929.032690842946
19341.0,-6929.019962588946
19342.0,-6929.007234334946
19343.0,-6928.994506080945
19344.0,-6928.981777826945
19345.0,-6928.969049572945
19346.0,-6928.956321318944
19347.0,-6928.943593064944
19348.0,-6928.930864810944
19349.0,-6928.918136556943
19350.0,-6928.905408302943
19351.0,-6928.892680048943
19352.0,-6928.879951794942
19353.0,-6928.867223540942
19354.0,-6928.8544952869415
19355.0,-6928.841767032941
19356.0,-6928.829038778941
19357.0,-6928.8163105249405
19358.0,-6928.80358227094
19359.0,-6928.79085401694
19360.0,-6928.778125762939
19361.0,-6928.765397508939
19362.0,-6928.752669254939
19363.0,-6928.739941000938
19364.0,-6928.727212746938
19365.0,-6928.714484492938
19366.0,-6928.701756238937
19367.0,-6928.689027984937
19368.0,-6928.676299730937
19369.0,-6928.663571476936
19370.0,-6928.650843222936
19371.0,-6928.638114968936
19372.0,-6928.625386714935
19373.0,-6928.612658460935
19374.0,-6928.599930206935
19375.0,-6928.587201952934
19376.0,-6928.574473698934
19377.0,-6928.561745444934
19378.0,-6928.549017190933
19379.0,-6928.536288936933
19380.0,-6928.523560682933
19381.0,-6928.510832428932
19382.0,-6928.4981041749315
19383.0,-6928.485375920932
19384.0,-6928.472647666931
19385.0,-6928.4599194129305
19386.0,-6928.447191158931
19387.0,-6928.43446290493
19388.0,-6928.4217346509295
19389.0,-6928.40900639693
19390.0,-6928.396278142929
19391.0,-6928.383549888928
19392.0,-6928.370821634929
19393.0,-6928.358093380928
19394.0,-6928.345365126927
19395.0,-6928.332636872928
19396.0,-6928.319908618927
19397.0,-6928.307180364926
19398.0,-6928.294452110927
19399.0,-6928.281723856926
19400.0,-6928.268995602925
19401.0,-6928.256267348926
19402.0,-6928.243539094925
19403.0,-6928.230810840924
19404.0,-6928.2180825869245
19405.0,-6928.205354332924
19406.0,-6928.192626078923
19407.0,-6928.1798978249235
19408.0,-6928.167169570923
19409.0,-6928.154441316922
19410.0,-6928.1417130629225
19411.0,-6928.128984808922
19412.0,-6928.116256554921
19413.0,-6928.103528300921
19414.0,-6928.090800046921
19415.0,-6928.07807179292
19416.0,-6928.06534353892
19417.0,-6928.05261528492
19418.0,-6928.039887030919
19419.0,-6928.027158776919
19420.0,-6928.014430522919
19421.0,-6928.001702268918
19422.0,-6927.988974014918
19423.0,-6927.976245760918
19424.0,-6927.963517506917
19425.0,-6927.950789252917
19426.0,-6927.938060998917
19427.0,-6927.925332744916
19428.0,-6927.912604490916
19429.0,-6927.899876236916
19430.0,-6927.887147982915
19431.0,-6927.874419728915
19432.0,-6927.861691474915
19433.0,-6927.848963220914
19434.0,-6927.836234966914
19435.0,-6927.8235067129135
19436.0,-6927.810778458913
19437.0,-6927.798050204913
19438.0,-6927.7853219509125
19439.0,-6927.772593696912
19440.0,-6927.759865442912
19441.0,-6927.747137188911
19442.0,-6927.734408934911
19443.0,-6927.721680680911
19444.0,-6927.70895242691
19445.0,-6927.69622417291
19446.0,-6927.68349591891
19447.0,-6927.670767664909
19448.0,-6927.658039410909
19449.0,-6927.645311156909
19450.0,-6927.632582902908
19451.0,-6927.619854648908
19452.0,-6927.607126394908
19453.0,-6927.594398140907
19454.0,-6927.581669886907
19455.0,-6927.568941632907
19456.0,-6927.556213378906
19457.0,-6927.508374025424
19458.0,-6927.460534671943
19459.0,-6927.4126953184605
19460.0,-6927.364855964978
19461.0,-6927.317016611497
19462.0,-6927.269177258015
19463.0,-6927.221337904532
19464.0,-6927.173498551051
19465.0,-6927.125659197569
19466.0,-6927.077819844087
19467.0,-6927.029980490605
19468.0,-6926.982141137123
19469.0,-6926.934301783641
19470.0,-6926.88646243016
19471.0,-6926.838623076677
19472.0,-6926.790783723195
19473.0,-6926.742944369714
19474.0,-6926.6951050162315
19475.0,-6926.647265662749
19476.0,-6926.599426309268
19477.0,-6926.551586955786
19478.0,-6926.5037476023035
19479.0,-6926.455908248822
19480.0,-6926.40806889534
19481.0,-6926.360229541858
19482.0,-6926.312390188376
19483.0,-6926.264550834894
19484.0,-6926.216711481412
19485.0,-6926.168872127931
19486.0,-6926.121032774448
19487.0,-6926.073193420966
19488.0,-6926.025354067485
19489.0,-6925.977514714003
19490.0,-6925.92967536052
19491.0,-6925.881836007039
19492.0,-6925.833996653557
19493.0,-6925.786157300075
19494.0,-6925.738317946593
19495.0,-6925.690478593111
19496.0,-6925.642639239629
19497.0,-6925.5947998861475
19498.0,-6925.546960532665
19499.0,-6925.499121179183
19500.0,-6925.451281825702
19501.0,-6925.4034424722195
19502.0,-6925.355603118737
19503.0,-6925.307763765256
19504.0,-6925.259924411774
19505.0,-6925.212085058291
19506.0,-6925.16424570481
19507.0,-6925.116406351328
19508.0,-6925.068566997846
19509.0,-6925.020727644364
19510.0,-6924.972888290882
19511.0,-6924.9250489374
19512.0,-6924.877209583919
19513.0,-6924.829370230436
19514.0,-6924.781530876954
19515.0,-6924.733691523473
19516.0,-6924.6858521699905
19517.0,-6924.638012816508
19518.0,-6924.590173463027
19519.0,-6924.542334109545
19520.0,-6924.4944947560625
19521.0,-6924.446655402581
19522.0,-6924.398816049099
19523.0,-6924.350976695617
19524.0,-6924.303137342135
19525.0,-6924.255297988653
19526.0,-6924.207458635171
19527.0,-6924.15961928169
19528.0,-6924.111779928207
19529.0,-6924.063940574725
19530.0,-6924.016101221244
19531.0,-6923.968261867762
19532.0,-6923.920422514279
19533.0,-6923.872583160798
19534.0,-6923.824743807316
19535.0,-6923.776904453834
19536.0,-6923.729065100352
19537.0,-6923.68122574687
19538.0,-6923.633386393388
19539.0,-6923.5855470399065
19540.0,-6923.537707686424
19541.0,-6923.489868332942
19542.0,-6923.442028979461
19543.0,-6923.3941896259785
19544.0,-6923.346350272496
19545.0,-6923.298510919015
19546.0,-6923.250671565533
19547.0,-6923.20283221205
19548.0,-6923.154992858569
19549.0,-6923.107153505087
19550.0,-6923.059314151605
19551.0,-6923.011474798123
19552.0,-6922.963635444641
19553.0,-6922.915796091159
19554.0,-6922.867956737678
19555.0,-6922.820117384195
19556.0,-6922.772278030713
19557.0,-6922.724438677232
19558.0,-6922.6765993237495
19559.0,-6922.628759970267
19560.0,-6922.580920616786
19561.0,-6922.533081263304
19562.0,-6922.4852419098215
19563.0,-6922.43740255634
19564.0,-6922.389563202858
19565.0,-6922.341723849376
19566.0,-6922.293884495894
19567.0,-6922.246045142412
19568.0,-6922.19820578893
19569.0,-6922.150366435449
19570.0,-6922.102527081966
19571.0,-6922.054687728484
19572.0,-6922.006848375003
19573.0,-6921.959009021521
19574.0,-6921.911169668038
19575.0,-6921.863330314557
19576.0,-6921.815490961075
19577.0,-6921.767651607593
19578.0,-6921.719812254111
19579.0,-6921.671972900629
19580.0,-6921.624133547147
19581.0,-6921.5762941936655
19582.0,-6921.528454840183
19583.0,-6921.480615486701
19584.0,-6921.43277613322
19585.0,-6921.3849367797375
19586.0,-6921.337097426255
19587.0,-6921.289258072774
19588.0,-6921.241418719292
19589.0,-6921.1935793658095
19590.0,-6921.145740012328
19591.0,-6921.097900658846
19592.0,-6921.050061305364
19593.0,-6921.002221951882
19594.0,-6920.9543825984
19595.0,-6920.906543244918
19596.0,-6920.858703891437
19597.0,-6920.810864537954
19598.0,-6920.763025184472
19599.0,-6920.715185830991
19600.0,-6920.6673464775085
19601.0,-6920.619507124026
19602.0,-6920.571667770545
19603.0,-6920.523828417063
19604.0,-6920.4759890635805
19605.0,-6920.428149710099
19606.0,-6920.380310356617
19607.0,-6920.332471003135
19608.0,-6920.284631649653
19609.0,-6920.236792296171
19610.0,-6920.188952942689
19611.0,-6920.141113589208
19612.0,-6920.093274235725
19613.0,-6920.045434882243
19614.0,-6919.997595528762
19615.0,-6919.94975617528
19616.0,-6919.901916821797
19617.0,-6919.854077468316
19618.0,-6919.806238114834
19619.0,-6919.758398761352
19620.0,-6919.71055940787
19621.0,-6919.662720054388
19622.0,-6919.614880700906
19623.0,-6919.5670413474245
19624.0,-6919.519201993942
19625.0,-6919.47136264046
19626.0,-6919.423523286979
19627.0,-6919.3756839334965
19628.0,-6919.327844580014
19629.0,-6919.280005226533
19630.0,-6919.232165873051
19631.0,-6919.1843265195685
19632.0,-6919.136487166087
19633.0,-6919.088647812605
19634.0,-6919.040808459123
19635.0,-6918.992969105641
19636.0,-6918.945129752159
19637.0,-6918.897290398677
19638.0,-6918.849451045196
19639.0,-6918.801611691713
19640.0,-6918.753772338231
19641.0,-6918.70593298475
19642.0,-6918.658093631268
19643.0,-6918.610254277785
19644.0,-6918.562414924304
19645.0,-6918.514575570822
19646.0,-6918.4667362173395
19647.0,-6918.418896863858
19648.0,-6918.371057510376
19649.0,-6918.323218156894
19650.0,-6918.275378803412
19651.0,-6918.22753944993
19652.0,-6918.179700096448
19653.0,-6918.131860742967
19654.0,-6918.084021389484
19655.0,-6918.036182036002
19656.0,-6917.988342682521
19657.0,-6917.940503329039
19658.0,-6917.892663975556
19659.0,-6917.844824622075
19660.0,-6917.796985268593
19661.0,-6917.749145915111
19662.0,-6917.701306561629
19663.0,-6917.653467208147
19664.0,-6917.605627854665
19665.0,-6917.5577885011835
19666.0,-6917.509949147701
19667.0,-6917.462109794219
19668.0,-6917.414270440738
19669.0,-6917.3664310872555
19670.0,-6917.318591733773
19671.0,-6917.270752380292
19672.0,-6917.22291302681
19673.0,-6917.1750736733275
19674.0,-6917.127234319846
19675.0,-6917.079394966364
19676.0,-6917.031555612882
19677.0,-6916.9837162594
19678.0,-6916.935876905918
19679.0,-6916.888037552436
19680.0,-6916.840198198955
19681.0,-6916.792358845472
19682.0,-6916.74451949199
19683.0,-6916.696680138509
19684.0,-6916.648840785027
19685.0,-6916.601001431544
19686.0,-6916.553162078063
19687.0,-6916.505322724581
19688.0,-6916.4574833710985
19689.0,-6916.409644017617
19690.0,-6916.361804664135
19691.0,-6916.313965310653
19692.0,-6916.266125957171
19693.0,-6916.218286603689
19694.0,-6916.170447250207
19695.0,-6916.122607896726
19696.0,-6916.074768543243
19697.0,-6916.026929189761
19698.0,-6915.97908983628
19699.0,-6915.931250482798
19700.0,-6915.883411129315
19701.0,-6915.835571775834
19702.0,-6915.787732422352
19703.0,-6915.73989306887
19704.0,-6915.692053715388
19705.0,-6915.644214361906
19706.0,-6915.596375008424
19707.0,-6915.5485356549425
19708.0,-6915.50069630146
19709.0,-6915.452856947978
19710.0,-6915.405017594497
19711.0,-6915.3571782410145
19712.0,-6915.309338887532
19713.0,-6915.261499534051
19714.0,-6915.213660180569
19715.0,-6915.1658208270865
19716.0,-6915.117981473605
19717.0,-6915.070142120123
19718.0,-6915.022302766641
19719.0,-6914.974463413159
19720.0,-6914.926624059677
19721.0,-6914.878784706195
19722.0,-6914.830945352714
19723.0,-6914.783105999231
19724.0,-6914.735266645749
19725.0,-6914.687427292268
19726.0,-6914.639587938786
19727.0,-6914.591748585303
19728.0,-6914.543909231822
19729.0,-6914.49606987834
19730.0,-6914.4482305248575
19731.0,-6914.400391171376
19732.0,-6914.352551817894
19733.0,-6914.304712464412
19734.0,-6914.25687311093
19735.0,-6914.209033757448
19736.0,-6914.161194403966
19737.0,-6914.113355050485
19738.0,-6914.065515697002
19739.0,-6914.01767634352
19740.0,-6913.969836990039
19741.0,-6913.921997636557
19742.0,-6913.874158283074
19743.0,-6913.826318929593
19744.0,-6913.778479576111
19745.0,-6913.730640222629
19746.0,-6913.682800869147
19747.0,-6913.634961515665
19748.0,-6913.587122162183
19749.0,-6913.5392828087015
19750.0,-6913.491443455219
19751.0,-6913.443604101737
19752.0,-6913.395764748256
19753.0,-6913.3479253947735
19754.0,-6913.300086041291
19755.0,-6913.25224668781
19756.0,-6913.204407334328
19757.0,-6913.1565679808455
19758.0,-6913.108728627364
19759.0,-6913.060889273882
19760.0,-6913.0130499204
19761.0,-6912.965210566918
19762.0,-6912.917371213436
19763.0,-6912.869531859954
19764.0,-6912.821692506473
19765.0,-6912.77385315299
19766.0,-6912.726013799508
19767.0,-6912.678174446027
19768.0,-6912.630335092545
19769.0,-6912.582495739062
19770.0,-6912.534656385581
19771.0,-6912.486817032099
19772.0,-6912.4389776786165
19773.0,-6912.391138325135
19774.0,-6912.343298971653
19775.0,-6912.295459618171
19776.0,-6912.247620264689
19777.0,-6912.199780911207
19778.0,-6912.151941557725
19779.0,-6912.104102204244
19780.0,-6912.056262850761
19781.0,-6912.008423497279
19782.0,-6911.960584143798
19783.0,-6911.912744790316
19784.0,-6911.864905436833
19785.0,-6911.817066083352
19786.0,-6911.76922672987
19787.0,-6911.721387376388
19788.0,-6911.673548022906
19789.0,-6911.625708669424
19790.0,-6911.577869315942
19791.0,-6911.5300299624605
19792.0,-6911.482190608978
19793.0,-6911.434351255496
19794.0,-6911.386511902015
19795.0,-6911.3386725485325
19796.0,-6911.29083319505
19797.0,-6911.242993841569
19798.0,-6911.195154488087
19799.0,-6911.1473151346045
19800.0,-6911.099475781123
19801.0,-6911.051636427641
19802.0,-6911.003797074159
19803.0,-6910.955957720677
19804.0,-6910.908118367195
19805.0,-6910.860279013713
19806.0,-6910.812439660232
19807.0,-6910.764600306749
19808.0,-6910.716760953267
19809.0,-6910.668921599786
19810.0,-6910.621082246304
19811.0,-6910.573242892821
19812.0,-6910.52540353934
19813.0,-6910.477564185858
19814.0,-6910.4297248323755
19815.0,-6910.381885478894
19816.0,-6910.334046125412
19817.0,-6910.28620677193
19818.0,-6910.238367418448
19819.0,-6910.190528064966
19820.0,-6910.142688711484
19821.0,-6910.094849358003
19822.0,-6910.04701000452
19823.0,-6909.999170651038
19824.0,-6909.951331297557
19825.0,-6909.903491944075
19826.0,-6909.855652590592
19827.0,-6909.807813237111
19828.0,-6909.759973883629
19829.0,-6909.712134530147
19830.0,-6909.664295176665
19831.0,-6909.616455823183
19832.0,-6909.568616469701
19833.0,-6909.5207771162195
19834.0,-6909.472937762737
19835.0,-6909.425098409255
19836.0,-6909.377259055774
19837.0,-6909.3294197022915
19838.0,-6909.281580348809
19839.0,-6909.233740995328
19840.0,-6909.185901641846
19841.0,-6909.1380622883635
19842.0,-6909.090222934882
19843.0,-6909.0423835814
19844.0,-6908.994544227918
19845.0,-6908.946704874436
19846.0,-6908.898865520954
19847.0,-6908.851026167472
19848.0,-6908.803186813991
19849.0,-6908.755347460508
19850.0,-6908.707508107026
19851.0,-6908.659668753545
19852.0,-6908.611829400063
19853.0,-6908.56399004658
19854.0,-6908.516150693099
19855.0,-6908.468311339617
19856.0,-6908.4204719861345
19857.0,-6908.372632632653
19858.0,-6908.324793279171
19859.0,-6908.276953925689
19860.0,-6908.229114572207
19861.0,-6908.181275218725
19862.0,-6908.133435865243
19863.0,-6908.085596511762
19864.0,-6908.037757158279
19865.0,-6907.989917804797
19866.0,-6907.942078451316
19867.0,-6907.894239097834
19868.0,-6907.846399744351
19869.0,-6907.79856039087
19870.0,-6907.750721037388
19871.0,-6907.702881683906
19872.0,-6907.655042330424
19873.0,-6907.607202976942
19874.0,-6907.55936362346
19875.0,-6907.5115242699785
19876.0,-6907.463684916496
19877.0,-6907.415845563014
19878.0,-6907.368006209533
19879.0,-6907.3201668560505
19880.0,-6907.272327502568
19881.0,-6907.224488149087
19882.0,-6907.176648795605
19883.0,-6907.1288094421225
19884.0,-6907.080970088641
19885.0,-6907.033130735159
19886.0,-6906.985291381677
19887.0,-6906.937452028195
19888.0,-6906.889612674713
19889.0,-6906.841773321231
19890.0,-6906.79393396775
19891.0,-6906.746094614267
19892.0,-6906.698255260785
19893.0,-6906.650415907304
19894.0,-6906.602576553822
19895.0,-6906.554737200339
19896.0,-6906.506897846858
19897.0,-6906.459058493376
19898.0,-6906.411219139894
19899.0,-6906.363379786412
19900.0,-6906.31554043293
19901.0,-6906.267701079448
19902.0,-6906.219861725966
19903.0,-6906.172022372484
19904.0,-6906.124183019002
19905.0,-6906.076343665521
19906.0,-6906.028504312038
19907.0,-6905.980664958556
19908.0,-6905.932825605075
19909.0,-6905.884986251593
19910.0,-6905.83714689811
19911.0,-6905.789307544629
19912.0,-6905.741468191147
19913.0,-6905.693628837665
19914.0,-6905.645789484183
19915.0,-6905.597950130701
19916.0,-6905.550110777219
19917.0,-6905.5022714237375
19918.0,-6905.454432070255
19919.0,-6905.406592716773
19920.0,-6905.358753363292
19921.0,-6905.3109140098095
19922.0,-6905.263074656327
19923.0,-6905.215235302846
19924.0,-6905.167395949364
19925.0,-6905.1195565958815
19926.0,-6905.0717172424
19927.0,-6905.023877888918
19928.0,-6904.976038535436
19929.0,-6904.928199181954
19930.0,-6904.880359828472
19931.0,-6904.83252047499
19932.0,-6904.784681121509
19933.0,-6904.736841768026
19934.0,-6904.689002414544
19935.0,-6904.641163061063
19936.0,-6904.593323707581
19937.0,-6904.545484354098
19938.0,-6904.497645000617
19939.0,-6904.449805647135
19940.0,-6904.401966293653
19941.0,-6904.354126940171
19942.0,-6904.306287586689
19943.0,-6904.258448233207
19944.0,-6904.210608879725
19945.0,-6904.162769526243
19946.0,-6904.114930172761
19947.0,-6904.06709081928
19948.0,-6904.019251465797
19949.0,-6903.971412112315
19950.0,-6903.923572758834
19951.0,-6903.875733405352
19952.0,-6903.827894051869
19953.0,-6903.780054698388
19954.0,-6903.732215344906
19955.0,-6903.684375991424
19956.0,-6903.636536637942
19957.0,-6903.58869728446
19958.0,-6903.540857930978
19959.0,-6903.4930185774965
19960.0,-6903.445179224014
19961.0,-6903.397339870532
19962.0,-6903.349500517051
19963.0,-6903.3016611635685
19964.0,-6903.253821810086
19965.0,-6903.205982456605
19966.0,-6903.158143103123
19967.0,-6903.1103037496405
19968.0,-6903.062464396159
19969.0,-6903.014625042677
19970.0,-6902.966785689195
19971.0,-6902.918946335713
19972.0,-6902.871106982231
19973.0,-6902.823267628749
19974.0,-6902.775428275268
19975.0,-6902.727588921785
19976.0,-6902.679749568303
19977.0,-6902.631910214822
19978.0,-6902.58407086134
19979.0,-6902.536231507857
19980.0,-6902.488392154376
19981.0,-6902.440552800894
19982.0,-6902.392713447412
19983.0,-6902.34487409393
19984.0,-6902.297034740448
19985.0,-6902.249195386966
19986.0,-6902.201356033484
19987.0,-6902.153516680002
19988.0,-6902.10567732652
19989.0,-6902.057837973039
19990.0,-6902.009998619556
19991.0,-6901.962159266074
19992.0,-6901.914319912593
19993.0,-6901.866480559111
19994.0,-6901.818641205628
19995.0,-6901.770801852147
19996.0,-6901.722962498665
19997.0,-6901.675123145183
19998.0,-6901.627283791701
19999.0,-6901.579444438219
20000.0,-6901.531605084737
20001.0,-6901.4837657312555
20002.0,-6901.435926377773
20003.0,-6901.388087024291
20004.0,-6901.34024767081
20005.0,-6901.2924083173275
20006.0,-6901.244568963845
20007.0,-6901.196729610364
20008.0,-6901.148890256882
20009.0,-6901.1010509033995
20010.0,-6901.053211549918
20011.0,-6901.005372196436
20012.0,-6900.957532842954
20013.0,-6900.909693489472
20014.0,-6900.86185413599
20015.0,-6900.814014782508
20016.0,-6900.766175429027
20017.0,-6900.718336075544
20018.0,-6900.670496722062
20019.0,-6900.622657368581
20020.0,-6900.574818015099
20021.0,-6900.526978661616
20022.0,-6900.479139308135
20023.0,-6900.431299954653
20024.0,-6900.383460601171
20025.0,-6900.335621247689
20026.0,-6900.287781894207
20027.0,-6900.239942540725
20028.0,-6900.192103187243
20029.0,-6900.144263833761
20030.0,-6900.096424480279
20031.0,-6900.048585126798
20032.0,-6900.000745773315
20033.0,-6899.952906419833
20034.0,-6899.905067066352
20035.0,-6899.85722771287
20036.0,-6899.809388359387
20037.0,-6899.761549005906
20038.0,-6899.713709652424
20039.0,-6899.665870298942
20040.0,-6899.61803094546
20041.0,-6899.570191591978
20042.0,-6899.522352238496
20043.0,-6899.4745128850145
20044.0,-6899.426673531532
20045.0,-6899.37883417805
20046.0,-6899.330994824569
20047.0,-6899.2831554710865
20048.0,-6899.235316117604
20049.0,-6899.187476764123
20050.0,-6899.139637410641
20051.0,-6899.0917980571585
20052.0,-6899.043958703677
20053.0,-6898.996119350195
20054.0,-6898.948279996713
20055.0,-6898.900440643231
20056.0,-6898.852601289749
20057.0,-6898.804761936267
20058.0,-6898.756922582786
20059.0,-6898.709083229303
20060.0,-6898.661243875821
20061.0,-6898.61340452234
20062.0,-6898.565565168858
20063.0,-6898.517725815375
20064.0,-6898.469886461894
20065.0,-6898.422047108412
20066.0,-6898.37420775493
20067.0,-6898.326368401448
20068.0,-6898.278529047966
20069.0,-6898.230689694484
20070.0,-6898.182850341002
20071.0,-6898.13501098752
20072.0,-6898.087171634038
20073.0,-6898.039332280557
20074.0,-6897.991492927074
20075.0,-6897.943653573592
20076.0,-6897.895814220111
20077.0,-6897.847974866629
20078.0,-6897.800135513146
20079.0,-6897.752296159665
20080.0,-6897.704456806183
20081.0,-6897.656617452701
20082.0,-6897.608778099219
20083.0,-6897.560938745737
20084.0,-6897.513099392255
20085.0,-6897.4652600387735
20086.0,-6897.417420685291
20087.0,-6897.369581331809
20088.0,-6897.321741978328
20089.0,-6897.2739026248455
20090.0,-6897.226063271363
20091.0,-6897.178223917882
20092.0,-6897.1303845644
20093.0,-6897.0825452109175
20094.0,-6897.034705857436
20095.0,-6896.986866503954
20096.0,-6896.939027150472
20097.0,-6896.89118779699
20098.0,-6896.843348443508
20099.0,-6896.795509090026
20100.0,-6896.747669736545
20101.0,-6896.699830383062
20102.0,-6896.65199102958
20103.0,-6896.604151676099
20104.0,-6896.556312322617
20105.0,-6896.508472969134
20106.0,-6896.460633615653
20107.0,-6896.412794262171
20108.0,-6896.364954908689
20109.0,-6896.317115555207
20110.0,-6896.269276201725
20111.0,-6896.221436848243
20112.0,-6896.173597494761
20113.0,-6896.125758141279
20114.0,-6896.077918787797
20115.0,-6896.030079434316
20116.0,-6895.982240080833
20117.0,-6895.934400727351
20118.0,-6895.88656137387
20119.0,-6895.838722020388
20120.0,-6895.790882666905
20121.0,-6895.743043313424
20122.0,-6895.695203959942
20123.0,-6895.64736460646
20124.0,-6895.599525252978
20125.0,-6895.551685899496
20126.0,-6895.503846546014
20127.0,-6895.4560071925325
20128.0,-6895.40816783905
20129.0,-6895.360328485568
20130.0,-6895.312489132087
20131.0,-6895.2646497786045
20132.0,-6895.216810425122
20133.0,-6895.168971071641
20134.0,-6895.121131718159
20135.0,-6895.0732923646765
20136.0,-6895.025453011195
20137.0,-6894.977613657713
20138.0,-6894.929774304231
20139.0,-6894.881934950749
20140.0,-6894.834095597267
20141.0,-6894.786256243785
20142.0,-6894.738416890304
20143.0,-6894.690577536821
20144.0,-6894.642738183339
20145.0,-6894.594898829858
20146.0,-6894.547059476376
20147.0,-6894.499220122893
20148.0,-6894.451380769412
20149.0,-6894.40354141593
20150.0,-6894.355702062448
20151.0,-6894.307862708966
20152.0,-6894.260023355484
20153.0,-6894.212184002002
20154.0,-6894.1643446485205
20155.0,-6894.116505295038
20156.0,-6894.068665941556
20157.0,-6894.020826588075
20158.0,-6893.972987234592
20159.0,-6893.92514788111
20160.0,-6893.877308527629
20161.0,-6893.829469174147
20162.0,-6893.781629820664
20163.0,-6893.733790467183
20164.0,-6893.685951113701
20165.0,-6893.638111760219
20166.0,-6893.590272406737
20167.0,-6893.542433053255
20168.0,-6893.494593699773
20169.0,-6893.4467543462915
20170.0,-6893.398914992809
20171.0,-6893.351075639327
20172.0,-6893.303236285846
20173.0,-6893.2553969323635
20174.0,-6893.207557578881
20175.0,-6893.1597182254
20176.0,-6893.111878871918
20177.0,-6893.0640395184355
20178.0,-6893.016200164954
20179.0,-6892.968360811472
20180.0,-6892.92052145799
20181.0,-6892.872682104508
20182.0,-6892.824842751026
20183.0,-6892.777003397544
20184.0,-6892.729164044063
20185.0,-6892.68132469058
20186.0,-6892.633485337098
20187.0,-6892.585645983617
20188.0,-6892.537806630135
20189.0,-6892.489967276652
20190.0,-6892.442127923171
20191.0,-6892.394288569689
20192.0,-6892.346449216207
20193.0,-6892.298609862725
20194.0,-6892.250770509243
20195.0,-6892.202931155761
20196.0,-6892.1550918022795
20197.0,-6892.107252448797
20198.0,-6892.059413095315
20199.0,-6892.011573741834
20200.0,-6891.963734388351
20201.0,-6891.915895034869
20202.0,-6891.868055681388
20203.0,-6891.820216327906
20204.0,-6891.772376974423
20205.0,-6891.724537620942
20206.0,-6891.67669826746
20207.0,-6891.628858913978
20208.0,-6891.581019560496
20209.0,-6891.533180207014
20210.0,-6891.485340853532
20211.0,-6891.4375015000505
20212.0,-6891.389662146568
20213.0,-6891.341822793086
20214.0,-6891.293983439605
20215.0,-6891.2461440861225
20216.0,-6891.19830473264
20217.0,-6891.150465379159
20218.0,-6891.102626025677
20219.0,-6891.0547866721945
20220.0,-6891.006947318713
20221.0,-6890.959107965231
20222.0,-6890.911268611749
20223.0,-6890.863429258267
20224.0,-6890.815589904785
20225.0,-6890.767750551303
20226.0,-6890.719911197822
20227.0,-6890.672071844339
20228.0,-6890.624232490857
20229.0,-6890.576393137376
20230.0,-6890.528553783894
20231.0,-6890.480714430411
20232.0,-6890.43287507693
20233.0,-6890.385035723448
20234.0,-6890.337196369966
20235.0,-6890.289357016484
20236.0,-6890.241517663002
20237.0,-6890.19367830952
20238.0,-6890.1458389560385
20239.0,-6890.097999602556
20240.0,-6890.050160249074
20241.0,-6890.002320895593
20242.0,-6889.95448154211
20243.0,-6889.906642188628
20244.0,-6889.858802835147
20245.0,-6889.810963481665
20246.0,-6889.763124128182
20247.0,-6889.715284774701
20248.0,-6889.667445421219
20249.0,-6889.619606067737
20250.0,-6889.571766714255
20251.0,-6889.523927360773
20252.0,-6889.476088007291
20253.0,-6889.4282486538095
20254.0,-6889.380409300327
20255.0,-6889.332569946845
20256.0,-6889.284730593364
20257.0,-6889.2368912398815
20258.0,-6889.189051886399
20259.0,-6889.141212532918
20260.0,-6889.093373179436
20261.0,-6889.0455338259535
20262.0,-6888.997694472472
20263.0,-6888.94985511899
20264.0,-6888.902015765508
20265.0,-6888.854176412026
20266.0,-6888.806337058544
20267.0,-6888.758497705062
20268.0,-6888.710658351581
20269.0,-6888.662818998098
20270.0,-6888.614979644616
20271.0,-6888.567140291135
20272.0,-6888.519300937653
20273.0,-6888.47146158417
20274.0,-6888.423622230689
20275.0,-6888.375782877207
20276.0,-6888.327943523725
20277.0,-6888.280104170243
20278.0,-6888.232264816761
20279.0,-6888.184425463279
20280.0,-6888.1365861097975
20281.0,-6888.088746756315
20282.0,-6888.040907402833
20283.0,-6887.993068049352
20284.0,-6887.945228695869
20285.0,-6887.897389342387
20286.0,-6887.849549988906
20287.0,-6887.801710635424
20288.0,-6887.753871281941
20289.0,-6887.70603192846
20290.0,-6887.658192574978
20291.0,-6887.610353221496
20292.0,-6887.562513868014
20293.0,-6887.514674514532
20294.0,-6887.46683516105
20295.0,-6887.4189958075685
20296.0,-6887.371156454086
20297.0,-6887.323317100604
20298.0,-6887.275477747123
20299.0,-6887.2276383936405
20300.0,-6887.179799040158
20301.0,-6887.131959686677
20302.0,-6887.084120333195
20303.0,-6887.0362809797125
20304.0,-6886.988441626231
20305.0,-6886.940602272749
20306.0,-6886.892762919267
20307.0,-6886.844923565785
20308.0,-6886.797084212303
20309.0,-6886.749244858821
20310.0,-6886.70140550534
20311.0,-6886.653566151857
20312.0,-6886.605726798375
20313.0,-6886.557887444894
20314.0,-6886.510048091412
20315.0,-6886.462208737929
20316.0,-6886.414369384448
20317.0,-6886.366530030966
20318.0,-6886.318690677484
20319.0,-6886.270851324002
20320.0,-6886.22301197052
20321.0,-6886.175172617038
20322.0,-6886.1273332635565
20323.0,-6886.079493910074
20324.0,-6886.031654556592
20325.0,-6885.983815203111
20326.0,-6885.935975849628
20327.0,-6885.888136496146
20328.0,-6885.840297142665
20329.0,-6885.792457789183
20330.0,-6885.7446184357
20331.0,-6885.696779082219
20332.0,-6885.648939728737
20333.0,-6885.601100375255
20334.0,-6885.553261021773
20335.0,-6885.505421668291
20336.0,-6885.457582314809
20337.0,-6885.4097429613275
20338.0,-6885.361903607845
20339.0,-6885.314064254363
20340.0,-6885.266224900882
20341.0,-6885.2183855473995
20342.0,-6885.170546193917
20343.0,-6885.122706840436
20344.0,-6885.074867486954
20345.0,-6885.0270281334715
20346.0,-6884.97918877999
20347.0,-6884.931349426508
20348.0,-6884.883510073026
20349.0,-6884.835670719544
20350.0,-6884.787831366062
20351.0,-6884.73999201258
20352.0,-6884.692152659099
20353.0,-6884.644313305616
20354.0,-6884.596473952134
20355.0,-6884.548634598653
20356.0,-6884.500795245171
20357.0,-6884.452955891688
20358.0,-6884.405116538207
20359.0,-6884.357277184725
20360.0,-6884.309437831243
20361.0,-6884.261598477761
20362.0,-6884.213759124279
20363.0,-6884.165919770797
20364.0,-6884.1180804173155
20365.0,-6884.070241063833
20366.0,-6884.022401710351
20367.0,-6883.97456235687
20368.0,-6883.926723003387
20369.0,-6883.878883649905
20370.0,-6883.831044296424
20371.0,-6883.783204942942
20372.0,-6883.735365589459
20373.0,-6883.687526235978
20374.0,-6883.639686882496
20375.0,-6883.591847529014
20376.0,-6883.544008175532
20377.0,-6883.49616882205
20378.0,-6883.448329468568
20379.0,-6883.4004901150865
20380.0,-6883.352650761604
20381.0,-6883.304811408122
20382.0,-6883.256972054641
20383.0,-6883.2091327011585
20384.0,-6883.161293347676
20385.0,-6883.113453994195
20386.0,-6883.065614640713
20387.0,-6883.0177752872305
20388.0,-6882.969935933749
20389.0,-6882.922096580267
20390.0,-6882.874257226785
20391.0,-6882.826417873303
20392.0,-6882.778578519821
20393.0,-6882.730739166339
20394.0,-6882.682899812858
20395.0,-6882.635060459375
20396.0,-6882.587221105893
20397.0,-6882.539381752412
20398.0,-6882.49154239893
20399.0,-6882.443703045447
20400.0,-6882.395863691966
20401.0,-6882.348024338484
20402.0,-6882.300184985002
20403.0,-6882.25234563152
20404.0,-6882.204506278038
20405.0,-6882.156666924556
20406.0,-6882.1088275710745
20407.0,-6882.060988217592
20408.0,-6882.01314886411
20409.0,-6881.965309510629
20410.0,-6881.917470157146
20411.0,-6881.869630803664
20412.0,-6881.821791450183
20413.0,-6881.773952096701
20414.0,-6881.726112743218
20415.0,-6881.678273389737
20416.0,-6881.630434036255
20417.0,-6881.582594682773
20418.0,-6881.534755329291
20419.0,-6881.486915975809
20420.0,-6881.439076622327
20421.0,-6881.3912372688455
20422.0,-6881.343397915363
20423.0,-6881.295558561881
20424.0,-6881.2477192084
20425.0,-6881.1998798549175
20426.0,-6881.152040501435
20427.0,-6881.104201147954
20428.0,-6881.056361794472
20429.0,-6881.0085224409895
20430.0,-6880.960683087508
20431.0,-6880.912843734026
20432.0,-6880.865004380544
20433.0,-6880.817165027062
20434.0,-6880.76932567358
20435.0,-6880.721486320098
20436.0,-6880.673646966617
20437.0,-6880.625807613134
20438.0,-6880.577968259652
20439.0,-6880.530128906171
20440.0,-6880.482289552689
20441.0,-6880.434450199206
20442.0,-6880.386610845725
20443.0,-6880.338771492243
20444.0,-6880.290932138761
20445.0,-6880.243092785279
20446.0,-6880.195253431797
20447.0,-6880.147414078315
20448.0,-6880.0995747248335
20449.0,-6880.051735371351
20450.0,-6880.003896017869
20451.0,-6879.956056664388
20452.0,-6879.9082173109055
20453.0,-6879.860377957423
20454.0,-6879.812538603942
20455.0,-6879.76469925046
20456.0,-6879.716859896977
20457.0,-6879.669020543496
20458.0,-6879.621181190014
20459.0,-6879.573341836532
20460.0,-6879.52550248305
20461.0,-6879.477663129568
20462.0,-6879.429823776086
20463.0,-6879.381984422605
20464.0,-6879.334145069122
20465.0,-6879.28630571564
20466.0,-6879.238466362159
20467.0,-6879.1906270086765
20468.0,-6879.142787655194
20469.0,-6879.094948301713
20470.0,-6879.047108948231
20471.0,-6878.9992695947485
20472.0,-6878.951430241267
20473.0,-6878.903590887785
20474.0,-6878.855751534303
20475.0,-6878.807912180821
20476.0,-6878.760072827339
20477.0,-6878.712233473857
20478.0,-6878.664394120376
20479.0,-6878.616554766893
20480.0,-6878.568715413411
20481.0,-6878.574586818616
20482.0,-6878.58045822382
20483.0,-6878.586329629024
20484.0,-6878.592201034228
20485.0,-6878.598072439432
20486.0,-6878.603943844636
20487.0,-6878.609815249841
20488.0,-6878.615686655045
20489.0,-6878.621558060248
20490.0,-6878.627429465453
20491.0,-6878.633300870657
20492.0,-6878.639172275861
20493.0,-6878.6450436810655
20494.0,-6878.650915086269
20495.0,-6878.656786491473
20496.0,-6878.662657896678
20497.0,-6878.668529301882
20498.0,-6878.674400707086
20499.0,-6878.68027211229
20500.0,-6878.686143517494
20501.0,-6878.692014922698
20502.0,-6878.697886327903
20503.0,-6878.703757733107
20504.0,-6878.70962913831
20505.0,-6878.715500543515
20506.0,-6878.721371948719
20507.0,-6878.727243353923
20508.0,-6878.733114759128
20509.0,-6878.738986164331
20510.0,-6878.744857569535
20511.0,-6878.75072897474
20512.0,-6878.756600379944
20513.0,-6878.762471785148
20514.0,-6878.768343190352
20515.0,-6878.774214595556
20516.0,-6878.78008600076
20517.0,-6878.785957405965
20518.0,-6878.791828811169
20519.0,-6878.7977002163725
20520.0,-6878.803571621577
20521.0,-6878.809443026781
20522.0,-6878.815314431985
20523.0,-6878.82118583719
20524.0,-6878.8270572423935
20525.0,-6878.832928647597
20526.0,-6878.838800052802
20527.0,-6878.844671458006
20528.0,-6878.85054286321
20529.0,-6878.8564142684145
20530.0,-6878.862285673618
20531.0,-6878.868157078822
20532.0,-6878.874028484027
20533.0,-6878.879899889231
20534.0,-6878.885771294435
20535.0,-6878.891642699639
20536.0,-6878.897514104843
20537.0,-6878.903385510047
20538.0,-6878.909256915252
20539.0,-6878.915128320456
20540.0,-6878.920999725659
20541.0,-6878.926871130864
20542.0,-6878.932742536068
20543.0,-6878.938613941272
20544.0,-6878.9444853464765
20545.0,-6878.95035675168
20546.0,-6878.956228156884
20547.0,-6878.962099562089
20548.0,-6878.967970967293
20549.0,-6878.973842372497
20550.0,-6878.979713777701
20551.0,-6878.985585182905
20552.0,-6878.991456588109
20553.0,-6878.997327993314
20554.0,-6879.003199398518
20555.0,-6879.009070803721
20556.0,-6879.014942208926
20557.0,-6879.02081361413
20558.0,-6879.026685019334
20559.0,-6879.032556424539
20560.0,-6879.038427829742
20561.0,-6879.044299234946
20562.0,-6879.050170640151
20563.0,-6879.056042045355
20564.0,-6879.061913450559
20565.0,-6879.067784855763
20566.0,-6879.073656260967
20567.0,-6879.079527666171
20568.0,-6879.085399071376
20569.0,-6879.09127047658
20570.0,-6879.0971418817835
20571.0,-6879.103013286988
20572.0,-6879.108884692192
20573.0,-6879.114756097396
20574.0,-6879.120627502601
20575.0,-6879.1264989078045
20576.0,-6879.132370313008
20577.0,-6879.138241718213
20578.0,-6879.144113123417
20579.0,-6879.149984528621
20580.0,-6879.1558559338255
20581.0,-6879.161727339029
20582.0,-6879.167598744233
20583.0,-6879.173470149438
20584.0,-6879.179341554642
20585.0,-6879.185212959846
20586.0,-6879.19108436505
20587.0,-6879.196955770254
20588.0,-6879.202827175458
20589.0,-6879.208698580663
20590.0,-6879.214569985867
20591.0,-6879.22044139107
20592.0,-6879.226312796275
20593.0,-6879.232184201479
20594.0,-6879.238055606683
20595.0,-6879.2439270118875
20596.0,-6879.249798417091
20597.0,-6879.255669822295
20598.0,-6879.2615412275
20599.0,-6879.267412632704
20600.0,-6879.273284037908
20601.0,-6879.279155443112
20602.0,-6879.285026848316
20603.0,-6879.29089825352
20604.0,-6879.296769658725
20605.0,-6879.302641063929
20606.0,-6879.308512469132
20607.0,-6879.314383874337
20608.0,-6879.320255279541
20609.0,-6879.326126684745
20610.0,-6879.33199808995
20611.0,-6879.337869495153
20612.0,-6879.343740900357
20613.0,-6879.349612305562
20614.0,-6879.355483710766
20615.0,-6879.36135511597
20616.0,-6879.367226521174
20617.0,-6879.373097926378
20618.0,-6879.378969331582
20619.0,-6879.384840736787
20620.0,-6879.390712141991
20621.0,-6879.3965835471945
20622.0,-6879.402454952399
20623.0,-6879.408326357603
20624.0,-6879.414197762807
20625.0,-6879.420069168012
20626.0,-6879.4259405732155
20627.0,-6879.431811978419
20628.0,-6879.437683383624
20629.0,-6879.443554788828
20630.0,-6879.449426194032
20631.0,-6879.4552975992365
20632.0,-6879.46116900444
20633.0,-6879.467040409644
20634.0,-6879.472911814849
20635.0,-6879.478783220053
20636.0,-6879.484654625257
20637.0,-6879.490526030461
20638.0,-6879.496397435665
20639.0,-6879.502268840869
20640.0,-6879.508140246074
20641.0,-6879.5140116512775
20642.0,-6879.519883056481
20643.0,-6879.525754461686
20644.0,-6879.53162586689
20645.0,-6879.537497272094
20646.0,-6879.5433686772985
20647.0,-6879.549240082502
20648.0,-6879.555111487706
20649.0,-6879.560982892911
20650.0,-6879.566854298115
20651.0,-6879.572725703319
20652.0,-6879.578597108523
20653.0,-6879.584468513727
20654.0,-6879.590339918931
20655.0,-6879.596211324136
20656.0,-6879.60208272934
20657.0,-6879.607954134543
20658.0,-6879.613825539748
20659.0,-6879.619696944952
20660.0,-6879.625568350156
20661.0,-6879.631439755361
20662.0,-6879.637311160564
20663.0,-6879.643182565768
20664.0,-6879.649053970973
20665.0,-6879.654925376177
20666.0,-6879.660796781381
20667.0,-6879.666668186585
20668.0,-6879.672539591789
20669.0,-6879.678410996993
20670.0,-6879.684282402198
20671.0,-6879.690153807402
20672.0,-6879.6960252126055
20673.0,-6879.70189661781
20674.0,-6879.707768023014
20675.0,-6879.713639428218
20676.0,-6879.719510833423
20677.0,-6879.7253822386265
20678.0,-6879.73125364383
20679.0,-6879.737125049035
20680.0,-6879.742996454239
20681.0,-6879.748867859443
20682.0,-6879.7547392646475
20683.0,-6879.760610669851
20684.0,-6879.766482075055
20685.0,-6879.77235348026
20686.0,-6879.778224885464
20687.0,-6879.784096290668
20688.0,-6879.789967695872
20689.0,-6879.795839101076
20690.0,-6879.80171050628
20691.0,-6879.807581911485
20692.0,-6879.8134533166885
20693.0,-6879.819324721892
20694.0,-6879.825196127097
20695.0,-6879.831067532301
20696.0,-6879.836938937505
20697.0,-6879.8428103427095
20698.0,-6879.848681747913
20699.0,-6879.854553153117
20700.0,-6879.860424558322
20701.0,-6879.866295963526
20702.0,-6879.87216736873
20703.0,-6879.878038773934
20704.0,-6879.883910179138
20705.0,-6879.889781584342
20706.0,-6879.895652989547
20707.0,-6879.901524394751
20708.0,-6879.907395799954
20709.0,-6879.913267205159
20710.0,-6879.919138610363
20711.0,-6879.925010015567
20712.0,-6879.930881420772
20713.0,-6879.936752825975
20714.0,-6879.942624231179
20715.0,-6879.948495636384
20716.0,-6879.954367041588
20717.0,-6879.960238446792
20718.0,-6879.966109851996
20719.0,-6879.9719812572
20720.0,-6879.977852662404
20721.0,-6879.983724067609
20722.0,-6879.989595472813
20723.0,-6879.9954668780165
20724.0,-6880.001338283221
20725.0,-6880.007209688425
20726.0,-6880.013081093629
20727.0,-6880.018952498834
20728.0,-6880.0248239040375
20729.0,-6880.030695309241
20730.0,-6880.036566714446
20731.0,-6880.04243811965
20732.0,-6880.048309524854
20733.0,-6880.0541809300585
20734.0,-6880.060052335262
20735.0,-6880.065923740466
20736.0,-6880.071795145671
20737.0,-6880.077666550875
20738.0,-6880.0835379560785
20739.0,-6880.089409361283
20740.0,-6880.095280766487
20741.0,-6880.101152171691
20742.0,-6880.107023576896
20743.0,-6880.1128949820995
20744.0,-6880.118766387303
20745.0,-6880.124637792508
20746.0,-6880.130509197712
20747.0,-6880.136380602916
20748.0,-6880.1422520081205
20749.0,-6880.148123413324
20750.0,-6880.153994818528
20751.0,-6880.159866223733
20752.0,-6880.165737628937
20753.0,-6880.171609034141
20754.0,-6880.177480439345
20755.0,-6880.183351844549
20756.0,-6880.189223249753
20757.0,-6880.195094654958
20758.0,-6880.200966060162
20759.0,-6880.206837465365
20760.0,-6880.21270887057
20761.0,-6880.218580275774
20762.0,-6880.224451680978
20763.0,-6880.230323086183
20764.0,-6880.236194491386
20765.0,-6880.24206589659
20766.0,-6880.247937301795
20767.0,-6880.253808706999
20768.0,-6880.259680112203
20769.0,-6880.265551517407
20770.0,-6880.271422922611
20771.0,-6880.277294327815
20772.0,-6880.28316573302
20773.0,-6880.289037138224
20774.0,-6880.2949085434275
20775.0,-6880.300779948632
20776.0,-6880.306651353836
20777.0,-6880.31252275904
20778.0,-6880.318394164245
20779.0,-6880.3242655694485
20780.0,-6880.330136974652
20781.0,-6880.336008379857
20782.0,-6880.341879785061
20783.0,-6880.347751190265
20784.0,-6880.3536225954695
20785.0,-6880.359494000673
20786.0,-6880.365365405877
20787.0,-6880.371236811082
20788.0,-6880.377108216286
20789.0,-6880.3829796214895
20790.0,-6880.388851026694
20791.0,-6880.394722431898
20792.0,-6880.400593837102
20793.0,-6880.406465242307
20794.0,-6880.4123366475105
20795.0,-6880.418208052714
20796.0,-6880.424079457919
20797.0,-6880.429950863123
20798.0,-6880.435822268327
20799.0,-6880.4416936735315
20800.0,-6880.447565078735
20801.0,-6880.453436483939
20802.0,-6880.459307889144
20803.0,-6880.465179294348
20804.0,-6880.471050699552
20805.0,-6880.476922104756
20806.0,-6880.48279350996
20807.0,-6880.488664915164
20808.0,-6880.494536320369
20809.0,-6880.500407725573
20810.0,-6880.506279130776
20811.0,-6880.512150535981
20812.0,-6880.518021941185
20813.0,-6880.523893346389
20814.0,-6880.529764751594
20815.0,-6880.535636156797
20816.0,-6880.541507562001
20817.0,-6880.547378967206
20818.0,-6880.55325037241
20819.0,-6880.559121777614
20820.0,-6880.564993182818
20821.0,-6880.570864588022
20822.0,-6880.576735993226
20823.0,-6880.582607398431
20824.0,-6880.588478803635
20825.0,-6880.5943502088385
20826.0,-6880.600221614043
20827.0,-6880.606093019247
20828.0,-6880.611964424451
20829.0,-6880.617835829656
20830.0,-6880.6237072348595
20831.0,-6880.629578640063
20832.0,-6880.635450045268
20833.0,-6880.641321450472
20834.0,-6880.647192855676
20835.0,-6880.6530642608805
20836.0,-6880.658935666084
20837.0,-6880.664807071288
20838.0,-6880.670678476493
20839.0,-6880.676549881697
20840.0,-6880.6824212869005
20841.0,-6880.688292692105
20842.0,-6880.694164097309
20843.0,-6880.700035502513
20844.0,-6880.705906907718
20845.0,-6880.7117783129215
20846.0,-6880.717649718125
20847.0,-6880.72352112333
20848.0,-6880.729392528534
20849.0,-6880.735263933738
20850.0,-6880.7411353389425
20851.0,-6880.747006744146
20852.0,-6880.75287814935
20853.0,-6880.758749554555
20854.0,-6880.764620959759
20855.0,-6880.770492364963
20856.0,-6880.776363770167
20857.0,-6880.782235175371
20858.0,-6880.788106580575
20859.0,-6880.79397798578
20860.0,-6880.799849390984
20861.0,-6880.805720796187
20862.0,-6880.811592201392
20863.0,-6880.817463606596
20864.0,-6880.8233350118
20865.0,-6880.829206417005
20866.0,-6880.835077822208
20867.0,-6880.840949227412
20868.0,-6880.846820632617
20869.0,-6880.852692037821
20870.0,-6880.858563443025
20871.0,-6880.864434848229
20872.0,-6880.870306253433
20873.0,-6880.876177658637
20874.0,-6880.882049063842
20875.0,-6880.887920469046
20876.0,-6880.8937918742495
20877.0,-6880.899663279454
20878.0,-6880.905534684658
20879.0,-6880.911406089862
20880.0,-6880.917277495067
20881.0,-6880.9231489002705
20882.0,-6880.929020305474
20883.0,-6880.934891710679
20884.0,-6880.940763115883
20885.0,-6880.946634521087
20886.0,-6880.952505926291
20887.0,-6880.958377331495
20888.0,-6880.964248736699
20889.0,-6880.970120141904
20890.0,-6880.975991547108
20891.0,-6880.9818629523115
20892.0,-6880.987734357516
20893.0,-6880.99360576272
20894.0,-6880.999477167924
20895.0,-6881.005348573129
20896.0,-6881.0112199783325
20897.0,-6881.017091383536
20898.0,-6881.022962788741
20899.0,-6881.028834193945
20900.0,-6881.034705599149
20901.0,-6881.0405770043535
20902.0,-6881.046448409557
20903.0,-6881.052319814761
20904.0,-6881.058191219966
20905.0,-6881.06406262517
20906.0,-6881.069934030374
20907.0,-6881.075805435578
20908.0,-6881.081676840782
20909.0,-6881.087548245986
20910.0,-6881.093419651191
20911.0,-6881.099291056395
20912.0,-6881.105162461598
20913.0,-6881.111033866803
20914.0,-6881.116905272007
20915.0,-6881.122776677211
20916.0,-6881.128648082416
20917.0,-6881.134519487619
20918.0,-6881.140390892823
20919.0,-6881.146262298028
20920.0,-6881.152133703232
20921.0,-6881.158005108436
20922.0,-6881.16387651364
20923.0,-6881.169747918844
20924.0,-6881.175619324048
20925.0,-6881.181490729253
20926.0,-6881.187362134457
20927.0,-6881.1932335396605
20928.0,-6881.199104944865
20929.0,-6881.204976350069
20930.0,-6881.210847755273
20931.0,-6881.216719160478
20932.0,-6881.2225905656815
20933.0,-6881.228461970885
20934.0,-6881.23433337609
20935.0,-6881.240204781294
20936.0,-6881.246076186498
20937.0,-6881.251947591702
20938.0,-6881.257818996906
20939.0,-6881.26369040211
20940.0,-6881.269561807315
20941.0,-6881.275433212519
20942.0,-6881.2813046177225
20943.0,-6881.287176022927
20944.0,-6881.293047428131
20945.0,-6881.298918833335
20946.0,-6881.30479023854
20947.0,-6881.3106616437435
20948.0,-6881.316533048947
20949.0,-6881.322404454152
20950.0,-6881.328275859356
20951.0,-6881.33414726456
20952.0,-6881.3400186697645
20953.0,-6881.345890074968
20954.0,-6881.351761480172
20955.0,-6881.357632885377
20956.0,-6881.363504290581
20957.0,-6881.369375695785
20958.0,-6881.375247100989
20959.0,-6881.381118506193
20960.0,-6881.386989911397
20961.0,-6881.392861316602
20962.0,-6881.398732721806
20963.0,-6881.404604127009
20964.0,-6881.410475532214
20965.0,-6881.416346937418
20966.0,-6881.422218342622
20967.0,-6881.428089747827
20968.0,-6881.43396115303
20969.0,-6881.439832558234
20970.0,-6881.445703963439
20971.0,-6881.451575368643
20972.0,-6881.457446773847
20973.0,-6881.463318179051
20974.0,-6881.469189584255
20975.0,-6881.475060989459
20976.0,-6881.480932394664
20977.0,-6881.486803799868
20978.0,-6881.4926752050715
20979.0,-6881.498546610276
20980.0,-6881.50441801548
20981.0,-6881.510289420684
20982.0,-6881.516160825889
20983.0,-6881.522032231092
20984.0,-6881.527903636296
20985.0,-6881.533775041501
20986.0,-6881.539646446705
20987.0,-6881.545517851909
20988.0,-6881.551389257113
20989.0,-6881.557260662317
20990.0,-6881.563132067521
20991.0,-6881.569003472726
20992.0,-6881.57487487793
20993.0,-6881.5807462831335
20994.0,-6881.586617688338
20995.0,-6881.592489093542
20996.0,-6881.598360498746
20997.0,-6881.604231903951
20998.0,-6881.6101033091545
20999.0,-6881.615974714358
21000.0,-6881.621846119563
21001.0,-6881.627717524767
21002.0,-6881.633588929971
21003.0,-6881.6394603351755
21004.0,-6881.645331740379
21005.0,-6881.651203145583
21006.0,-6881.657074550788
21007.0,-6881.662945955992
21008.0,-6881.668817361196
21009.0,-6881.6746887664
21010.0,-6881.680560171604
21011.0,-6881.686431576808
21012.0,-6881.692302982013
21013.0,-6881.698174387217
21014.0,-6881.70404579242
21015.0,-6881.709917197625
21016.0,-6881.715788602829
21017.0,-6881.721660008033
21018.0,-6881.727531413238
21019.0,-6881.733402818441
21020.0,-6881.739274223645
21021.0,-6881.74514562885
21022.0,-6881.751017034054
21023.0,-6881.756888439258
21024.0,-6881.762759844462
21025.0,-6881.768631249666
21026.0,-6881.77450265487
21027.0,-6881.780374060075
21028.0,-6881.786245465279
21029.0,-6881.7921168704825
21030.0,-6881.797988275687
21031.0,-6881.803859680891
21032.0,-6881.809731086095
21033.0,-6881.8156024913
21034.0,-6881.821473896503
21035.0,-6881.827345301707
21036.0,-6881.833216706912
21037.0,-6881.839088112116
21038.0,-6881.84495951732
21039.0,-6881.850830922524
21040.0,-6881.856702327728
21041.0,-6881.862573732932
21042.0,-6881.868445138137
21043.0,-6881.874316543341
21044.0,-6881.8801879485445
21045.0,-6881.886059353749
21046.0,-6881.891930758953
21047.0,-6881.897802164157
21048.0,-6881.903673569362
21049.0,-6881.9095449745655
21050.0,-6881.915416379769
21051.0,-6881.921287784974
21052.0,-6881.927159190178
21053.0,-6881.933030595382
21054.0,-6881.9389020005865
21055.0,-6881.94477340579
21056.0,-6881.950644810994
21057.0,-6881.956516216199
21058.0,-6881.962387621403
21059.0,-6881.968259026607
21060.0,-6881.974130431811
21061.0,-6881.980001837015
21062.0,-6881.985873242219
21063.0,-6881.991744647424
21064.0,-6881.997616052628
21065.0,-6882.003487457831
21066.0,-6882.009358863036
21067.0,-6882.01523026824
21068.0,-6882.021101673444
21069.0,-6882.026973078649
21070.0,-6882.032844483852
21071.0,-6882.038715889056
21072.0,-6882.044587294261
21073.0,-6882.050458699465
21074.0,-6882.056330104669
21075.0,-6882.062201509873
21076.0,-6882.068072915077
21077.0,-6882.073944320281
21078.0,-6882.079815725486
21079.0,-6882.08568713069
21080.0,-6882.0915585358935
21081.0,-6882.097429941098
21082.0,-6882.103301346302
21083.0,-6882.109172751506
21084.0,-6882.115044156711
21085.0,-6882.120915561914
21086.0,-6882.126786967118
21087.0,-6882.132658372323
21088.0,-6882.138529777527
21089.0,-6882.144401182731
21090.0,-6882.150272587935
21091.0,-6882.156143993139
21092.0,-6882.162015398343
21093.0,-6882.167886803548
21094.0,-6882.173758208752
21095.0,-6882.1796296139555
21096.0,-6882.18550101916
21097.0,-6882.191372424364
21098.0,-6882.197243829568
21099.0,-6882.203115234773
21100.0,-6882.2089866399765
21101.0,-6882.21485804518
21102.0,-6882.220729450385
21103.0,-6882.226600855589
21104.0,-6882.232472260793
21105.0,-6882.2383436659975
21106.0,-6882.244215071201
21107.0,-6882.250086476405
21108.0,-6882.25595788161
21109.0,-6882.261829286814
21110.0,-6882.267700692018
21111.0,-6882.273572097222
21112.0,-6882.279443502426
21113.0,-6882.28531490763
21114.0,-6882.291186312835
21115.0,-6882.297057718039
21116.0,-6882.302929123242
21117.0,-6882.308800528447
21118.0,-6882.314671933651
21119.0,-6882.320543338855
21120.0,-6882.32641474406
21121.0,-6882.332286149263
21122.0,-6882.338157554467
21123.0,-6882.344028959672
21124.0,-6882.349900364876
21125.0,-6882.35577177008
21126.0,-6882.361643175284
21127.0,-6882.367514580488
21128.0,-6882.373385985692
21129.0,-6882.379257390897
21130.0,-6882.385128796101
21131.0,-6882.391000201304
21132.0,-6882.396871606509
21133.0,-6882.402743011713
21134.0,-6882.408614416917
21135.0,-6882.414485822122
21136.0,-6882.420357227325
21137.0,-6882.426228632529
21138.0,-6882.432100037734
21139.0,-6882.437971442938
21140.0,-6882.443842848142
21141.0,-6882.449714253346
21142.0,-6882.45558565855
21143.0,-6882.461457063754
21144.0,-6882.467328468959
21145.0,-6882.473199874163
21146.0,-6882.4790712793665
21147.0,-6882.484942684571
21148.0,-6882.490814089775
21149.0,-6882.496685494979
21150.0,-6882.502556900184
21151.0,-6882.5084283053875
21152.0,-6882.514299710591
21153.0,-6882.520171115796
21154.0,-6882.526042521
21155.0,-6882.531913926204
21156.0,-6882.5377853314085
21157.0,-6882.543656736612
21158.0,-6882.549528141816
21159.0,-6882.555399547021
21160.0,-6882.561270952225
21161.0,-6882.567142357429
21162.0,-6882.573013762633
21163.0,-6882.578885167837
21164.0,-6882.584756573041
21165.0,-6882.590627978246
21166.0,-6882.59649938345
21167.0,-6882.602370788653
21168.0,-6882.608242193858
21169.0,-6882.614113599062
21170.0,-6882.619985004266
21171.0,-6882.6258564094705
21172.0,-6882.631727814674
21173.0,-6882.637599219878
21174.0,-6882.643470625083
21175.0,-6882.649342030287
21176.0,-6882.655213435491
21177.0,-6882.661084840695
21178.0,-6882.666956245899
21179.0,-6882.672827651103
21180.0,-6882.678699056308
21181.0,-6882.684570461512
21182.0,-6882.690441866715
21183.0,-6882.69631327192
21184.0,-6882.702184677124
21185.0,-6882.708056082328
21186.0,-6882.713927487533
21187.0,-6882.719798892736
21188.0,-6882.72567029794
21189.0,-6882.731541703145
21190.0,-6882.737413108349
21191.0,-6882.743284513553
21192.0,-6882.749155918757
21193.0,-6882.755027323961
21194.0,-6882.760898729165
21195.0,-6882.76677013437
21196.0,-6882.772641539574
21197.0,-6882.7785129447775
21198.0,-6882.784384349982
21199.0,-6882.790255755186
21200.0,-6882.79612716039
21201.0,-6882.801998565595
21202.0,-6882.8078699707985
21203.0,-6882.813741376002
21204.0,-6882.819612781207
21205.0,-6882.825484186411
21206.0,-6882.831355591615
21207.0,-6882.8372269968195
21208.0,-6882.843098402023
21209.0,-6882.848969807227
21210.0,-6882.854841212432
21211.0,-6882.860712617636
21212.0,-6882.86658402284
21213.0,-6882.872455428044
21214.0,-6882.878326833248
21215.0,-6882.884198238452
21216.0,-6882.890069643657
21217.0,-6882.895941048861
21218.0,-6882.901812454064
21219.0,-6882.907683859269
21220.0,-6882.913555264473
21221.0,-6882.919426669677
21222.0,-6882.9252980748815
21223.0,-6882.931169480085
21224.0,-6882.937040885289
21225.0,-6882.942912290494
21226.0,-6882.948783695698
21227.0,-6882.954655100902
21228.0,-6882.960526506106
21229.0,-6882.96639791131
21230.0,-6882.972269316514
21231.0,-6882.978140721719
21232.0,-6882.984012126923
21233.0,-6882.989883532126
21234.0,-6882.995754937331
21235.0,-6883.001626342535
21236.0,-6883.007497747739
21237.0,-6883.013369152944
21238.0,-6883.019240558147
21239.0,-6883.025111963351
21240.0,-6883.030983368556
21241.0,-6883.03685477376
21242.0,-6883.042726178964
21243.0,-6883.048597584168
21244.0,-6883.054468989372
21245.0,-6883.060340394576
21246.0,-6883.066211799781
21247.0,-6883.072083204985
21248.0,-6883.0779546101885
21249.0,-6883.083826015393
21250.0,-6883.089697420597
21251.0,-6883.095568825801
21252.0,-6883.101440231006
21253.0,-6883.1073116362095
21254.0,-6883.113183041413
21255.0,-6883.119054446618
21256.0,-6883.124925851822
21257.0,-6883.130797257026
21258.0,-6883.1366686622305
21259.0,-6883.142540067434
21260.0,-6883.148411472638
21261.0,-6883.154282877843
21262.0,-6883.160154283047
21263.0,-6883.166025688251
21264.0,-6883.171897093455
21265.0,-6883.177768498659
21266.0,-6883.183639903863
21267.0,-6883.189511309068
21268.0,-6883.195382714272
21269.0,-6883.201254119475
21270.0,-6883.20712552468
21271.0,-6883.212996929884
21272.0,-6883.218868335088
21273.0,-6883.2247397402925
21274.0,-6883.230611145496
21275.0,-6883.2364825507
21276.0,-6883.242353955905
21277.0,-6883.248225361109
21278.0,-6883.254096766313
21279.0,-6883.259968171517
21280.0,-6883.265839576721
21281.0,-6883.271710981925
21282.0,-6883.27758238713
21283.0,-6883.283453792334
21284.0,-6883.289325197537
21285.0,-6883.295196602742
21286.0,-6883.301068007946
21287.0,-6883.30693941315
21288.0,-6883.312810818355
21289.0,-6883.318682223558
21290.0,-6883.324553628762
21291.0,-6883.330425033967
21292.0,-6883.336296439171
21293.0,-6883.342167844375
21294.0,-6883.348039249579
21295.0,-6883.353910654783
21296.0,-6883.359782059987
21297.0,-6883.365653465192
21298.0,-6883.371524870396
21299.0,-6883.3773962755995
21300.0,-6883.383267680804
21301.0,-6883.389139086008
21302.0,-6883.395010491212
21303.0,-6883.400881896417
21304.0,-6883.4067533016205
21305.0,-6883.412624706824
21306.0,-6883.418496112029
21307.0,-6883.424367517233
21308.0,-6883.430238922437
21309.0,-6883.4361103276415
21310.0,-6883.441981732845
21311.0,-6883.447853138049
21312.0,-6883.453724543254
21313.0,-6883.459595948458
21314.0,-6883.465467353662
21315.0,-6883.471338758866
21316.0,-6883.47721016407
21317.0,-6883.483081569274
21318.0,-6883.488952974479
21319.0,-6883.4948243796825
21320.0,-6883.500695784886
21321.0,-6883.506567190091
21322.0,-6883.512438595295
21323.0,-6883.518310000499
21324.0,-6883.5241814057035
21325.0,-6883.530052810907
21326.0,-6883.535924216111
21327.0,-6883.541795621316
21328.0,-6883.54766702652
21329.0,-6883.553538431724
21330.0,-6883.559409836928
21331.0,-6883.565281242132
21332.0,-6883.571152647336
21333.0,-6883.577024052541
21334.0,-6883.582895457745
21335.0,-6883.588766862948
21336.0,-6883.594638268153
21337.0,-6883.600509673357
21338.0,-6883.606381078561
21339.0,-6883.612252483766
21340.0,-6883.618123888969
21341.0,-6883.623995294173
21342.0,-6883.629866699378
21343.0,-6883.635738104582
21344.0,-6883.641609509786
21345.0,-6883.64748091499
21346.0,-6883.653352320194
21347.0,-6883.659223725398
21348.0,-6883.665095130603
21349.0,-6883.670966535807
21350.0,-6883.6768379410105
21351.0,-6883.682709346215
21352.0,-6883.688580751419
21353.0,-6883.694452156623
21354.0,-6883.700323561828
21355.0,-6883.7061949670315
21356.0,-6883.712066372235
21357.0,-6883.71793777744
21358.0,-6883.723809182644
21359.0,-6883.729680587848
21360.0,-6883.7355519930525
21361.0,-6883.741423398256
21362.0,-6883.74729480346
21363.0,-6883.753166208665
21364.0,-6883.759037613869
21365.0,-6883.764909019073
21366.0,-6883.770780424277
21367.0,-6883.776651829481
21368.0,-6883.782523234685
21369.0,-6883.78839463989
21370.0,-6883.7942660450935
21371.0,-6883.800137450297
21372.0,-6883.806008855502
21373.0,-6883.811880260706
21374.0,-6883.81775166591
21375.0,-6883.8236230711145
21376.0,-6883.829494476318
21377.0,-6883.835365881522
21378.0,-6883.841237286727
21379.0,-6883.847108691931
21380.0,-6883.852980097135
21381.0,-6883.858851502339
21382.0,-6883.864722907543
21383.0,-6883.870594312747
21384.0,-6883.876465717952
21385.0,-6883.882337123156
21386.0,-6883.888208528359
21387.0,-6883.894079933564
21388.0,-6883.899951338768
21389.0,-6883.905822743972
21390.0,-6883.911694149177
21391.0,-6883.91756555438
21392.0,-6883.923436959584
21393.0,-6883.929308364789
21394.0,-6883.935179769993
21395.0,-6883.941051175197
21396.0,-6883.946922580401
21397.0,-6883.952793985605
21398.0,-6883.958665390809
21399.0,-6883.964536796014
21400.0,-6883.970408201218
21401.0,-6883.9762796064215
21402.0,-6883.982151011626
21403.0,-6883.98802241683
21404.0,-6883.993893822034
21405.0,-6883.999765227239
21406.0,-6884.0056366324425
21407.0,-6884.011508037646
21408.0,-6884.017379442851
21409.0,-6884.023250848055
21410.0,-6884.029122253259
21411.0,-6884.0349936584635
21412.0,-6884.040865063667
21413.0,-6884.046736468871
21414.0,-6884.052607874076
21415.0,-6884.05847927928
21416.0,-6884.0643506844835
21417.0,-6884.070222089688
21418.0,-6884.076093494892
21419.0,-6884.081964900096
21420.0,-6884.087836305301
21421.0,-6884.0937077105045
21422.0,-6884.099579115708
21423.0,-6884.105450520913
21424.0,-6884.111321926117
21425.0,-6884.117193331321
21426.0,-6884.1230647365255
21427.0,-6884.128936141729
21428.0,-6884.134807546933
21429.0,-6884.140678952138
21430.0,-6884.146550357342
21431.0,-6884.152421762546
21432.0,-6884.15829316775
21433.0,-6884.164164572954
21434.0,-6884.170035978158
21435.0,-6884.175907383363
21436.0,-6884.181778788567
21437.0,-6884.18765019377
21438.0,-6884.193521598975
21439.0,-6884.199393004179
21440.0,-6884.205264409383
21441.0,-6884.211135814588
21442.0,-6884.217007219791
21443.0,-6884.222878624995
21444.0,-6884.2287500302
21445.0,-6884.234621435404
21446.0,-6884.240492840608
21447.0,-6884.246364245812
21448.0,-6884.252235651016
21449.0,-6884.25810705622
21450.0,-6884.263978461425
21451.0,-6884.269849866629
21452.0,-6884.2757212718325
21453.0,-6884.281592677037
21454.0,-6884.287464082241
21455.0,-6884.293335487445
21456.0,-6884.29920689265
21457.0,-6884.3050782978535
21458.0,-6884.310949703057
21459.0,-6884.316821108262
21460.0,-6884.322692513466
21461.0,-6884.32856391867
21462.0,-6884.3344353238745
21463.0,-6884.340306729078
21464.0,-6884.346178134282
21465.0,-6884.352049539487
21466.0,-6884.357920944691
21467.0,-6884.3637923498945
21468.0,-6884.369663755099
21469.0,-6884.375535160303
21470.0,-6884.381406565507
21471.0,-6884.387277970712
21472.0,-6884.3931493759155
21473.0,-6884.399020781119
21474.0,-6884.404892186324
21475.0,-6884.410763591528
21476.0,-6884.416634996732
21477.0,-6884.4225064019365
21478.0,-6884.42837780714
21479.0,-6884.434249212344
21480.0,-6884.440120617549
21481.0,-6884.445992022753
21482.0,-6884.451863427957
21483.0,-6884.457734833161
21484.0,-6884.463606238365
21485.0,-6884.469477643569
21486.0,-6884.475349048774
21487.0,-6884.481220453978
21488.0,-6884.487091859181
21489.0,-6884.492963264386
21490.0,-6884.49883466959
21491.0,-6884.504706074794
21492.0,-6884.510577479999
21493.0,-6884.516448885202
21494.0,-6884.522320290406
21495.0,-6884.528191695611
21496.0,-6884.534063100815
21497.0,-6884.539934506019
21498.0,-6884.545805911223
21499.0,-6884.551677316427
21500.0,-6884.557548721631
21501.0,-6884.563420126836
21502.0,-6884.56929153204
21503.0,-6884.5751629372435
21504.0,-6884.581034342448
21505.0,-6884.605060259501
21506.0,-6884.629086176555
21507.0,-6884.653112093608
21508.0,-6884.677138010661
21509.0,-6884.701163927714
21510.0,-6884.725189844768
21511.0,-6884.749215761821
21512.0,-6884.773241678874
21513.0,-6884.797267595927
21514.0,-6884.82129351298
21515.0,-6884.845319430034
21516.0,-6884.869345347087
21517.0,-6884.89337126414
21518.0,-6884.917397181193
21519.0,-6884.941423098247
21520.0,-6884.9654490153
21521.0,-6884.989474932353
21522.0,-6885.013500849406
21523.0,-6885.037526766459
21524.0,-6885.061552683513
21525.0,-6885.085578600566
21526.0,-6885.109604517619
21527.0,-6885.133630434672
21528.0,-6885.157656351726
21529.0,-6885.181682268779
21530.0,-6885.205708185832
21531.0,-6885.229734102885
21532.0,-6885.253760019938
21533.0,-6885.277785936992
21534.0,-6885.301811854045
21535.0,-6885.325837771098
21536.0,-6885.349863688151
21537.0,-6885.373889605205
21538.0,-6885.397915522258
21539.0,-6885.421941439311
21540.0,-6885.445967356364
21541.0,-6885.4699932734175
21542.0,-6885.494019190471
21543.0,-6885.518045107524
21544.0,-6885.542071024577
21545.0,-6885.56609694163
21546.0,-6885.590122858684
21547.0,-6885.614148775737
21548.0,-6885.63817469279
21549.0,-6885.662200609843
21550.0,-6885.6862265268965
21551.0,-6885.71025244395
21552.0,-6885.734278361003
21553.0,-6885.758304278056
21554.0,-6885.782330195109
21555.0,-6885.806356112163
21556.0,-6885.830382029216
21557.0,-6885.854407946269
21558.0,-6885.878433863322
21559.0,-6885.9024597803755
21560.0,-6885.926485697429
21561.0,-6885.950511614482
21562.0,-6885.974537531535
21563.0,-6885.998563448588
21564.0,-6886.022589365642
21565.0,-6886.046615282695
21566.0,-6886.070641199748
21567.0,-6886.094667116801
21568.0,-6886.1186930338545
21569.0,-6886.142718950908
21570.0,-6886.166744867961
21571.0,-6886.190770785014
21572.0,-6886.214796702067
21573.0,-6886.238822619121
21574.0,-6886.262848536174
21575.0,-6886.286874453227
21576.0,-6886.31090037028
21577.0,-6886.3349262873335
21578.0,-6886.358952204387
21579.0,-6886.38297812144
21580.0,-6886.407004038493
21581.0,-6886.431029955546
21582.0,-6886.4550558726
21583.0,-6886.479081789653
21584.0,-6886.503107706706
21585.0,-6886.527133623759
21586.0,-6886.5511595408125
21587.0,-6886.575185457866
21588.0,-6886.599211374919
21589.0,-6886.623237291972
21590.0,-6886.647263209025
21591.0,-6886.671289126079
21592.0,-6886.695315043132
21593.0,-6886.719340960185
21594.0,-6886.743366877238
21595.0,-6886.7673927942915
21596.0,-6886.791418711345
21597.0,-6886.815444628398
21598.0,-6886.839470545451
21599.0,-6886.863496462504
21600.0,-6886.887522379558
21601.0,-6886.911548296611
21602.0,-6886.935574213664
21603.0,-6886.959600130717
21604.0,-6886.9836260477705
21605.0,-6887.007651964824
21606.0,-6887.031677881877
21607.0,-6887.05570379893
21608.0,-6887.079729715983
21609.0,-6887.103755633037
21610.0,-6887.12778155009
21611.0,-6887.151807467143
21612.0,-6887.175833384196
21613.0,-6887.1998593012495
21614.0,-6887.223885218303
21615.0,-6887.247911135356
21616.0,-6887.271937052409
21617.0,-6887.295962969462
21618.0,-6887.319988886516
21619.0,-6887.344014803569
21620.0,-6887.368040720622
21621.0,-6887.392066637675
21622.0,-6887.4160925547285
21623.0,-6887.440118471782
21624.0,-6887.464144388835
21625.0,-6887.488170305888
21626.0,-6887.512196222941
21627.0,-6887.536222139995
21628.0,-6887.560248057048
21629.0,-6887.584273974101
21630.0,-6887.608299891154
21631.0,-6887.6323258082075
21632.0,-6887.656351725261
21633.0,-6887.680377642314
21634.0,-6887.704403559367
21635.0,-6887.72842947642
21636.0,-6887.752455393474
21637.0,-6887.776481310527
21638.0,-6887.80050722758
21639.0,-6887.824533144633
21640.0,-6887.8485590616865
21641.0,-6887.87258497874
21642.0,-6887.896610895793
21643.0,-6887.920636812846
21644.0,-6887.944662729899
21645.0,-6887.968688646953
21646.0,-6887.992714564006
21647.0,-6888.016740481059
21648.0,-6888.040766398112
21649.0,-6888.0647923151655
21650.0,-6888.088818232219
21651.0,-6888.112844149272
21652.0,-6888.136870066325
21653.0,-6888.160895983378
21654.0,-6888.184921900432
21655.0,-6888.208947817485
21656.0,-6888.232973734538
21657.0,-6888.256999651591
21658.0,-6888.2810255686445
21659.0,-6888.305051485698
21660.0,-6888.329077402751
21661.0,-6888.353103319804
21662.0,-6888.377129236857
21663.0,-6888.401155153911
21664.0,-6888.425181070964
21665.0,-6888.449206988017
21666.0,-6888.47323290507
21667.0,-6888.4972588221235
21668.0,-6888.521284739177
21669.0,-6888.54531065623
21670.0,-6888.569336573283
21671.0,-6888.593362490336
21672.0,-6888.61738840739
21673.0,-6888.641414324443
21674.0,-6888.665440241496
21675.0,-6888.689466158549
21676.0,-6888.7134920756025
21677.0,-6888.737517992656
21678.0,-6888.761543909709
21679.0,-6888.785569826762
21680.0,-6888.809595743815
21681.0,-6888.833621660869
21682.0,-6888.857647577922
21683.0,-6888.881673494975
21684.0,-6888.905699412028
21685.0,-6888.9297253290815
21686.0,-6888.953751246135
21687.0,-6888.977777163188
21688.0,-6889.001803080241
21689.0,-6889.025828997294
21690.0,-6889.049854914348
21691.0,-6889.073880831401
21692.0,-6889.097906748454
21693.0,-6889.121932665507
21694.0,-6889.1459585825605
21695.0,-6889.169984499614
21696.0,-6889.194010416667
21697.0,-6889.21803633372
21698.0,-6889.242062250773
21699.0,-6889.266088167827
21700.0,-6889.29011408488
21701.0,-6889.314140001933
21702.0,-6889.338165918986
21703.0,-6889.3621918360395
21704.0,-6889.386217753093
21705.0,-6889.410243670146
21706.0,-6889.434269587199
21707.0,-6889.458295504252
21708.0,-6889.482321421306
21709.0,-6889.506347338359
21710.0,-6889.530373255412
21711.0,-6889.554399172465
21712.0,-6889.5784250895185
21713.0,-6889.602451006572
21714.0,-6889.626476923625
21715.0,-6889.650502840678
21716.0,-6889.674528757731
21717.0,-6889.698554674785
21718.0,-6889.722580591838
21719.0,-6889.746606508891
21720.0,-6889.770632425944
21721.0,-6889.7946583429975
21722.0,-6889.818684260051
21723.0,-6889.842710177104
21724.0,-6889.866736094157
21725.0,-6889.89076201121
21726.0,-6889.914787928264
21727.0,-6889.938813845317
21728.0,-6889.96283976237
21729.0,-6889.986865679423
21730.0,-6890.0108915964765
21731.0,-6890.03491751353
21732.0,-6890.058943430583
21733.0,-6890.082969347636
21734.0,-6890.106995264689
21735.0,-6890.131021181743
21736.0,-6890.155047098796
21737.0,-6890.179073015849
21738.0,-6890.203098932902
21739.0,-6890.2271248499555
21740.0,-6890.251150767009
21741.0,-6890.275176684062
21742.0,-6890.299202601115
21743.0,-6890.323228518168
21744.0,-6890.347254435222
21745.0,-6890.371280352275
21746.0,-6890.395306269328
21747.0,-6890.419332186381
21748.0,-6890.443358103435
21749.0,-6890.467384020488
21750.0,-6890.491409937541
21751.0,-6890.515435854594
21752.0,-6890.539461771647
21753.0,-6890.563487688701
21754.0,-6890.587513605754
21755.0,-6890.611539522807
21756.0,-6890.63556543986
21757.0,-6890.659591356914
21758.0,-6890.683617273967
21759.0,-6890.70764319102
21760.0,-6890.731669108073
21761.0,-6890.755695025126
21762.0,-6890.77972094218
21763.0,-6890.803746859233
21764.0,-6890.827772776286
21765.0,-6890.851798693339
21766.0,-6890.875824610393
21767.0,-6890.899850527446
21768.0,-6890.923876444499
21769.0,-6890.947902361552
21770.0,-6890.971928278605
21771.0,-6890.995954195659
21772.0,-6891.019980112712
21773.0,-6891.044006029765
21774.0,-6891.068031946818
21775.0,-6891.092057863872
21776.0,-6891.116083780925
21777.0,-6891.140109697978
21778.0,-6891.164135615031
21779.0,-6891.188161532084
21780.0,-6891.212187449138
21781.0,-6891.236213366191
21782.0,-6891.260239283244
21783.0,-6891.284265200297
21784.0,-6891.308291117351
21785.0,-6891.332317034404
21786.0,-6891.356342951457
21787.0,-6891.38036886851
21788.0,-6891.404394785563
21789.0,-6891.428420702617
21790.0,-6891.45244661967
21791.0,-6891.476472536723
21792.0,-6891.500498453776
21793.0,-6891.52452437083
21794.0,-6891.548550287883
21795.0,-6891.572576204936
21796.0,-6891.596602121989
21797.0,-6891.6206280390425
21798.0,-6891.644653956096
21799.0,-6891.668679873149
21800.0,-6891.692705790202
21801.0,-6891.716731707255
21802.0,-6891.740757624309
21803.0,-6891.764783541362
21804.0,-6891.788809458415
21805.0,-6891.812835375468
21806.0,-6891.8368612925215
21807.0,-6891.860887209575
21808.0,-6891.884913126628
21809.0,-6891.908939043681
21810.0,-6891.932964960734
21811.0,-6891.956990877788
21812.0,-6891.981016794841
21813.0,-6892.005042711894
21814.0,-6892.029068628947
21815.0,-6892.0530945460005
21816.0,-6892.077120463054
21817.0,-6892.101146380107
21818.0,-6892.12517229716
21819.0,-6892.149198214213
21820.0,-6892.173224131267
21821.0,-6892.19725004832
21822.0,-6892.221275965373
21823.0,-6892.245301882426
21824.0,-6892.2693277994795
21825.0,-6892.293353716533
21826.0,-6892.317379633586
21827.0,-6892.341405550639
21828.0,-6892.365431467692
21829.0,-6892.389457384746
21830.0,-6892.413483301799
21831.0,-6892.437509218852
21832.0,-6892.461535135905
21833.0,-6892.4855610529585
21834.0,-6892.509586970012
21835.0,-6892.533612887065
21836.0,-6892.557638804118
21837.0,-6892.581664721171
21838.0,-6892.605690638225
21839.0,-6892.629716555278
21840.0,-6892.653742472331
21841.0,-6892.677768389384
21842.0,-6892.7017943064375
21843.0,-6892.725820223491
21844.0,-6892.749846140544
21845.0,-6892.773872057597
21846.0,-6892.79789797465
21847.0,-6892.821923891704
21848.0,-6892.845949808757
21849.0,-6892.86997572581
21850.0,-6892.894001642863
21851.0,-6892.9180275599165
21852.0,-6892.94205347697
21853.0,-6892.966079394023
21854.0,-6892.990105311076
21855.0,-6893.014131228129
21856.0,-6893.038157145183
21857.0,-6893.062183062236
21858.0,-6893.086208979289
21859.0,-6893.110234896342
21860.0,-6893.1342608133955
21861.0,-6893.158286730449
21862.0,-6893.182312647502
21863.0,-6893.206338564555
21864.0,-6893.230364481608
21865.0,-6893.254390398662
21866.0,-6893.278416315715
21867.0,-6893.302442232768
21868.0,-6893.326468149821
21869.0,-6893.3504940668745
21870.0,-6893.374519983928
21871.0,-6893.398545900981
21872.0,-6893.422571818034
21873.0,-6893.446597735087
21874.0,-6893.470623652141
21875.0,-6893.494649569194
21876.0,-6893.518675486247
21877.0,-6893.5427014033
21878.0,-6893.5667273203535
21879.0,-6893.590753237407
21880.0,-6893.61477915446
21881.0,-6893.638805071513
21882.0,-6893.662830988566
21883.0,-6893.68685690562
21884.0,-6893.710882822673
21885.0,-6893.734908739726
21886.0,-6893.758934656779
21887.0,-6893.7829605738325
21888.0,-6893.806986490886
21889.0,-6893.831012407939
21890.0,-6893.855038324992
21891.0,-6893.879064242045
21892.0,-6893.903090159099
21893.0,-6893.927116076152
21894.0,-6893.951141993205
21895.0,-6893.975167910258
21896.0,-6893.9991938273115
21897.0,-6894.023219744365
21898.0,-6894.047245661418
21899.0,-6894.071271578471
21900.0,-6894.095297495524
21901.0,-6894.119323412578
21902.0,-6894.143349329631
21903.0,-6894.167375246684
21904.0,-6894.191401163737
21905.0,-6894.2154270807905
21906.0,-6894.239452997844
21907.0,-6894.263478914897
21908.0,-6894.28750483195
21909.0,-6894.311530749003
21910.0,-6894.335556666057
21911.0,-6894.35958258311
21912.0,-6894.383608500163
21913.0,-6894.407634417216
21914.0,-6894.4316603342695
21915.0,-6894.455686251323
21916.0,-6894.479712168376
21917.0,-6894.503738085429
21918.0,-6894.527764002482
21919.0,-6894.551789919536
21920.0,-6894.575815836589
21921.0,-6894.599841753642
21922.0,-6894.623867670695
21923.0,-6894.6478935877485
21924.0,-6894.671919504802
21925.0,-6894.695945421855
21926.0,-6894.719971338908
21927.0,-6894.743997255961
21928.0,-6894.768023173015
21929.0,-6894.792049090068
21930.0,-6894.816075007121
21931.0,-6894.840100924174
21932.0,-6894.8641268412275
21933.0,-6894.888152758281
21934.0,-6894.912178675334
21935.0,-6894.936204592387
21936.0,-6894.96023050944
21937.0,-6894.984256426494
21938.0,-6895.008282343547
21939.0,-6895.0323082606
21940.0,-6895.056334177653
21941.0,-6895.0803600947065
21942.0,-6895.10438601176
21943.0,-6895.128411928813
21944.0,-6895.152437845866
21945.0,-6895.176463762919
21946.0,-6895.200489679973
21947.0,-6895.224515597026
21948.0,-6895.248541514079
21949.0,-6895.272567431132
21950.0,-6895.2965933481855
21951.0,-6895.320619265239
21952.0,-6895.344645182292
21953.0,-6895.368671099345
21954.0,-6895.392697016398
21955.0,-6895.416722933452
21956.0,-6895.440748850505
21957.0,-6895.464774767558
21958.0,-6895.488800684611
21959.0,-6895.5128266016645
21960.0,-6895.536852518718
21961.0,-6895.560878435771
21962.0,-6895.584904352824
21963.0,-6895.608930269877
21964.0,-6895.632956186931
21965.0,-6895.656982103984
21966.0,-6895.681008021037
21967.0,-6895.70503393809
21968.0,-6895.7290598551435
21969.0,-6895.753085772197
21970.0,-6895.77711168925
21971.0,-6895.801137606303
21972.0,-6895.825163523356
21973.0,-6895.84918944041
21974.0,-6895.873215357463
21975.0,-6895.897241274516
21976.0,-6895.921267191569
21977.0,-6895.9452931086225
21978.0,-6895.969319025676
21979.0,-6895.993344942729
21980.0,-6896.017370859782
21981.0,-6896.041396776835
21982.0,-6896.065422693889
21983.0,-6896.089448610942
21984.0,-6896.113474527995
21985.0,-6896.137500445048
21986.0,-6896.1615263621015
21987.0,-6896.185552279155
21988.0,-6896.209578196208
21989.0,-6896.233604113261
21990.0,-6896.257630030314
21991.0,-6896.281655947368
21992.0,-6896.305681864421
21993.0,-6896.329707781474
21994.0,-6896.353733698527
21995.0,-6896.3777596155805
21996.0,-6896.401785532634
21997.0,-6896.425811449687
21998.0,-6896.44983736674
21999.0,-6896.473863283793
22000.0,-6896.497889200847
22001.0,-6896.5219151179
22002.0,-6896.545941034953
22003.0,-6896.569966952006
22004.0,-6896.59399286906
22005.0,-6896.618018786113
22006.0,-6896.642044703166
22007.0,-6896.666070620219
22008.0,-6896.690096537272
22009.0,-6896.714122454326
22010.0,-6896.738148371379
22011.0,-6896.762174288432
22012.0,-6896.786200205485
22013.0,-6896.810226122539
22014.0,-6896.834252039592
22015.0,-6896.858277956645
22016.0,-6896.882303873698
22017.0,-6896.906329790751
22018.0,-6896.930355707805
22019.0,-6896.954381624858
22020.0,-6896.978407541911
22021.0,-6897.002433458964
22022.0,-6897.026459376018
22023.0,-6897.050485293071
22024.0,-6897.074511210124
22025.0,-6897.098537127177
22026.0,-6897.12256304423
22027.0,-6897.146588961284
22028.0,-6897.170614878337
22029.0,-6897.19464079539
22030.0,-6897.218666712443
22031.0,-6897.242692629497
22032.0,-6897.26671854655
22033.0,-6897.290744463603
22034.0,-6897.314770380656
22035.0,-6897.338796297709
22036.0,-6897.362822214763
22037.0,-6897.386848131816
22038.0,-6897.410874048869
22039.0,-6897.434899965922
22040.0,-6897.458925882976
22041.0,-6897.482951800029
22042.0,-6897.506977717082
22043.0,-6897.531003634135
22044.0,-6897.555029551188
22045.0,-6897.579055468242
22046.0,-6897.603081385295
22047.0,-6897.627107302348
22048.0,-6897.651133219401
22049.0,-6897.675159136455
22050.0,-6897.699185053508
22051.0,-6897.723210970561
22052.0,-6897.747236887614
22053.0,-6897.7712628046675
22054.0,-6897.795288721721
22055.0,-6897.819314638774
22056.0,-6897.843340555827
22057.0,-6897.86736647288
22058.0,-6897.891392389934
22059.0,-6897.915418306987
22060.0,-6897.93944422404
22061.0,-6897.963470141093
22062.0,-6897.9874960581465
22063.0,-6898.0115219752
22064.0,-6898.035547892253
22065.0,-6898.059573809306
22066.0,-6898.083599726359
22067.0,-6898.107625643413
22068.0,-6898.131651560466
22069.0,-6898.155677477519
22070.0,-6898.179703394572
22071.0,-6898.2037293116255
22072.0,-6898.227755228679
22073.0,-6898.251781145732
22074.0,-6898.275807062785
22075.0,-6898.299832979838
22076.0,-6898.323858896892
22077.0,-6898.347884813945
22078.0,-6898.371910730998
22079.0,-6898.395936648051
22080.0,-6898.4199625651045
22081.0,-6898.443988482158
22082.0,-6898.468014399211
22083.0,-6898.492040316264
22084.0,-6898.516066233317
22085.0,-6898.540092150371
22086.0,-6898.564118067424
22087.0,-6898.588143984477
22088.0,-6898.61216990153
22089.0,-6898.6361958185835
22090.0,-6898.660221735637
22091.0,-6898.68424765269
22092.0,-6898.708273569743
22093.0,-6898.732299486796
22094.0,-6898.75632540385
22095.0,-6898.780351320903
22096.0,-6898.804377237956
22097.0,-6898.828403155009
22098.0,-6898.8524290720625
22099.0,-6898.876454989116
22100.0,-6898.900480906169
22101.0,-6898.924506823222
22102.0,-6898.948532740275
22103.0,-6898.972558657329
22104.0,-6898.996584574382
22105.0,-6899.020610491435
22106.0,-6899.044636408488
22107.0,-6899.0686623255415
22108.0,-6899.092688242595
22109.0,-6899.116714159648
22110.0,-6899.140740076701
22111.0,-6899.164765993754
22112.0,-6899.188791910808
22113.0,-6899.212817827861
22114.0,-6899.236843744914
22115.0,-6899.260869661967
22116.0,-6899.2848955790205
22117.0,-6899.308921496074
22118.0,-6899.332947413127
22119.0,-6899.35697333018
22120.0,-6899.380999247233
22121.0,-6899.405025164287
22122.0,-6899.42905108134
22123.0,-6899.453076998393
22124.0,-6899.477102915446
22125.0,-6899.5011288324995
22126.0,-6899.525154749553
22127.0,-6899.549180666606
22128.0,-6899.573206583659
22129.0,-6899.597232500712
22130.0,-6899.621258417766
22131.0,-6899.645284334819
22132.0,-6899.669310251872
22133.0,-6899.693336168925
22134.0,-6899.7173620859785
22135.0,-6899.741388003032
22136.0,-6899.765413920085
22137.0,-6899.789439837138
22138.0,-6899.813465754191
22139.0,-6899.837491671245
22140.0,-6899.861517588298
22141.0,-6899.885543505351
22142.0,-6899.909569422404
22143.0,-6899.9335953394575
22144.0,-6899.957621256511
22145.0,-6899.981647173564
22146.0,-6900.005673090617
22147.0,-6900.02969900767
22148.0,-6900.053724924724
22149.0,-6900.077750841777
22150.0,-6900.10177675883
22151.0,-6900.125802675883
22152.0,-6900.1498285929365
22153.0,-6900.17385450999
22154.0,-6900.197880427043
22155.0,-6900.221906344096
22156.0,-6900.245932261149
22157.0,-6900.269958178203
22158.0,-6900.293984095256
22159.0,-6900.318010012309
22160.0,-6900.342035929362
22161.0,-6900.3660618464155
22162.0,-6900.390087763469
22163.0,-6900.414113680522
22164.0,-6900.438139597575
22165.0,-6900.462165514628
22166.0,-6900.486191431682
22167.0,-6900.510217348735
22168.0,-6900.534243265788
22169.0,-6900.558269182841
22170.0,-6900.5822950998945
22171.0,-6900.606321016948
22172.0,-6900.630346934001
22173.0,-6900.654372851054
22174.0,-6900.678398768107
22175.0,-6900.702424685161
22176.0,-6900.726450602214
22177.0,-6900.750476519267
22178.0,-6900.77450243632
22179.0,-6900.7985283533735
22180.0,-6900.822554270427
22181.0,-6900.84658018748
22182.0,-6900.870606104533
22183.0,-6900.894632021586
22184.0,-6900.91865793864
22185.0,-6900.942683855693
22186.0,-6900.966709772746
22187.0,-6900.990735689799
22188.0,-6901.0147616068525
22189.0,-6901.038787523906
22190.0,-6901.062813440959
22191.0,-6901.086839358012
22192.0,-6901.110865275065
22193.0,-6901.134891192119
22194.0,-6901.158917109172
22195.0,-6901.182943026225
22196.0,-6901.206968943278
22197.0,-6901.2309948603315
22198.0,-6901.255020777385
22199.0,-6901.279046694438
22200.0,-6901.303072611491
22201.0,-6901.327098528544
22202.0,-6901.351124445598
22203.0,-6901.375150362651
22204.0,-6901.399176279704
22205.0,-6901.423202196757
22206.0,-6901.4472281138105
22207.0,-6901.471254030864
22208.0,-6901.495279947917
22209.0,-6901.51930586497
22210.0,-6901.543331782023
22211.0,-6901.567357699077
22212.0,-6901.59138361613
22213.0,-6901.615409533183
22214.0,-6901.639435450236
22215.0,-6901.6634613672895
22216.0,-6901.687487284343
22217.0,-6901.711513201396
22218.0,-6901.735539118449
22219.0,-6901.759565035502
22220.0,-6901.783590952556
22221.0,-6901.807616869609
22222.0,-6901.831642786662
22223.0,-6901.855668703715
22224.0,-6901.8796946207685
22225.0,-6901.903720537822
22226.0,-6901.927746454875
22227.0,-6901.951772371928
22228.0,-6901.975798288981
22229.0,-6901.999824206035
22230.0,-6902.023850123088
22231.0,-6902.047876040141
22232.0,-6902.071901957194
22233.0,-6902.0959278742475
22234.0,-6902.119953791301
22235.0,-6902.143979708354
22236.0,-6902.168005625407
22237.0,-6902.19203154246
22238.0,-6902.216057459514
22239.0,-6902.240083376567
22240.0,-6902.26410929362
22241.0,-6902.288135210673
22242.0,-6902.3121611277265
22243.0,-6902.33618704478
22244.0,-6902.360212961833
22245.0,-6902.384238878886
22246.0,-6902.408264795939
22247.0,-6902.432290712993
22248.0,-6902.456316630046
22249.0,-6902.480342547099
22250.0,-6902.504368464152
22251.0,-6902.5283943812055
22252.0,-6902.552420298259
22253.0,-6902.576446215312
22254.0,-6902.600472132365
22255.0,-6902.624498049418
22256.0,-6902.648523966472
22257.0,-6902.672549883525
22258.0,-6902.696575800578
22259.0,-6902.720601717631
22260.0,-6902.744627634685
22261.0,-6902.768653551738
22262.0,-6902.792679468791
22263.0,-6902.816705385844
22264.0,-6902.840731302897
22265.0,-6902.864757219951
22266.0,-6902.888783137004
22267.0,-6902.912809054057
22268.0,-6902.93683497111
22269.0,-6902.960860888164
22270.0,-6902.984886805217
22271.0,-6903.00891272227
22272.0,-6903.032938639323
22273.0,-6903.056964556376
22274.0,-6903.08099047343
22275.0,-6903.105016390483
22276.0,-6903.129042307536
22277.0,-6903.153068224589
22278.0,-6903.177094141643
22279.0,-6903.201120058696
22280.0,-6903.225145975749
22281.0,-6903.249171892802
22282.0,-6903.273197809855
22283.0,-6903.297223726909
22284.0,-6903.321249643962
22285.0,-6903.345275561015
22286.0,-6903.369301478068
22287.0,-6903.393327395122
22288.0,-6903.417353312175
22289.0,-6903.441379229228
22290.0,-6903.465405146281
22291.0,-6903.489431063334
22292.0,-6903.513456980388
22293.0,-6903.537482897441
22294.0,-6903.561508814494
22295.0,-6903.585534731547
22296.0,-6903.609560648601
22297.0,-6903.633586565654
22298.0,-6903.657612482707
22299.0,-6903.68163839976
22300.0,-6903.705664316813
22301.0,-6903.729690233867
22302.0,-6903.75371615092
22303.0,-6903.777742067973
22304.0,-6903.801767985026
22305.0,-6903.82579390208
22306.0,-6903.849819819133
22307.0,-6903.873845736186
22308.0,-6903.897871653239
22309.0,-6903.9218975702925
22310.0,-6903.945923487346
22311.0,-6903.969949404399
22312.0,-6903.993975321452
22313.0,-6904.018001238505
22314.0,-6904.042027155559
22315.0,-6904.066053072612
22316.0,-6904.090078989665
22317.0,-6904.114104906718
22318.0,-6904.1381308237715
22319.0,-6904.162156740825
22320.0,-6904.186182657878
22321.0,-6904.210208574931
22322.0,-6904.234234491984
22323.0,-6904.258260409038
22324.0,-6904.282286326091
22325.0,-6904.306312243144
22326.0,-6904.330338160197
22327.0,-6904.3543640772505
22328.0,-6904.378389994304
22329.0,-6904.402415911357
22330.0,-6904.42644182841
22331.0,-6904.450467745463
22332.0,-6904.474493662517
22333.0,-6904.49851957957
22334.0,-6904.522545496623
22335.0,-6904.546571413676
22336.0,-6904.5705973307295
22337.0,-6904.594623247783
22338.0,-6904.618649164836
22339.0,-6904.642675081889
22340.0,-6904.666700998942
22341.0,-6904.690726915996
22342.0,-6904.714752833049
22343.0,-6904.738778750102
22344.0,-6904.762804667155
22345.0,-6904.7868305842085
22346.0,-6904.810856501262
22347.0,-6904.834882418315
22348.0,-6904.858908335368
22349.0,-6904.882934252421
22350.0,-6904.906960169475
22351.0,-6904.930986086528
22352.0,-6904.955012003581
22353.0,-6904.979037920634
22354.0,-6905.0030638376875
22355.0,-6905.027089754741
22356.0,-6905.051115671794
22357.0,-6905.075141588847
22358.0,-6905.0991675059
22359.0,-6905.123193422954
22360.0,-6905.147219340007
22361.0,-6905.17124525706
22362.0,-6905.195271174113
22363.0,-6905.2192970911665
22364.0,-6905.24332300822
22365.0,-6905.267348925273
22366.0,-6905.291374842326
22367.0,-6905.315400759379
22368.0,-6905.339426676433
22369.0,-6905.363452593486
22370.0,-6905.387478510539
22371.0,-6905.411504427592
22372.0,-6905.4355303446455
22373.0,-6905.459556261699
22374.0,-6905.483582178752
22375.0,-6905.507608095805
22376.0,-6905.531634012858
22377.0,-6905.555659929912
22378.0,-6905.579685846965
22379.0,-6905.603711764018
22380.0,-6905.627737681071
22381.0,-6905.6517635981245
22382.0,-6905.675789515178
22383.0,-6905.699815432231
22384.0,-6905.723841349284
22385.0,-6905.747867266337
22386.0,-6905.771893183391
22387.0,-6905.795919100444
22388.0,-6905.819945017497
22389.0,-6905.84397093455
22390.0,-6905.8679968516035
22391.0,-6905.892022768657
22392.0,-6905.91604868571
22393.0,-6905.940074602763
22394.0,-6905.964100519816
22395.0,-6905.98812643687
22396.0,-6906.012152353923
22397.0,-6906.036178270976
22398.0,-6906.060204188029
22399.0,-6906.0842301050825
22400.0,-6906.108256022136
22401.0,-6906.132281939189
22402.0,-6906.156307856242
22403.0,-6906.180333773295
22404.0,-6906.204359690349
22405.0,-6906.228385607402
22406.0,-6906.252411524455
22407.0,-6906.276437441508
22408.0,-6906.3004633585615
22409.0,-6906.324489275615
22410.0,-6906.348515192668
22411.0,-6906.372541109721
22412.0,-6906.396567026774
22413.0,-6906.420592943828
22414.0,-6906.444618860881
22415.0,-6906.468644777934
22416.0,-6906.492670694987
22417.0,-6906.5166966120405
22418.0,-6906.540722529094
22419.0,-6906.564748446147
22420.0,-6906.5887743632
22421.0,-6906.612800280253
22422.0,-6906.636826197307
22423.0,-6906.66085211436
22424.0,-6906.684878031413
22425.0,-6906.708903948466
22426.0,-6906.7329298655195
22427.0,-6906.756955782573
22428.0,-6906.780981699626
22429.0,-6906.805007616679
22430.0,-6906.829033533732
22431.0,-6906.853059450786
22432.0,-6906.877085367839
22433.0,-6906.901111284892
22434.0,-6906.925137201945
22435.0,-6906.9491631189985
22436.0,-6906.973189036052
22437.0,-6906.997214953105
22438.0,-6907.021240870158
22439.0,-6907.045266787211
22440.0,-6907.069292704265
22441.0,-6907.093318621318
22442.0,-6907.117344538371
22443.0,-6907.141370455424
22444.0,-6907.1653963724775
22445.0,-6907.189422289531
22446.0,-6907.213448206584
22447.0,-6907.237474123637
22448.0,-6907.26150004069
22449.0,-6907.285525957744
22450.0,-6907.309551874797
22451.0,-6907.33357779185
22452.0,-6907.357603708903
22453.0,-6907.3816296259565
22454.0,-6907.40565554301
22455.0,-6907.429681460063
22456.0,-6907.453707377116
22457.0,-6907.477733294169
22458.0,-6907.501759211223
22459.0,-6907.525785128276
22460.0,-6907.549811045329
22461.0,-6907.573836962382
22462.0,-6907.5978628794355
22463.0,-6907.621888796489
22464.0,-6907.645914713542
22465.0,-6907.669940630595
22466.0,-6907.693966547648
22467.0,-6907.717992464702
22468.0,-6907.742018381755
22469.0,-6907.766044298808
22470.0,-6907.790070215861
22471.0,-6907.8140961329145
22472.0,-6907.838122049968
22473.0,-6907.862147967021
22474.0,-6907.886173884074
22475.0,-6907.910199801127
22476.0,-6907.934225718181
22477.0,-6907.958251635234
22478.0,-6907.982277552287
22479.0,-6908.00630346934
22480.0,-6908.0303293863935
22481.0,-6908.054355303447
22482.0,-6908.0783812205
22483.0,-6908.102407137553
22484.0,-6908.126433054606
22485.0,-6908.15045897166
22486.0,-6908.174484888713
22487.0,-6908.198510805766
22488.0,-6908.222536722819
22489.0,-6908.2465626398725
22490.0,-6908.270588556926
22491.0,-6908.294614473979
22492.0,-6908.318640391032
22493.0,-6908.342666308085
22494.0,-6908.366692225139
22495.0,-6908.390718142192
22496.0,-6908.414744059245
22497.0,-6908.438769976298
22498.0,-6908.4627958933515
22499.0,-6908.486821810405
22500.0,-6908.510847727458
22501.0,-6908.534873644511
22502.0,-6908.558899561564
22503.0,-6908.582925478618
22504.0,-6908.606951395671
22505.0,-6908.630977312724
22506.0,-6908.655003229777
22507.0,-6908.6790291468305
22508.0,-6908.703055063884
22509.0,-6908.727080980937
22510.0,-6908.75110689799
22511.0,-6908.775132815043
22512.0,-6908.799158732097
22513.0,-6908.82318464915
22514.0,-6908.847210566203
22515.0,-6908.871236483256
22516.0,-6908.89526240031
22517.0,-6908.919288317363
22518.0,-6908.943314234416
22519.0,-6908.967340151469
22520.0,-6908.991366068522
22521.0,-6909.015391985576
22522.0,-6909.039417902629
22523.0,-6909.063443819682
22524.0,-6909.087469736735
22525.0,-6909.111495653789
22526.0,-6909.135521570842
22527.0,-6909.159547487895
22528.0,-6909.183573404948
22529.0,-6909.136632104714
22530.0,-6909.0896908044815
22531.0,-6909.042749504249
22532.0,-6908.995808204015
22533.0,-6908.948866903782
22534.0,-6908.901925603549
22535.0,-6908.854984303315
22536.0,-6908.808043003082
22537.0,-6908.761101702849
22538.0,-6908.714160402616
22539.0,-6908.667219102383
22540.0,-6908.62027780215
22541.0,-6908.573336501916
22542.0,-6908.526395201683
22543.0,-6908.47945390145
22544.0,-6908.432512601216
22545.0,-6908.385571300983
22546.0,-6908.3386300007505
22547.0,-6908.291688700517
22548.0,-6908.244747400284
22549.0,-6908.197806100051
22550.0,-6908.150864799817
22551.0,-6908.103923499584
22552.0,-6908.056982199351
22553.0,-6908.0100408991175
22554.0,-6907.963099598885
22555.0,-6907.916158298652
22556.0,-6907.869216998418
22557.0,-6907.822275698185
22558.0,-6907.775334397952
22559.0,-6907.728393097718
22560.0,-6907.681451797485
22561.0,-6907.634510497252
22562.0,-6907.587569197019
22563.0,-6907.540627896786
22564.0,-6907.493686596553
22565.0,-6907.446745296319
22566.0,-6907.399803996086
22567.0,-6907.352862695853
22568.0,-6907.305921395619
22569.0,-6907.2589800953865
22570.0,-6907.212038795154
22571.0,-6907.16509749492
22572.0,-6907.118156194687
22573.0,-6907.071214894454
22574.0,-6907.02427359422
22575.0,-6906.977332293987
22576.0,-6906.930390993754
22577.0,-6906.883449693521
22578.0,-6906.836508393288
22579.0,-6906.789567093055
22580.0,-6906.742625792821
22581.0,-6906.695684492588
22582.0,-6906.648743192355
22583.0,-6906.601801892121
22584.0,-6906.554860591888
22585.0,-6906.5079192916555
22586.0,-6906.460977991422
22587.0,-6906.414036691189
22588.0,-6906.367095390956
22589.0,-6906.320154090722
22590.0,-6906.273212790489
22591.0,-6906.226271490256
22592.0,-6906.1793301900225
22593.0,-6906.13238888979
22594.0,-6906.085447589557
22595.0,-6906.038506289323
22596.0,-6905.99156498909
22597.0,-6905.944623688857
22598.0,-6905.897682388623
22599.0,-6905.85074108839
22600.0,-6905.803799788157
22601.0,-6905.756858487924
22602.0,-6905.709917187691
22603.0,-6905.662975887458
22604.0,-6905.616034587224
22605.0,-6905.569093286991
22606.0,-6905.522151986758
22607.0,-6905.475210686524
22608.0,-6905.4282693862915
22609.0,-6905.381328086059
22610.0,-6905.334386785825
22611.0,-6905.287445485592
22612.0,-6905.240504185359
22613.0,-6905.193562885125
22614.0,-6905.146621584892
22615.0,-6905.099680284659
22616.0,-6905.052738984426
22617.0,-6905.005797684193
22618.0,-6904.95885638396
22619.0,-6904.911915083726
22620.0,-6904.864973783493
22621.0,-6904.81803248326
22622.0,-6904.771091183026
22623.0,-6904.724149882793
22624.0,-6904.6772085825605
22625.0,-6904.630267282327
22626.0,-6904.583325982094
22627.0,-6904.536384681861
22628.0,-6904.489443381627
22629.0,-6904.442502081394
22630.0,-6904.395560781161
22631.0,-6904.3486194809275
22632.0,-6904.301678180695
22633.0,-6904.254736880462
22634.0,-6904.207795580228
22635.0,-6904.160854279995
22636.0,-6904.113912979762
22637.0,-6904.066971679528
22638.0,-6904.020030379295
22639.0,-6903.973089079062
22640.0,-6903.926147778829
22641.0,-6903.879206478596
22642.0,-6903.832265178363
22643.0,-6903.785323878129
22644.0,-6903.738382577896
22645.0,-6903.691441277663
22646.0,-6903.644499977429
22647.0,-6903.5975586771965
22648.0,-6903.550617376964
22649.0,-6903.50367607673
22650.0,-6903.456734776497
22651.0,-6903.409793476264
22652.0,-6903.36285217603
22653.0,-6903.315910875797
22654.0,-6903.268969575564
22655.0,-6903.222028275331
22656.0,-6903.175086975098
22657.0,-6903.128145674865
22658.0,-6903.081204374631
22659.0,-6903.034263074398
22660.0,-6902.987321774165
22661.0,-6902.940380473931
22662.0,-6902.893439173698
22663.0,-6902.8464978734655
22664.0,-6902.799556573232
22665.0,-6902.752615272999
22666.0,-6902.705673972766
22667.0,-6902.658732672532
22668.0,-6902.611791372299
22669.0,-6902.564850072066
22670.0,-6902.5179087718325
22671.0,-6902.4709674716
22672.0,-6902.424026171367
22673.0,-6902.377084871133
22674.0,-6902.3301435709
22675.0,-6902.283202270667
22676.0,-6902.236260970433
22677.0,-6902.1893196702
22678.0,-6902.142378369967
22679.0,-6902.095437069734
22680.0,-6902.048495769501
22681.0,-6902.001554469268
22682.0,-6901.954613169034
22683.0,-6901.907671868801
22684.0,-6901.860730568568
22685.0,-6901.813789268334
22686.0,-6901.7668479681015
22687.0,-6901.719906667869
22688.0,-6901.672965367635
22689.0,-6901.626024067402
22690.0,-6901.579082767169
22691.0,-6901.532141466935
22692.0,-6901.485200166702
22693.0,-6901.438258866469
22694.0,-6901.391317566236
22695.0,-6901.344376266003
22696.0,-6901.29743496577
22697.0,-6901.250493665536
22698.0,-6901.203552365303
22699.0,-6901.15661106507
22700.0,-6901.109669764836
22701.0,-6901.062728464603
22702.0,-6901.0157871643705
22703.0,-6900.968845864137
22704.0,-6900.921904563904
22705.0,-6900.874963263671
22706.0,-6900.828021963437
22707.0,-6900.781080663204
22708.0,-6900.734139362971
22709.0,-6900.6871980627375
22710.0,-6900.640256762505
22711.0,-6900.593315462272
22712.0,-6900.546374162038
22713.0,-6900.499432861805
22714.0,-6900.452491561572
22715.0,-6900.405550261338
22716.0,-6900.358608961105
22717.0,-6900.311667660872
22718.0,-6900.264726360639
22719.0,-6900.217785060406
22720.0,-6900.170843760173
22721.0,-6900.123902459939
22722.0,-6900.076961159706
22723.0,-6900.030019859473
22724.0,-6899.983078559239
22725.0,-6899.9361372590065
22726.0,-6899.889195958774
22727.0,-6899.84225465854
22728.0,-6899.795313358307
22729.0,-6899.748372058074
22730.0,-6899.70143075784
22731.0,-6899.654489457607
22732.0,-6899.607548157374
22733.0,-6899.560606857141
22734.0,-6899.513665556908
22735.0,-6899.466724256675
22736.0,-6899.419782956441
22737.0,-6899.372841656208
22738.0,-6899.325900355975
22739.0,-6899.278959055741
22740.0,-6899.232017755508
22741.0,-6899.1850764552755
22742.0,-6899.138135155042
22743.0,-6899.091193854809
22744.0,-6899.044252554576
22745.0,-6898.997311254342
22746.0,-6898.950369954109
22747.0,-6898.903428653876
22748.0,-6898.8564873536425
22749.0,-6898.80954605341
22750.0,-6898.762604753177
22751.0,-6898.715663452943
22752.0,-6898.66872215271
22753.0,-6898.621780852477
22754.0,-6898.574839552243
22755.0,-6898.52789825201
22756.0,-6898.480956951777
22757.0,-6898.434015651544
22758.0,-6898.387074351311
22759.0,-6898.340133051078
22760.0,-6898.293191750844
22761.0,-6898.246250450611
22762.0,-6898.199309150378
22763.0,-6898.152367850144
22764.0,-6898.1054265499115
22765.0,-6898.058485249679
22766.0,-6898.011543949445
22767.0,-6897.964602649212
22768.0,-6897.917661348979
22769.0,-6897.870720048745
22770.0,-6897.823778748512
22771.0,-6897.776837448279
22772.0,-6897.729896148046
22773.0,-6897.682954847813
22774.0,-6897.63601354758
22775.0,-6897.589072247346
22776.0,-6897.542130947113
22777.0,-6897.49518964688
22778.0,-6897.448248346646
22779.0,-6897.401307046413
22780.0,-6897.3543657461805
22781.0,-6897.307424445947
22782.0,-6897.260483145714
22783.0,-6897.213541845481
22784.0,-6897.166600545247
22785.0,-6897.119659245014
22786.0,-6897.072717944781
22787.0,-6897.0257766445475
22788.0,-6896.978835344315
22789.0,-6896.931894044082
22790.0,-6896.884952743848
22791.0,-6896.838011443615
22792.0,-6896.791070143382
22793.0,-6896.744128843148
22794.0,-6896.697187542915
22795.0,-6896.650246242682
22796.0,-6896.603304942449
22797.0,-6896.556363642216
22798.0,-6896.509422341983
22799.0,-6896.462481041749
22800.0,-6896.415539741516
22801.0,-6896.368598441283
22802.0,-6896.321657141049
22803.0,-6896.2747158408165
22804.0,-6896.227774540584
22805.0,-6896.18083324035
22806.0,-6896.133891940117
22807.0,-6896.086950639884
22808.0,-6896.04000933965
22809.0,-6895.993068039417
22810.0,-6895.946126739184
22811.0,-6895.899185438951
22812.0,-6895.852244138718
22813.0,-6895.805302838485
22814.0,-6895.758361538251
22815.0,-6895.711420238018
22816.0,-6895.664478937785
22817.0,-6895.617537637551
22818.0,-6895.570596337318
22819.0,-6895.5236550370855
22820.0,-6895.476713736852
22821.0,-6895.429772436619
22822.0,-6895.382831136386
22823.0,-6895.335889836152
22824.0,-6895.288948535919
22825.0,-6895.242007235686
22826.0,-6895.1950659354525
22827.0,-6895.14812463522
22828.0,-6895.101183334987
22829.0,-6895.054242034753
22830.0,-6895.00730073452
22831.0,-6894.960359434287
22832.0,-6894.913418134053
22833.0,-6894.86647683382
22834.0,-6894.819535533587
22835.0,-6894.772594233354
22836.0,-6894.725652933121
22837.0,-6894.678711632888
22838.0,-6894.631770332654
22839.0,-6894.584829032421
22840.0,-6894.537887732188
22841.0,-6894.490946431954
22842.0,-6894.4440051317215
22843.0,-6894.397063831489
22844.0,-6894.350122531255
22845.0,-6894.303181231022
22846.0,-6894.256239930789
22847.0,-6894.209298630555
22848.0,-6894.162357330322
22849.0,-6894.115416030089
22850.0,-6894.068474729856
22851.0,-6894.021533429623
22852.0,-6893.97459212939
22853.0,-6893.927650829156
22854.0,-6893.880709528923
22855.0,-6893.83376822869
22856.0,-6893.786826928456
22857.0,-6893.739885628223
22858.0,-6893.6929443279905
22859.0,-6893.646003027757
22860.0,-6893.599061727524
22861.0,-6893.552120427291
22862.0,-6893.505179127057
22863.0,-6893.458237826824
22864.0,-6893.411296526591
22865.0,-6893.3643552263575
22866.0,-6893.317413926125
22867.0,-6893.270472625892
22868.0,-6893.223531325658
22869.0,-6893.176590025425
22870.0,-6893.129648725192
22871.0,-6893.082707424958
22872.0,-6893.035766124725
22873.0,-6892.988824824492
22874.0,-6892.941883524259
22875.0,-6892.894942224026
22876.0,-6892.848000923793
22877.0,-6892.801059623559
22878.0,-6892.754118323326
22879.0,-6892.707177023093
22880.0,-6892.660235722859
22881.0,-6892.6132944226265
22882.0,-6892.566353122394
22883.0,-6892.51941182216
22884.0,-6892.472470521927
22885.0,-6892.425529221694
22886.0,-6892.37858792146
22887.0,-6892.331646621227
22888.0,-6892.284705320994
22889.0,-6892.237764020761
22890.0,-6892.190822720528
22891.0,-6892.143881420295
22892.0,-6892.096940120061
22893.0,-6892.049998819828
22894.0,-6892.003057519595
22895.0,-6891.956116219361
22896.0,-6891.909174919128
22897.0,-6891.8622336188955
22898.0,-6891.815292318662
22899.0,-6891.768351018429
22900.0,-6891.721409718196
22901.0,-6891.674468417962
22902.0,-6891.627527117729
22903.0,-6891.580585817496
22904.0,-6891.5336445172625
22905.0,-6891.48670321703
22906.0,-6891.439761916797
22907.0,-6891.392820616563
22908.0,-6891.34587931633
22909.0,-6891.298938016097
22910.0,-6891.251996715863
22911.0,-6891.20505541563
22912.0,-6891.158114115397
22913.0,-6891.111172815164
22914.0,-6891.064231514931
22915.0,-6891.017290214698
22916.0,-6890.970348914464
22917.0,-6890.923407614231
22918.0,-6890.876466313998
22919.0,-6890.829525013764
22920.0,-6890.7825837135315
22921.0,-6890.735642413299
22922.0,-6890.688701113065
22923.0,-6890.641759812832
22924.0,-6890.594818512599
22925.0,-6890.547877212365
22926.0,-6890.500935912132
22927.0,-6890.453994611899
22928.0,-6890.407053311666
22929.0,-6890.360112011433
22930.0,-6890.3131707112
22931.0,-6890.266229410966
22932.0,-6890.219288110733
22933.0,-6890.1723468105
22934.0,-6890.125405510266
22935.0,-6890.078464210033
22936.0,-6890.0315229098005
22937.0,-6889.984581609567
22938.0,-6889.937640309334
22939.0,-6889.890699009101
22940.0,-6889.843757708867
22941.0,-6889.796816408634
22942.0,-6889.749875108401
22943.0,-6889.7029338081675
22944.0,-6889.655992507935
22945.0,-6889.609051207702
22946.0,-6889.562109907468
22947.0,-6889.515168607235
22948.0,-6889.468227307002
22949.0,-6889.421286006768
22950.0,-6889.374344706535
22951.0,-6889.327403406302
22952.0,-6889.280462106069
22953.0,-6889.233520805836
22954.0,-6889.186579505603
22955.0,-6889.139638205369
22956.0,-6889.092696905136
22957.0,-6889.045755604903
22958.0,-6888.998814304669
22959.0,-6888.9518730044365
22960.0,-6888.904931704204
22961.0,-6888.85799040397
22962.0,-6888.811049103737
22963.0,-6888.764107803504
22964.0,-6888.71716650327
22965.0,-6888.670225203037
22966.0,-6888.623283902804
22967.0,-6888.576342602571
22968.0,-6888.529401302338
22969.0,-6888.482460002105
22970.0,-6888.435518701871
22971.0,-6888.388577401638
22972.0,-6888.341636101405
22973.0,-6888.294694801171
22974.0,-6888.247753500938
22975.0,-6888.2008122007055
22976.0,-6888.153870900472
22977.0,-6888.106929600239
22978.0,-6888.059988300006
22979.0,-6888.013046999772
22980.0,-6887.966105699539
22981.0,-6887.919164399306
22982.0,-6887.8722230990725
22983.0,-6887.82528179884
22984.0,-6887.778340498607
22985.0,-6887.731399198373
22986.0,-6887.68445789814
22987.0,-6887.637516597907
22988.0,-6887.590575297673
22989.0,-6887.54363399744
22990.0,-6887.496692697207
22991.0,-6887.449751396974
22992.0,-6887.402810096741
22993.0,-6887.355868796508
22994.0,-6887.308927496274
22995.0,-6887.261986196041
22996.0,-6887.215044895808
22997.0,-6887.168103595574
22998.0,-6887.1211622953415
22999.0,-6887.074220995109
23000.0,-6887.027279694875
23001.0,-6886.980338394642
23002.0,-6886.933397094409
23003.0,-6886.886455794175
23004.0,-6886.839514493942
23005.0,-6886.792573193709
23006.0,-6886.745631893476
23007.0,-6886.698690593243
23008.0,-6886.65174929301
23009.0,-6886.604807992776
23010.0,-6886.557866692543
23011.0,-6886.51092539231
23012.0,-6886.463984092076
23013.0,-6886.417042791843
23014.0,-6886.3701014916105
23015.0,-6886.323160191377
23016.0,-6886.276218891144
23017.0,-6886.229277590911
23018.0,-6886.182336290677
23019.0,-6886.135394990444
23020.0,-6886.088453690211
23021.0,-6886.0415123899775
23022.0,-6885.994571089745
23023.0,-6885.947629789512
23024.0,-6885.900688489278
23025.0,-6885.853747189045
23026.0,-6885.806805888812
23027.0,-6885.759864588578
23028.0,-6885.712923288345
23029.0,-6885.665981988112
23030.0,-6885.619040687879
23031.0,-6885.572099387646
23032.0,-6885.525158087413
23033.0,-6885.478216787179
23034.0,-6885.431275486946
23035.0,-6885.384334186713
23036.0,-6885.337392886479
23037.0,-6885.2904515862465
23038.0,-6885.243510286014
23039.0,-6885.19656898578
23040.0,-6885.149627685547
23041.0,-6885.102686385314
23042.0,-6885.05574508508
23043.0,-6885.008803784847
23044.0,-6884.961862484614
23045.0,-6884.914921184381
23046.0,-6884.867979884148
23047.0,-6884.821038583915
23048.0,-6884.774097283681
23049.0,-6884.727155983448
23050.0,-6884.680214683215
23051.0,-6884.633273382981
23052.0,-6884.586332082748
23053.0,-6884.5393907825155
23054.0,-6884.492449482282
23055.0,-6884.445508182049
23056.0,-6884.398566881816
23057.0,-6884.351625581582
23058.0,-6884.304684281349
23059.0,-6884.257742981116
23060.0,-6884.2108016808825
23061.0,-6884.16386038065
23062.0,-6884.116919080417
23063.0,-6884.069977780183
23064.0,-6884.02303647995
23065.0,-6883.976095179717
23066.0,-6883.929153879483
23067.0,-6883.88221257925
23068.0,-6883.835271279017
23069.0,-6883.788329978784
23070.0,-6883.741388678551
23071.0,-6883.694447378318
23072.0,-6883.647506078084
23073.0,-6883.600564777851
23074.0,-6883.553623477618
23075.0,-6883.506682177384
23076.0,-6883.4597408771515
23077.0,-6883.412799576919
23078.0,-6883.365858276685
23079.0,-6883.318916976452
23080.0,-6883.271975676219
23081.0,-6883.225034375985
23082.0,-6883.178093075752
23083.0,-6883.131151775519
23084.0,-6883.0842104752855
23085.0,-6883.037269175053
23086.0,-6882.99032787482
23087.0,-6882.943386574586
23088.0,-6882.896445274353
23089.0,-6882.84950397412
23090.0,-6882.802562673886
23091.0,-6882.755621373653
23092.0,-6882.7086800734205
23093.0,-6882.661738773187
23094.0,-6882.614797472954
23095.0,-6882.567856172721
23096.0,-6882.520914872487
23097.0,-6882.473973572254
23098.0,-6882.427032272021
23099.0,-6882.3800909717875
23100.0,-6882.333149671555
23101.0,-6882.286208371322
23102.0,-6882.239267071088
23103.0,-6882.192325770855
23104.0,-6882.145384470622
23105.0,-6882.098443170388
23106.0,-6882.051501870155
23107.0,-6882.004560569922
23108.0,-6881.957619269689
23109.0,-6881.910677969456
23110.0,-6881.863736669223
23111.0,-6881.816795368989
23112.0,-6881.769854068756
23113.0,-6881.722912768523
23114.0,-6881.675971468289
23115.0,-6881.6290301680565
23116.0,-6881.582088867824
23117.0,-6881.53514756759
23118.0,-6881.488206267357
23119.0,-6881.441264967124
23120.0,-6881.39432366689
23121.0,-6881.347382366657
23122.0,-6881.300441066424
23123.0,-6881.2534997661905
23124.0,-6881.206558465958
23125.0,-6881.159617165725
23126.0,-6881.112675865491
23127.0,-6881.065734565258
23128.0,-6881.018793265025
23129.0,-6880.971851964791
23130.0,-6880.924910664558
23131.0,-6880.8779693643255
23132.0,-6880.831028064092
23133.0,-6880.784086763859
23134.0,-6880.737145463626
23135.0,-6880.690204163392
23136.0,-6880.643262863159
23137.0,-6880.596321562926
23138.0,-6880.5493802626925
23139.0,-6880.50243896246
23140.0,-6880.455497662227
23141.0,-6880.408556361993
23142.0,-6880.36161506176
23143.0,-6880.314673761527
23144.0,-6880.267732461293
23145.0,-6880.22079116106
23146.0,-6880.173849860827
23147.0,-6880.126908560594
23148.0,-6880.079967260361
23149.0,-6880.033025960128
23150.0,-6879.986084659894
23151.0,-6879.939143359661
23152.0,-6879.892202059428
23153.0,-6879.845260759194
23154.0,-6879.7983194589615
23155.0,-6879.751378158729
23156.0,-6879.704436858495
23157.0,-6879.657495558262
23158.0,-6879.610554258029
23159.0,-6879.563612957795
23160.0,-6879.516671657562
23161.0,-6879.469730357329
23162.0,-6879.4227890570955
23163.0,-6879.375847756863
23164.0,-6879.32890645663
23165.0,-6879.281965156396
23166.0,-6879.235023856163
23167.0,-6879.18808255593
23168.0,-6879.141141255696
23169.0,-6879.094199955463
23170.0,-6879.0472586552305
23171.0,-6879.000317354997
23172.0,-6878.953376054764
23173.0,-6878.906434754531
23174.0,-6878.859493454297
23175.0,-6878.812552154064
23176.0,-6878.765610853831
23177.0,-6878.7186695535975
23178.0,-6878.671728253365
23179.0,-6878.624786953132
23180.0,-6878.577845652898
23181.0,-6878.530904352665
23182.0,-6878.483963052432
23183.0,-6878.437021752198
23184.0,-6878.390080451965
23185.0,-6878.343139151732
23186.0,-6878.296197851499
23187.0,-6878.249256551266
23188.0,-6878.202315251033
23189.0,-6878.155373950799
23190.0,-6878.108432650566
23191.0,-6878.061491350333
23192.0,-6878.014550050099
23193.0,-6877.9676087498665
23194.0,-6877.920667449634
23195.0,-6877.8737261494
23196.0,-6877.826784849167
23197.0,-6877.779843548934
23198.0,-6877.7329022487
23199.0,-6877.685960948467
23200.0,-6877.639019648234
23201.0,-6877.5920783480005
23202.0,-6877.545137047768
23203.0,-6877.498195747535
23204.0,-6877.451254447301
23205.0,-6877.404313147068
23206.0,-6877.357371846835
23207.0,-6877.310430546601
23208.0,-6877.263489246368
23209.0,-6877.2165479461355
23210.0,-6877.169606645902
23211.0,-6877.122665345669
23212.0,-6877.075724045436
23213.0,-6877.028782745202
23214.0,-6876.981841444969
23215.0,-6876.934900144736
23216.0,-6876.8879588445025
23217.0,-6876.84101754427
23218.0,-6876.794076244037
23219.0,-6876.747134943803
23220.0,-6876.70019364357
23221.0,-6876.653252343337
23222.0,-6876.606311043103
23223.0,-6876.55936974287
23224.0,-6876.512428442637
23225.0,-6876.465487142404
23226.0,-6876.418545842171
23227.0,-6876.371604541938
23228.0,-6876.324663241704
23229.0,-6876.277721941471
23230.0,-6876.230780641238
23231.0,-6876.183839341004
23232.0,-6876.1368980407715
23233.0,-6876.089956740539
23234.0,-6876.043015440305
23235.0,-6875.996074140072
23236.0,-6875.949132839839
23237.0,-6875.902191539605
23238.0,-6875.855250239372
23239.0,-6875.808308939139
23240.0,-6875.7613676389055
23241.0,-6875.714426338673
23242.0,-6875.66748503844
23243.0,-6875.620543738206
23244.0,-6875.573602437973
23245.0,-6875.52666113774
23246.0,-6875.479719837506
23247.0,-6875.432778537273
23248.0,-6875.3858372370405
23249.0,-6875.338895936807
23250.0,-6875.291954636574
23251.0,-6875.245013336341
23252.0,-6875.198072036107
23253.0,-6875.151130735874
23254.0,-6875.104189435641
23255.0,-6875.0572481354075
23256.0,-6875.010306835175
23257.0,-6874.963365534942
23258.0,-6874.916424234708
23259.0,-6874.869482934475
23260.0,-6874.822541634242
23261.0,-6874.775600334008
23262.0,-6874.728659033775
23263.0,-6874.681717733542
23264.0,-6874.634776433309
23265.0,-6874.587835133076
23266.0,-6874.540893832843
23267.0,-6874.493952532609
23268.0,-6874.447011232376
23269.0,-6874.400069932143
23270.0,-6874.353128631909
23271.0,-6874.3061873316765
23272.0,-6874.259246031444
23273.0,-6874.21230473121
23274.0,-6874.165363430977
23275.0,-6874.118422130744
23276.0,-6874.07148083051
23277.0,-6874.024539530277
23278.0,-6873.977598230044
23279.0,-6873.9306569298105
23280.0,-6873.883715629578
23281.0,-6873.836774329345
23282.0,-6873.789833029111
23283.0,-6873.742891728878
23284.0,-6873.695950428645
23285.0,-6873.649009128411
23286.0,-6873.602067828178
23287.0,-6873.5551265279455
23288.0,-6873.508185227712
23289.0,-6873.461243927479
23290.0,-6873.414302627246
23291.0,-6873.367361327012
23292.0,-6873.320420026779
23293.0,-6873.273478726546
23294.0,-6873.2265374263125
23295.0,-6873.17959612608
23296.0,-6873.132654825847
23297.0,-6873.085713525613
23298.0,-6873.03877222538
23299.0,-6872.991830925147
23300.0,-6872.944889624913
23301.0,-6872.89794832468
23302.0,-6872.851007024447
23303.0,-6872.804065724214
23304.0,-6872.757124423981
23305.0,-6872.710183123748
23306.0,-6872.663241823514
23307.0,-6872.616300523281
23308.0,-6872.569359223048
23309.0,-6872.522417922814
23310.0,-6872.4754766225815
23311.0,-6872.428535322349
23312.0,-6872.381594022115
23313.0,-6872.334652721882
23314.0,-6872.287711421649
23315.0,-6872.240770121415
23316.0,-6872.193828821182
23317.0,-6872.146887520949
23318.0,-6872.0999462207155
23319.0,-6872.053004920483
23320.0,-6872.00606362025
23321.0,-6871.959122320016
23322.0,-6871.912181019783
23323.0,-6871.86523971955
23324.0,-6871.818298419316
23325.0,-6871.771357119083
23326.0,-6871.7244158188505
23327.0,-6871.677474518617
23328.0,-6871.630533218384
23329.0,-6871.583591918151
23330.0,-6871.536650617917
23331.0,-6871.489709317684
23332.0,-6871.442768017451
23333.0,-6871.3958267172175
23334.0,-6871.348885416985
23335.0,-6871.301944116752
23336.0,-6871.255002816518
23337.0,-6871.208061516285
23338.0,-6871.161120216052
23339.0,-6871.114178915818
23340.0,-6871.067237615585
23341.0,-6871.020296315352
23342.0,-6870.973355015119
23343.0,-6870.926413714886
23344.0,-6870.879472414653
23345.0,-6870.832531114419
23346.0,-6870.785589814186
23347.0,-6870.738648513953
23348.0,-6870.691707213719
23349.0,-6870.6447659134865
23350.0,-6870.597824613254
23351.0,-6870.55088331302
23352.0,-6870.503942012787
23353.0,-6870.457000712554
23354.0,-6870.41005941232
23355.0,-6870.363118112087
23356.0,-6870.316176811854
23357.0,-6870.2692355116205
23358.0,-6870.222294211388
23359.0,-6870.175352911155
23360.0,-6870.128411610921
23361.0,-6870.081470310688
23362.0,-6870.034529010455
23363.0,-6869.987587710221
23364.0,-6869.940646409988
23365.0,-6869.8937051097555
23366.0,-6869.846763809522
23367.0,-6869.799822509289
23368.0,-6869.752881209056
23369.0,-6869.705939908822
23370.0,-6869.658998608589
23371.0,-6869.612057308356
23372.0,-6869.5651160081225
23373.0,-6869.51817470789
23374.0,-6869.471233407657
23375.0,-6869.424292107423
23376.0,-6869.37735080719
23377.0,-6869.330409506957
23378.0,-6869.283468206723
23379.0,-6869.23652690649
23380.0,-6869.189585606257
23381.0,-6869.142644306024
23382.0,-6869.095703005791
23383.0,-6869.048761705558
23384.0,-6869.001820405324
23385.0,-6868.954879105091
23386.0,-6868.907937804858
23387.0,-6868.860996504624
23388.0,-6868.8140552043915
23389.0,-6868.767113904159
23390.0,-6868.720172603925
23391.0,-6868.673231303692
23392.0,-6868.626290003459
23393.0,-6868.579348703225
23394.0,-6868.532407402992
23395.0,-6868.485466102759
23396.0,-6868.4385248025255
23397.0,-6868.391583502293
23398.0,-6868.34464220206
23399.0,-6868.297700901826
23400.0,-6868.250759601593
23401.0,-6868.20381830136
23402.0,-6868.156877001126
23403.0,-6868.109935700893
23404.0,-6868.0629944006605
23405.0,-6868.016053100427
23406.0,-6867.969111800194
23407.0,-6867.922170499961
23408.0,-6867.875229199727
23409.0,-6867.828287899494
23410.0,-6867.781346599261
23411.0,-6867.7344052990275
23412.0,-6867.687463998795
23413.0,-6867.640522698562
23414.0,-6867.593581398328
23415.0,-6867.546640098095
23416.0,-6867.499698797862
23417.0,-6867.452757497628
23418.0,-6867.405816197395
23419.0,-6867.358874897162
23420.0,-6867.311933596929
23421.0,-6867.264992296696
23422.0,-6867.218050996463
23423.0,-6867.171109696229
23424.0,-6867.124168395996
23425.0,-6867.077227095763
23426.0,-6867.030285795529
23427.0,-6866.9833444952965
23428.0,-6866.936403195064
23429.0,-6866.88946189483
23430.0,-6866.842520594597
23431.0,-6866.795579294364
23432.0,-6866.74863799413
23433.0,-6866.701696693897
23434.0,-6866.654755393664
23435.0,-6866.6078140934305
23436.0,-6866.560872793198
23437.0,-6866.513931492965
23438.0,-6866.466990192731
23439.0,-6866.420048892498
23440.0,-6866.373107592265
23441.0,-6866.326166292031
23442.0,-6866.279224991798
23443.0,-6866.2322836915655
23444.0,-6866.185342391332
23445.0,-6866.138401091099
23446.0,-6866.091459790866
23447.0,-6866.044518490632
23448.0,-6865.997577190399
23449.0,-6865.950635890166
23450.0,-6865.9036945899325
23451.0,-6865.8567532897
23452.0,-6865.809811989467
23453.0,-6865.762870689233
23454.0,-6865.715929389
23455.0,-6865.668988088767
23456.0,-6865.622046788533
23457.0,-6865.5751054883
23458.0,-6865.528164188067
23459.0,-6865.481222887834
23460.0,-6865.434281587601
23461.0,-6865.387340287368
23462.0,-6865.340398987134
23463.0,-6865.293457686901
23464.0,-6865.246516386668
23465.0,-6865.199575086434
23466.0,-6865.1526337862015
23467.0,-6865.105692485969
23468.0,-6865.058751185735
23469.0,-6865.011809885502
23470.0,-6864.964868585269
23471.0,-6864.917927285035
23472.0,-6864.870985984802
23473.0,-6864.824044684569
23474.0,-6864.7771033843355
23475.0,-6864.730162084103
23476.0,-6864.68322078387
23477.0,-6864.636279483636
23478.0,-6864.589338183403
23479.0,-6864.54239688317
23480.0,-6864.495455582936
23481.0,-6864.448514282703
23482.0,-6864.4015729824705
23483.0,-6864.354631682237
23484.0,-6864.307690382004
23485.0,-6864.260749081771
23486.0,-6864.213807781537
23487.0,-6864.166866481304
23488.0,-6864.119925181071
23489.0,-6864.0729838808375
23490.0,-6864.026042580605
23491.0,-6863.979101280372
23492.0,-6863.932159980138
23493.0,-6863.885218679905
23494.0,-6863.838277379672
23495.0,-6863.791336079438
23496.0,-6863.744394779205
23497.0,-6863.697453478972
23498.0,-6863.650512178739
23499.0,-6863.603570878506
23500.0,-6863.556629578273
23501.0,-6863.509688278039
23502.0,-6863.462746977806
23503.0,-6863.415805677573
23504.0,-6863.368864377339
23505.0,-6863.3219230771065
23506.0,-6863.274981776874
23507.0,-6863.22804047664
23508.0,-6863.181099176407
23509.0,-6863.134157876174
23510.0,-6863.08721657594
23511.0,-6863.040275275707
23512.0,-6862.993333975474
23513.0,-6862.9463926752405
23514.0,-6862.899451375008
23515.0,-6862.852510074775
23516.0,-6862.805568774541
23517.0,-6862.758627474308
23518.0,-6862.711686174075
23519.0,-6862.664744873841
23520.0,-6862.617803573608
23521.0,-6862.5708622733755
23522.0,-6862.523920973142
23523.0,-6862.476979672909
23524.0,-6862.430038372676
23525.0,-6862.383097072442
23526.0,-6862.336155772209
23527.0,-6862.289214471976
23528.0,-6862.242273171742
23529.0,-6862.19533187151
23530.0,-6862.148390571277
23531.0,-6862.101449271043
23532.0,-6862.05450797081
23533.0,-6862.007566670577
23534.0,-6861.960625370343
23535.0,-6861.91368407011
23536.0,-6861.866742769877
23537.0,-6861.819801469644
23538.0,-6861.772860169411
23539.0,-6861.725918869178
23540.0,-6861.678977568944
23541.0,-6861.632036268711
23542.0,-6861.585094968478
23543.0,-6861.538153668244
23544.0,-6861.4912123680115
23545.0,-6861.444271067779
23546.0,-6861.397329767545
23547.0,-6861.350388467312
23548.0,-6861.303447167079
23549.0,-6861.256505866845
23550.0,-6861.209564566612
23551.0,-6861.162623266379
23552.0,-6861.1156819661455
23553.0,-6861.137542416652
23554.0,-6861.159402867158
23555.0,-6861.181263317664
23556.0,-6861.20312376817
23557.0,-6861.224984218677
23558.0,-6861.246844669183
23559.0,-6861.268705119689
23560.0,-6861.290565570195
23561.0,-6861.312426020701
23562.0,-6861.334286471208
23563.0,-6861.356146921714
23564.0,-6861.37800737222
23565.0,-6861.399867822726
23566.0,-6861.4217282732325
23567.0,-6861.443588723739
23568.0,-6861.465449174245
23569.0,-6861.487309624751
23570.0,-6861.509170075257
23571.0,-6861.5310305257635
23572.0,-6861.55289097627
23573.0,-6861.574751426776
23574.0,-6861.596611877282
23575.0,-6861.618472327788
23576.0,-6861.640332778295
23577.0,-6861.662193228801
23578.0,-6861.684053679307
23579.0,-6861.705914129813
23580.0,-6861.727774580319
23581.0,-6861.749635030826
23582.0,-6861.771495481332
23583.0,-6861.793355931838
23584.0,-6861.815216382344
23585.0,-6861.8370768328505
23586.0,-6861.858937283357
23587.0,-6861.880797733863
23588.0,-6861.902658184369
23589.0,-6861.924518634875
23590.0,-6861.9463790853815
23591.0,-6861.968239535888
23592.0,-6861.990099986394
23593.0,-6862.0119604369
23594.0,-6862.033820887406
23595.0,-6862.055681337913
23596.0,-6862.077541788419
23597.0,-6862.099402238925
23598.0,-6862.121262689431
23599.0,-6862.143123139937
23600.0,-6862.164983590444
23601.0,-6862.18684404095
23602.0,-6862.208704491456
23603.0,-6862.230564941962
23604.0,-6862.2524253924685
23605.0,-6862.274285842975
23606.0,-6862.296146293481
23607.0,-6862.318006743987
23608.0,-6862.339867194493
23609.0,-6862.3617276449995
23610.0,-6862.383588095506
23611.0,-6862.405448546012
23612.0,-6862.427308996518
23613.0,-6862.449169447024
23614.0,-6862.471029897531
23615.0,-6862.492890348037
23616.0,-6862.514750798543
23617.0,-6862.536611249049
23618.0,-6862.558471699555
23619.0,-6862.580332150062
23620.0,-6862.602192600568
23621.0,-6862.624053051074
23622.0,-6862.64591350158
23623.0,-6862.6677739520865
23624.0,-6862.689634402593
23625.0,-6862.711494853099
23626.0,-6862.733355303605
23627.0,-6862.755215754111
23628.0,-6862.7770762046175
23629.0,-6862.798936655124
23630.0,-6862.82079710563
23631.0,-6862.842657556136
23632.0,-6862.864518006642
23633.0,-6862.886378457149
23634.0,-6862.908238907655
23635.0,-6862.930099358161
23636.0,-6862.951959808667
23637.0,-6862.973820259173
23638.0,-6862.99568070968
23639.0,-6863.017541160186
23640.0,-6863.039401610692
23641.0,-6863.061262061198
23642.0,-6863.0831225117045
23643.0,-6863.104982962211
23644.0,-6863.126843412717
23645.0,-6863.148703863223
23646.0,-6863.170564313729
23647.0,-6863.1924247642355
23648.0,-6863.214285214742
23649.0,-6863.236145665248
23650.0,-6863.258006115754
23651.0,-6863.27986656626
23652.0,-6863.301727016767
23653.0,-6863.323587467273
23654.0,-6863.345447917779
23655.0,-6863.367308368285
23656.0,-6863.389168818791
23657.0,-6863.411029269298
23658.0,-6863.432889719804
23659.0,-6863.45475017031
23660.0,-6863.476610620816
23661.0,-6863.4984710713225
23662.0,-6863.520331521829
23663.0,-6863.542191972335
23664.0,-6863.564052422841
23665.0,-6863.585912873347
23666.0,-6863.6077733238535
23667.0,-6863.62963377436
23668.0,-6863.651494224866
23669.0,-6863.673354675372
23670.0,-6863.695215125878
23671.0,-6863.717075576385
23672.0,-6863.738936026891
23673.0,-6863.760796477397
23674.0,-6863.782656927903
23675.0,-6863.804517378409
23676.0,-6863.826377828916
23677.0,-6863.848238279422
23678.0,-6863.870098729928
23679.0,-6863.891959180434
23680.0,-6863.91381963094
23681.0,-6863.935680081447
23682.0,-6863.957540531953
23683.0,-6863.979400982459
23684.0,-6864.001261432965
23685.0,-6864.0231218834715
23686.0,-6864.044982333978
23687.0,-6864.066842784484
23688.0,-6864.08870323499
23689.0,-6864.110563685496
23690.0,-6864.132424136003
23691.0,-6864.154284586509
23692.0,-6864.176145037015
23693.0,-6864.198005487521
23694.0,-6864.219865938027
23695.0,-6864.241726388534
23696.0,-6864.26358683904
23697.0,-6864.285447289546
23698.0,-6864.307307740052
23699.0,-6864.329168190558
23700.0,-6864.351028641065
23701.0,-6864.372889091571
23702.0,-6864.394749542077
23703.0,-6864.416609992583
23704.0,-6864.4384704430895
23705.0,-6864.460330893596
23706.0,-6864.482191344102
23707.0,-6864.504051794608
23708.0,-6864.525912245114
23709.0,-6864.547772695621
23710.0,-6864.569633146127
23711.0,-6864.591493596633
23712.0,-6864.613354047139
23713.0,-6864.635214497645
23714.0,-6864.657074948152
23715.0,-6864.678935398658
23716.0,-6864.700795849164
23717.0,-6864.72265629967
23718.0,-6864.744516750176
23719.0,-6864.766377200683
23720.0,-6864.788237651189
23721.0,-6864.810098101695
23722.0,-6864.831958552201
23723.0,-6864.8538190027075
23724.0,-6864.875679453214
23725.0,-6864.89753990372
23726.0,-6864.919400354226
23727.0,-6864.941260804732
23728.0,-6864.963121255239
23729.0,-6864.984981705745
23730.0,-6865.006842156251
23731.0,-6865.028702606757
23732.0,-6865.050563057263
23733.0,-6865.07242350777
23734.0,-6865.094283958276
23735.0,-6865.116144408782
23736.0,-6865.138004859288
23737.0,-6865.159865309794
23738.0,-6865.181725760301
23739.0,-6865.203586210807
23740.0,-6865.225446661313
23741.0,-6865.247307111819
23742.0,-6865.2691675623255
23743.0,-6865.291028012832
23744.0,-6865.312888463338
23745.0,-6865.334748913844
23746.0,-6865.35660936435
23747.0,-6865.3784698148565
23748.0,-6865.400330265363
23749.0,-6865.422190715869
23750.0,-6865.444051166375
23751.0,-6865.465911616881
23752.0,-6865.487772067388
23753.0,-6865.509632517894
23754.0,-6865.5314929684
23755.0,-6865.553353418906
23756.0,-6865.575213869412
23757.0,-6865.597074319919
23758.0,-6865.618934770425
23759.0,-6865.640795220931
23760.0,-6865.662655671437
23761.0,-6865.6845161219435
23762.0,-6865.70637657245
23763.0,-6865.728237022956
23764.0,-6865.750097473462
23765.0,-6865.771957923968
23766.0,-6865.7938183744745
23767.0,-6865.815678824981
23768.0,-6865.837539275487
23769.0,-6865.859399725993
23770.0,-6865.881260176499
23771.0,-6865.903120627006
23772.0,-6865.924981077512
23773.0,-6865.946841528018
23774.0,-6865.968701978524
23775.0,-6865.99056242903
23776.0,-6866.012422879537
23777.0,-6866.034283330043
23778.0,-6866.056143780549
23779.0,-6866.078004231055
23780.0,-6866.0998646815615
23781.0,-6866.121725132068
23782.0,-6866.143585582574
23783.0,-6866.16544603308
23784.0,-6866.187306483586
23785.0,-6866.2091669340925
23786.0,-6866.231027384599
23787.0,-6866.252887835105
23788.0,-6866.274748285611
23789.0,-6866.296608736117
23790.0,-6866.318469186624
23791.0,-6866.34032963713
23792.0,-6866.362190087636
23793.0,-6866.384050538142
23794.0,-6866.405910988648
23795.0,-6866.427771439155
23796.0,-6866.449631889661
23797.0,-6866.471492340167
23798.0,-6866.493352790673
23799.0,-6866.5152132411795
23800.0,-6866.537073691686
23801.0,-6866.558934142192
23802.0,-6866.580794592698
23803.0,-6866.602655043204
23804.0,-6866.6245154937105
23805.0,-6866.646375944217
23806.0,-6866.668236394723
23807.0,-6866.690096845229
23808.0,-6866.711957295735
23809.0,-6866.733817746242
23810.0,-6866.755678196748
23811.0,-6866.777538647254
23812.0,-6866.79939909776
23813.0,-6866.821259548266
23814.0,-6866.843119998773
23815.0,-6866.864980449279
23816.0,-6866.886840899785
23817.0,-6866.908701350291
23818.0,-6866.9305618007975
23819.0,-6866.952422251304
23820.0,-6866.97428270181
23821.0,-6866.996143152316
23822.0,-6867.018003602822
23823.0,-6867.0398640533285
23824.0,-6867.061724503835
23825.0,-6867.083584954341
23826.0,-6867.105445404847
23827.0,-6867.127305855353
23828.0,-6867.14916630586
23829.0,-6867.171026756366
23830.0,-6867.192887206872
23831.0,-6867.214747657378
23832.0,-6867.236608107884
23833.0,-6867.258468558391
23834.0,-6867.280329008897
23835.0,-6867.302189459403
23836.0,-6867.324049909909
23837.0,-6867.3459103604155
23838.0,-6867.367770810922
23839.0,-6867.389631261428
23840.0,-6867.411491711934
23841.0,-6867.43335216244
23842.0,-6867.4552126129465
23843.0,-6867.477073063453
23844.0,-6867.498933513959
23845.0,-6867.520793964465
23846.0,-6867.542654414971
23847.0,-6867.564514865478
23848.0,-6867.586375315984
23849.0,-6867.60823576649
23850.0,-6867.630096216996
23851.0,-6867.651956667502
23852.0,-6867.673817118009
23853.0,-6867.695677568515
23854.0,-6867.717538019021
23855.0,-6867.739398469527
23856.0,-6867.7612589200335
23857.0,-6867.78311937054
23858.0,-6867.804979821046
23859.0,-6867.826840271552
23860.0,-6867.848700722058
23861.0,-6867.8705611725645
23862.0,-6867.892421623071
23863.0,-6867.914282073577
23864.0,-6867.936142524083
23865.0,-6867.958002974589
23866.0,-6867.979863425096
23867.0,-6868.001723875602
23868.0,-6868.023584326108
23869.0,-6868.045444776614
23870.0,-6868.06730522712
23871.0,-6868.089165677627
23872.0,-6868.111026128133
23873.0,-6868.132886578639
23874.0,-6868.154747029145
23875.0,-6868.1766074796515
23876.0,-6868.198467930158
23877.0,-6868.220328380664
23878.0,-6868.24218883117
23879.0,-6868.264049281676
23880.0,-6868.2859097321825
23881.0,-6868.307770182689
23882.0,-6868.329630633195
23883.0,-6868.351491083701
23884.0,-6868.373351534207
23885.0,-6868.395211984714
23886.0,-6868.41707243522
23887.0,-6868.438932885726
23888.0,-6868.460793336232
23889.0,-6868.482653786738
23890.0,-6868.504514237245
23891.0,-6868.526374687751
23892.0,-6868.548235138257
23893.0,-6868.570095588763
23894.0,-6868.5919560392695
23895.0,-6868.613816489776
23896.0,-6868.635676940282
23897.0,-6868.657537390788
23898.0,-6868.679397841294
23899.0,-6868.7012582918005
23900.0,-6868.723118742307
23901.0,-6868.744979192813
23902.0,-6868.766839643319
23903.0,-6868.788700093825
23904.0,-6868.810560544332
23905.0,-6868.832420994838
23906.0,-6868.854281445344
23907.0,-6868.87614189585
23908.0,-6868.898002346356
23909.0,-6868.919862796863
23910.0,-6868.941723247369
23911.0,-6868.963583697875
23912.0,-6868.985444148381
23913.0,-6869.0073045988875
23914.0,-6869.029165049394
23915.0,-6869.0510254999
23916.0,-6869.072885950406
23917.0,-6869.094746400912
23918.0,-6869.1166068514185
23919.0,-6869.138467301925
23920.0,-6869.160327752431
23921.0,-6869.182188202937
23922.0,-6869.204048653443
23923.0,-6869.22590910395
23924.0,-6869.247769554456
23925.0,-6869.269630004962
23926.0,-6869.291490455468
23927.0,-6869.313350905974
23928.0,-6869.335211356481
23929.0,-6869.357071806987
23930.0,-6869.378932257493
23931.0,-6869.400792707999
23932.0,-6869.422653158505
23933.0,-6869.444513609012
23934.0,-6869.466374059518
23935.0,-6869.488234510024
23936.0,-6869.51009496053
23937.0,-6869.5319554110365
23938.0,-6869.553815861543
23939.0,-6869.575676312049
23940.0,-6869.597536762555
23941.0,-6869.619397213061
23942.0,-6869.641257663568
23943.0,-6869.663118114074
23944.0,-6869.68497856458
23945.0,-6869.706839015086
23946.0,-6869.728699465592
23947.0,-6869.750559916099
23948.0,-6869.772420366605
23949.0,-6869.794280817111
23950.0,-6869.816141267617
23951.0,-6869.838001718123
23952.0,-6869.85986216863
23953.0,-6869.881722619136
23954.0,-6869.903583069642
23955.0,-6869.925443520148
23956.0,-6869.9473039706545
23957.0,-6869.969164421161
23958.0,-6869.991024871667
23959.0,-6870.012885322173
23960.0,-6870.034745772679
23961.0,-6870.056606223186
23962.0,-6870.078466673692
23963.0,-6870.100327124198
23964.0,-6870.122187574704
23965.0,-6870.14404802521
23966.0,-6870.165908475717
23967.0,-6870.187768926223
23968.0,-6870.209629376729
23969.0,-6870.231489827235
23970.0,-6870.253350277741
23971.0,-6870.275210728248
23972.0,-6870.297071178754
23973.0,-6870.31893162926
23974.0,-6870.340792079766
23975.0,-6870.3626525302725
23976.0,-6870.384512980779
23977.0,-6870.406373431285
23978.0,-6870.428233881791
23979.0,-6870.450094332297
23980.0,-6870.471954782804
23981.0,-6870.49381523331
23982.0,-6870.515675683816
23983.0,-6870.537536134322
23984.0,-6870.559396584828
23985.0,-6870.581257035335
23986.0,-6870.603117485841
23987.0,-6870.624977936347
23988.0,-6870.646838386853
23989.0,-6870.668698837359
23990.0,-6870.690559287866
23991.0,-6870.712419738372
23992.0,-6870.734280188878
23993.0,-6870.756140639384
23994.0,-6870.7780010898905
23995.0,-6870.799861540397
23996.0,-6870.821721990903
23997.0,-6870.843582441409
23998.0,-6870.865442891915
23999.0,-6870.887303342422
24000.0,-6870.909163792928
24001.0,-6870.931024243434
24002.0,-6870.95288469394
24003.0,-6870.974745144446
24004.0,-6870.996605594953
24005.0,-6871.018466045459
24006.0,-6871.040326495965
24007.0,-6871.062186946471
24008.0,-6871.084047396977
24009.0,-6871.105907847484
24010.0,-6871.12776829799
24011.0,-6871.149628748496
24012.0,-6871.171489199002
24013.0,-6871.1933496495085
24014.0,-6871.215210100015
24015.0,-6871.237070550521
24016.0,-6871.258931001027
24017.0,-6871.280791451533
24018.0,-6871.3026519020395
24019.0,-6871.324512352546
24020.0,-6871.346372803052
24021.0,-6871.368233253558
24022.0,-6871.390093704064
24023.0,-6871.411954154571
24024.0,-6871.433814605077
24025.0,-6871.455675055583
24026.0,-6871.477535506089
24027.0,-6871.499395956595
24028.0,-6871.521256407102
24029.0,-6871.543116857608
24030.0,-6871.564977308114
24031.0,-6871.58683775862
24032.0,-6871.6086982091265
24033.0,-6871.630558659633
24034.0,-6871.652419110139
24035.0,-6871.674279560645
24036.0,-6871.696140011151
24037.0,-6871.7180004616575
24038.0,-6871.739860912164
24039.0,-6871.76172136267
24040.0,-6871.783581813176
24041.0,-6871.805442263682
24042.0,-6871.827302714189
24043.0,-6871.849163164695
24044.0,-6871.871023615201
24045.0,-6871.892884065707
24046.0,-6871.914744516213
24047.0,-6871.93660496672
24048.0,-6871.958465417226
24049.0,-6871.980325867732
24050.0,-6872.002186318238
24051.0,-6872.0240467687445
24052.0,-6872.045907219251
24053.0,-6872.067767669757
24054.0,-6872.089628120263
24055.0,-6872.111488570769
24056.0,-6872.1333490212755
24057.0,-6872.155209471782
24058.0,-6872.177069922288
24059.0,-6872.198930372794
24060.0,-6872.2207908233
24061.0,-6872.242651273807
24062.0,-6872.264511724313
24063.0,-6872.286372174819
24064.0,-6872.308232625325
24065.0,-6872.330093075831
24066.0,-6872.351953526338
24067.0,-6872.373813976844
24068.0,-6872.39567442735
24069.0,-6872.417534877856
24070.0,-6872.4393953283625
24071.0,-6872.461255778869
24072.0,-6872.483116229375
24073.0,-6872.504976679881
24074.0,-6872.526837130387
24075.0,-6872.5486975808935
24076.0,-6872.5705580314
24077.0,-6872.592418481906
24078.0,-6872.614278932412
24079.0,-6872.636139382918
24080.0,-6872.657999833425
24081.0,-6872.679860283931
24082.0,-6872.701720734437
24083.0,-6872.723581184943
24084.0,-6872.745441635449
24085.0,-6872.767302085956
24086.0,-6872.789162536462
24087.0,-6872.811022986968
24088.0,-6872.832883437474
24089.0,-6872.8547438879805
24090.0,-6872.876604338487
24091.0,-6872.898464788993
24092.0,-6872.920325239499
24093.0,-6872.942185690005
24094.0,-6872.9640461405115
24095.0,-6872.985906591018
24096.0,-6873.007767041524
24097.0,-6873.02962749203
24098.0,-6873.051487942536
24099.0,-6873.073348393043
24100.0,-6873.095208843549
24101.0,-6873.117069294055
24102.0,-6873.138929744561
24103.0,-6873.160790195067
24104.0,-6873.182650645574
24105.0,-6873.20451109608
24106.0,-6873.226371546586
24107.0,-6873.248231997092
24108.0,-6873.2700924475985
24109.0,-6873.291952898105
24110.0,-6873.313813348611
24111.0,-6873.335673799117
24112.0,-6873.357534249623
24113.0,-6873.3793947001295
24114.0,-6873.401255150636
24115.0,-6873.423115601142
24116.0,-6873.444976051648
24117.0,-6873.466836502154
24118.0,-6873.488696952661
24119.0,-6873.510557403167
24120.0,-6873.532417853673
24121.0,-6873.554278304179
24122.0,-6873.576138754685
24123.0,-6873.597999205192
24124.0,-6873.619859655698
24125.0,-6873.641720106204
24126.0,-6873.66358055671
24127.0,-6873.6854410072165
24128.0,-6873.707301457723
24129.0,-6873.729161908229
24130.0,-6873.751022358735
24131.0,-6873.772882809241
24132.0,-6873.7947432597475
24133.0,-6873.816603710254
24134.0,-6873.83846416076
24135.0,-6873.860324611266
24136.0,-6873.882185061772
24137.0,-6873.904045512279
24138.0,-6873.925905962785
24139.0,-6873.947766413291
24140.0,-6873.969626863797
24141.0,-6873.991487314303
24142.0,-6874.01334776481
24143.0,-6874.035208215316
24144.0,-6874.057068665822
24145.0,-6874.078929116328
24146.0,-6874.1007895668345
24147.0,-6874.122650017341
24148.0,-6874.144510467847
24149.0,-6874.166370918353
24150.0,-6874.188231368859
24151.0,-6874.2100918193655
24152.0,-6874.231952269872
24153.0,-6874.253812720378
24154.0,-6874.275673170884
24155.0,-6874.29753362139
24156.0,-6874.319394071897
24157.0,-6874.341254522403
24158.0,-6874.363114972909
24159.0,-6874.384975423415
24160.0,-6874.406835873921
24161.0,-6874.428696324428
24162.0,-6874.450556774934
24163.0,-6874.47241722544
24164.0,-6874.494277675946
24165.0,-6874.5161381264525
24166.0,-6874.537998576959
24167.0,-6874.559859027465
24168.0,-6874.581719477971
24169.0,-6874.603579928477
24170.0,-6874.6254403789835
24171.0,-6874.64730082949
24172.0,-6874.669161279996
24173.0,-6874.691021730502
24174.0,-6874.712882181008
24175.0,-6874.734742631515
24176.0,-6874.756603082021
24177.0,-6874.778463532527
24178.0,-6874.800323983033
24179.0,-6874.822184433539
24180.0,-6874.844044884046
24181.0,-6874.865905334552
24182.0,-6874.887765785058
24183.0,-6874.909626235564
24184.0,-6874.9314866860705
24185.0,-6874.953347136577
24186.0,-6874.975207587083
24187.0,-6874.997068037589
24188.0,-6875.018928488095
24189.0,-6875.0407889386015
24190.0,-6875.062649389108
24191.0,-6875.084509839614
24192.0,-6875.10637029012
24193.0,-6875.128230740626
24194.0,-6875.150091191133
24195.0,-6875.171951641639
24196.0,-6875.193812092145
24197.0,-6875.215672542651
24198.0,-6875.237532993157
24199.0,-6875.259393443664
24200.0,-6875.28125389417
24201.0,-6875.303114344676
24202.0,-6875.324974795182
24203.0,-6875.346835245688
24204.0,-6875.368695696195
24205.0,-6875.390556146701
24206.0,-6875.412416597207
24207.0,-6875.434277047713
24208.0,-6875.4561374982195
24209.0,-6875.477997948726
24210.0,-6875.499858399232
24211.0,-6875.521718849738
24212.0,-6875.543579300244
24213.0,-6875.565439750751
24214.0,-6875.587300201257
24215.0,-6875.609160651763
24216.0,-6875.631021102269
24217.0,-6875.652881552775
24218.0,-6875.674742003282
24219.0,-6875.696602453788
24220.0,-6875.718462904294
24221.0,-6875.7403233548
24222.0,-6875.762183805306
24223.0,-6875.784044255813
24224.0,-6875.805904706319
24225.0,-6875.827765156825
24226.0,-6875.849625607331
24227.0,-6875.8714860578375
24228.0,-6875.893346508344
24229.0,-6875.91520695885
24230.0,-6875.937067409356
24231.0,-6875.958927859862
24232.0,-6875.980788310369
24233.0,-6876.002648760875
24234.0,-6876.024509211381
24235.0,-6876.046369661887
24236.0,-6876.068230112393
24237.0,-6876.0900905629
24238.0,-6876.111951013406
24239.0,-6876.133811463912
24240.0,-6876.155671914418
24241.0,-6876.177532364924
24242.0,-6876.199392815431
24243.0,-6876.221253265937
24244.0,-6876.243113716443
24245.0,-6876.264974166949
24246.0,-6876.2868346174555
24247.0,-6876.308695067962
24248.0,-6876.330555518468
24249.0,-6876.352415968974
24250.0,-6876.37427641948
24251.0,-6876.396136869987
24252.0,-6876.417997320493
24253.0,-6876.439857770999
24254.0,-6876.461718221505
24255.0,-6876.483578672011
24256.0,-6876.505439122518
24257.0,-6876.527299573024
24258.0,-6876.54916002353
24259.0,-6876.571020474036
24260.0,-6876.592880924542
24261.0,-6876.614741375049
24262.0,-6876.636601825555
24263.0,-6876.658462276061
24264.0,-6876.680322726567
24265.0,-6876.7021831770735
24266.0,-6876.72404362758
24267.0,-6876.745904078086
24268.0,-6876.767764528592
24269.0,-6876.789624979098
24270.0,-6876.8114854296045
24271.0,-6876.833345880111
24272.0,-6876.855206330617
24273.0,-6876.877066781123
24274.0,-6876.898927231629
24275.0,-6876.920787682136
24276.0,-6876.942648132642
24277.0,-6876.964508583148
24278.0,-6876.986369033654
24279.0,-6877.00822948416
24280.0,-6877.030089934667
24281.0,-6877.051950385173
24282.0,-6877.073810835679
24283.0,-6877.095671286185
24284.0,-6877.1175317366915
24285.0,-6877.139392187198
24286.0,-6877.161252637704
24287.0,-6877.18311308821
24288.0,-6877.204973538716
24289.0,-6877.2268339892225
24290.0,-6877.248694439729
24291.0,-6877.270554890235
24292.0,-6877.292415340741
24293.0,-6877.314275791247
24294.0,-6877.336136241754
24295.0,-6877.35799669226
24296.0,-6877.379857142766
24297.0,-6877.401717593272
24298.0,-6877.423578043778
24299.0,-6877.445438494285
24300.0,-6877.467298944791
24301.0,-6877.489159395297
24302.0,-6877.511019845803
24303.0,-6877.5328802963095
24304.0,-6877.554740746816
24305.0,-6877.576601197322
24306.0,-6877.598461647828
24307.0,-6877.620322098334
24308.0,-6877.6421825488405
24309.0,-6877.664042999347
24310.0,-6877.685903449853
24311.0,-6877.707763900359
24312.0,-6877.729624350865
24313.0,-6877.751484801372
24314.0,-6877.773345251878
24315.0,-6877.795205702384
24316.0,-6877.81706615289
24317.0,-6877.838926603396
24318.0,-6877.860787053903
24319.0,-6877.882647504409
24320.0,-6877.904507954915
24321.0,-6877.926368405421
24322.0,-6877.9482288559275
24323.0,-6877.970089306434
24324.0,-6877.99194975694
24325.0,-6878.013810207446
24326.0,-6878.035670657952
24327.0,-6878.0575311084585
24328.0,-6878.079391558965
24329.0,-6878.101252009471
24330.0,-6878.123112459977
24331.0,-6878.144972910483
24332.0,-6878.16683336099
24333.0,-6878.188693811496
24334.0,-6878.210554262002
24335.0,-6878.232414712508
24336.0,-6878.254275163014
24337.0,-6878.276135613521
24338.0,-6878.297996064027
24339.0,-6878.319856514533
24340.0,-6878.341716965039
24341.0,-6878.3635774155455
24342.0,-6878.385437866052
24343.0,-6878.407298316558
24344.0,-6878.429158767064
24345.0,-6878.45101921757
24346.0,-6878.4728796680765
24347.0,-6878.494740118583
24348.0,-6878.516600569089
24349.0,-6878.538461019595
24350.0,-6878.560321470101
24351.0,-6878.582181920608
24352.0,-6878.604042371114
24353.0,-6878.62590282162
24354.0,-6878.647763272126
24355.0,-6878.669623722632
24356.0,-6878.691484173139
24357.0,-6878.713344623645
24358.0,-6878.735205074151
24359.0,-6878.757065524657
24360.0,-6878.7789259751635
24361.0,-6878.80078642567
24362.0,-6878.822646876176
24363.0,-6878.844507326682
24364.0,-6878.866367777188
24365.0,-6878.8882282276945
24366.0,-6878.910088678201
24367.0,-6878.931949128707
24368.0,-6878.953809579213
24369.0,-6878.975670029719
24370.0,-6878.997530480226
24371.0,-6879.019390930732
24372.0,-6879.041251381238
24373.0,-6879.063111831744
24374.0,-6879.08497228225
24375.0,-6879.106832732757
24376.0,-6879.128693183263
24377.0,-6879.150553633769
24378.0,-6879.172414084275
24379.0,-6879.1942745347815
24380.0,-6879.216134985288
24381.0,-6879.237995435794
24382.0,-6879.2598558863
24383.0,-6879.281716336806
24384.0,-6879.3035767873125
24385.0,-6879.325437237819
24386.0,-6879.347297688325
24387.0,-6879.369158138831
24388.0,-6879.391018589337
24389.0,-6879.412879039844
24390.0,-6879.43473949035
24391.0,-6879.456599940856
24392.0,-6879.478460391362
24393.0,-6879.500320841868
24394.0,-6879.522181292375
24395.0,-6879.544041742881
24396.0,-6879.565902193387
24397.0,-6879.587762643893
24398.0,-6879.6096230943995
24399.0,-6879.631483544906
24400.0,-6879.653343995412
24401.0,-6879.675204445918
24402.0,-6879.697064896424
24403.0,-6879.7189253469305
24404.0,-6879.740785797437
24405.0,-6879.762646247943
24406.0,-6879.784506698449
24407.0,-6879.806367148955
24408.0,-6879.828227599462
24409.0,-6879.850088049968
24410.0,-6879.871948500474
24411.0,-6879.89380895098
24412.0,-6879.915669401486
24413.0,-6879.937529851993
24414.0,-6879.959390302499
24415.0,-6879.981250753005
24416.0,-6880.003111203511
24417.0,-6880.0249716540175
24418.0,-6880.046832104524
24419.0,-6880.06869255503
24420.0,-6880.090553005536
24421.0,-6880.112413456042
24422.0,-6880.1342739065485
24423.0,-6880.156134357055
24424.0,-6880.177994807561
24425.0,-6880.199855258067
24426.0,-6880.221715708573
24427.0,-6880.24357615908
24428.0,-6880.265436609586
24429.0,-6880.287297060092
24430.0,-6880.309157510598
24431.0,-6880.331017961104
24432.0,-6880.352878411611
24433.0,-6880.374738862117
24434.0,-6880.396599312623
24435.0,-6880.418459763129
24436.0,-6880.4403202136355
24437.0,-6880.462180664142
24438.0,-6880.484041114648
24439.0,-6880.505901565154
24440.0,-6880.52776201566
24441.0,-6880.5496224661665
24442.0,-6880.571482916673
24443.0,-6880.593343367179
24444.0,-6880.615203817685
24445.0,-6880.637064268191
24446.0,-6880.658924718698
24447.0,-6880.680785169204
24448.0,-6880.70264561971
24449.0,-6880.724506070216
24450.0,-6880.746366520722
24451.0,-6880.768226971229
24452.0,-6880.790087421735
24453.0,-6880.811947872241
24454.0,-6880.833808322747
24455.0,-6880.8556687732535
24456.0,-6880.87752922376
24457.0,-6880.899389674266
24458.0,-6880.921250124772
24459.0,-6880.943110575278
24460.0,-6880.9649710257845
24461.0,-6880.986831476291
24462.0,-6881.008691926797
24463.0,-6881.030552377303
24464.0,-6881.052412827809
24465.0,-6881.074273278316
24466.0,-6881.096133728822
24467.0,-6881.117994179328
24468.0,-6881.139854629834
24469.0,-6881.16171508034
24470.0,-6881.183575530847
24471.0,-6881.205435981353
24472.0,-6881.227296431859
24473.0,-6881.249156882365
24474.0,-6881.271017332871
24475.0,-6881.292877783378
24476.0,-6881.314738233884
24477.0,-6881.33659868439
24478.0,-6881.358459134896
24479.0,-6881.3803195854025
24480.0,-6881.402180035909
24481.0,-6881.424040486415
24482.0,-6881.445900936921
24483.0,-6881.467761387427
24484.0,-6881.489621837934
24485.0,-6881.51148228844
24486.0,-6881.533342738946
24487.0,-6881.555203189452
24488.0,-6881.577063639958
24489.0,-6881.598924090465
24490.0,-6881.620784540971
24491.0,-6881.642644991477
24492.0,-6881.664505441983
24493.0,-6881.686365892489
24494.0,-6881.708226342996
24495.0,-6881.730086793502
24496.0,-6881.751947244008
24497.0,-6881.773807694514
24498.0,-6881.7956681450205
24499.0,-6881.817528595527
24500.0,-6881.839389046033
24501.0,-6881.861249496539
24502.0,-6881.883109947045
24503.0,-6881.904970397552
24504.0,-6881.926830848058
24505.0,-6881.948691298564
24506.0,-6881.97055174907
24507.0,-6881.992412199576
24508.0,-6882.014272650083
24509.0,-6882.036133100589
24510.0,-6882.057993551095
24511.0,-6882.079854001601
24512.0,-6882.101714452107
24513.0,-6882.123574902614
24514.0,-6882.14543535312
24515.0,-6882.167295803626
24516.0,-6882.189156254132
24517.0,-6882.2110167046385
24518.0,-6882.232877155145
24519.0,-6882.254737605651
24520.0,-6882.276598056157
24521.0,-6882.298458506663
24522.0,-6882.32031895717
24523.0,-6882.342179407676
24524.0,-6882.364039858182
24525.0,-6882.385900308688
24526.0,-6882.407760759194
24527.0,-6882.429621209701
24528.0,-6882.451481660207
24529.0,-6882.473342110713
24530.0,-6882.495202561219
24531.0,-6882.517063011725
24532.0,-6882.538923462232
24533.0,-6882.560783912738
24534.0,-6882.582644363244
24535.0,-6882.60450481375
24536.0,-6882.6263652642565
24537.0,-6882.648225714763
24538.0,-6882.670086165269
24539.0,-6882.691946615775
24540.0,-6882.713807066281
24541.0,-6882.7356675167875
24542.0,-6882.757527967294
24543.0,-6882.7793884178
24544.0,-6882.801248868306
24545.0,-6882.823109318812
24546.0,-6882.844969769319
24547.0,-6882.866830219825
24548.0,-6882.888690670331
24549.0,-6882.910551120837
24550.0,-6882.932411571343
24551.0,-6882.95427202185
24552.0,-6882.976132472356
24553.0,-6882.997992922862
24554.0,-6883.019853373368
24555.0,-6883.0417138238745
24556.0,-6883.063574274381
24557.0,-6883.085434724887
24558.0,-6883.107295175393
24559.0,-6883.129155625899
24560.0,-6883.1510160764055
24561.0,-6883.172876526912
24562.0,-6883.194736977418
24563.0,-6883.216597427924
24564.0,-6883.23845787843
24565.0,-6883.260318328937
24566.0,-6883.282178779443
24567.0,-6883.304039229949
24568.0,-6883.325899680455
24569.0,-6883.347760130961
24570.0,-6883.369620581468
24571.0,-6883.391481031974
24572.0,-6883.41334148248
24573.0,-6883.435201932986
24574.0,-6883.4570623834925
24575.0,-6883.478922833999
24576.0,-6883.500783284505
24577.0,-6883.529121170442
24578.0,-6883.557459056377
24579.0,-6883.585796942313
24580.0,-6883.61413482825
24581.0,-6883.642472714186
24582.0,-6883.6708106001215
24583.0,-6883.699148486058
24584.0,-6883.727486371994
24585.0,-6883.75582425793
24586.0,-6883.7841621438665
24587.0,-6883.812500029802
24588.0,-6883.840837915738
24589.0,-6883.869175801675
24590.0,-6883.897513687611
24591.0,-6883.925851573546
24592.0,-6883.954189459483
24593.0,-6883.982527345419
24594.0,-6884.010865231355
24595.0,-6884.039203117291
24596.0,-6884.067541003227
24597.0,-6884.095878889163
24598.0,-6884.1242167751
24599.0,-6884.1525546610355
24600.0,-6884.180892546971
24601.0,-6884.209230432908
24602.0,-6884.237568318844
24603.0,-6884.26590620478
24604.0,-6884.294244090716
24605.0,-6884.322581976652
24606.0,-6884.350919862588
24607.0,-6884.379257748525
24608.0,-6884.40759563446
24609.0,-6884.435933520396
24610.0,-6884.464271406333
24611.0,-6884.492609292269
24612.0,-6884.520947178205
24613.0,-6884.549285064141
24614.0,-6884.577622950077
24615.0,-6884.605960836013
24616.0,-6884.63429872195
24617.0,-6884.662636607885
24618.0,-6884.690974493821
24619.0,-6884.719312379758
24620.0,-6884.747650265694
24621.0,-6884.7759881516295
24622.0,-6884.804326037566
24623.0,-6884.832663923502
24624.0,-6884.861001809438
24625.0,-6884.8893396953745
24626.0,-6884.91767758131
24627.0,-6884.946015467246
24628.0,-6884.974353353183
24629.0,-6885.002691239119
24630.0,-6885.031029125054
24631.0,-6885.059367010991
24632.0,-6885.087704896927
24633.0,-6885.116042782863
24634.0,-6885.144380668799
24635.0,-6885.172718554735
24636.0,-6885.201056440671
24637.0,-6885.229394326608
24638.0,-6885.2577322125435
24639.0,-6885.286070098479
24640.0,-6885.314407984416
24641.0,-6885.342745870352
24642.0,-6885.371083756288
24643.0,-6885.399421642224
24644.0,-6885.42775952816
24645.0,-6885.456097414096
24646.0,-6885.484435300033
24647.0,-6885.512773185968
24648.0,-6885.541111071904
24649.0,-6885.569448957841
24650.0,-6885.597786843777
24651.0,-6885.6261247297125
24652.0,-6885.654462615649
24653.0,-6885.682800501585
24654.0,-6885.711138387521
24655.0,-6885.7394762734575
24656.0,-6885.767814159393
24657.0,-6885.796152045329
24658.0,-6885.824489931266
24659.0,-6885.852827817202
24660.0,-6885.881165703137
24661.0,-6885.909503589074
24662.0,-6885.93784147501
24663.0,-6885.966179360946
24664.0,-6885.994517246882
24665.0,-6886.022855132818
24666.0,-6886.051193018754
24667.0,-6886.079530904691
24668.0,-6886.1078687906265
24669.0,-6886.136206676562
24670.0,-6886.164544562499
24671.0,-6886.192882448435
24672.0,-6886.221220334371
24673.0,-6886.249558220307
24674.0,-6886.277896106243
24675.0,-6886.306233992179
24676.0,-6886.334571878116
24677.0,-6886.362909764051
24678.0,-6886.391247649987
24679.0,-6886.419585535924
24680.0,-6886.44792342186
24681.0,-6886.4762613077955
24682.0,-6886.504599193732
24683.0,-6886.532937079668
24684.0,-6886.561274965604
24685.0,-6886.589612851541
24686.0,-6886.617950737476
24687.0,-6886.646288623412
24688.0,-6886.674626509349
24689.0,-6886.702964395285
24690.0,-6886.73130228122
24691.0,-6886.759640167157
24692.0,-6886.787978053093
24693.0,-6886.816315939029
24694.0,-6886.8446538249655
24695.0,-6886.872991710901
24696.0,-6886.901329596837
24697.0,-6886.929667482774
24698.0,-6886.95800536871
24699.0,-6886.986343254645
24700.0,-6887.014681140582
24701.0,-6887.043019026518
24702.0,-6887.071356912454
24703.0,-6887.09969479839
24704.0,-6887.128032684326
24705.0,-6887.156370570262
24706.0,-6887.184708456199
24707.0,-6887.2130463421345
24708.0,-6887.24138422807
24709.0,-6887.269722114007
24710.0,-6887.298059999943
24711.0,-6887.326397885879
24712.0,-6887.354735771815
24713.0,-6887.383073657751
24714.0,-6887.411411543687
24715.0,-6887.439749429624
24716.0,-6887.468087315559
24717.0,-6887.496425201495
24718.0,-6887.524763087432
24719.0,-6887.553100973368
24720.0,-6887.5814388593035
24721.0,-6887.60977674524
24722.0,-6887.638114631176
24723.0,-6887.666452517112
24724.0,-6887.6947904030485
24725.0,-6887.723128288984
24726.0,-6887.75146617492
24727.0,-6887.779804060857
24728.0,-6887.808141946793
24729.0,-6887.836479832728
24730.0,-6887.864817718665
24731.0,-6887.893155604601
24732.0,-6887.921493490537
24733.0,-6887.949831376473
24734.0,-6887.978169262409
24735.0,-6888.006507148345
24736.0,-6888.034845034282
24737.0,-6888.0631829202175
24738.0,-6888.091520806153
24739.0,-6888.11985869209
24740.0,-6888.148196578026
24741.0,-6888.176534463962
24742.0,-6888.204872349898
24743.0,-6888.233210235834
24744.0,-6888.26154812177
24745.0,-6888.289886007707
24746.0,-6888.318223893642
24747.0,-6888.346561779578
24748.0,-6888.374899665515
24749.0,-6888.403237551451
24750.0,-6888.4315754373865
24751.0,-6888.459913323323
24752.0,-6888.488251209259
24753.0,-6888.516589095195
24754.0,-6888.5449269811315
24755.0,-6888.573264867067
24756.0,-6888.601602753003
24757.0,-6888.62994063894
24758.0,-6888.658278524876
24759.0,-6888.686616410811
24760.0,-6888.714954296748
24761.0,-6888.743292182684
24762.0,-6888.77163006862
24763.0,-6888.799967954556
24764.0,-6888.828305840492
24765.0,-6888.856643726428
24766.0,-6888.884981612365
24767.0,-6888.913319498301
24768.0,-6888.941657384236
24769.0,-6888.969995270173
24770.0,-6888.998333156109
24771.0,-6889.026671042045
24772.0,-6889.055008927981
24773.0,-6889.083346813917
24774.0,-6889.111684699853
24775.0,-6889.14002258579
24776.0,-6889.1683604717255
24777.0,-6889.196698357661
24778.0,-6889.225036243598
24779.0,-6889.253374129534
24780.0,-6889.28171201547
24781.0,-6889.310049901406
24782.0,-6889.338387787342
24783.0,-6889.366725673278
24784.0,-6889.395063559215
24785.0,-6889.42340144515
24786.0,-6889.451739331086
24787.0,-6889.480077217023
24788.0,-6889.508415102959
24789.0,-6889.5367529888945
24790.0,-6889.565090874831
24791.0,-6889.593428760767
24792.0,-6889.621766646703
24793.0,-6889.6501045326395
24794.0,-6889.678442418575
24795.0,-6889.706780304511
24796.0,-6889.735118190448
24797.0,-6889.763456076384
24798.0,-6889.791793962319
24799.0,-6889.820131848256
24800.0,-6889.848469734192
24801.0,-6889.876807620128
24802.0,-6889.905145506064
24803.0,-6889.933483392
24804.0,-6889.961821277936
24805.0,-6889.990159163873
24806.0,-6890.0184970498085
24807.0,-6890.046834935744
24808.0,-6890.075172821681
24809.0,-6890.103510707617
24810.0,-6890.131848593553
24811.0,-6890.160186479489
24812.0,-6890.188524365425
24813.0,-6890.216862251361
24814.0,-6890.245200137298
24815.0,-6890.273538023233
24816.0,-6890.301875909169
24817.0,-6890.330213795106
24818.0,-6890.358551681042
24819.0,-6890.3868895669775
24820.0,-6890.415227452914
24821.0,-6890.44356533885
24822.0,-6890.471903224786
24823.0,-6890.5002411107225
24824.0,-6890.528578996658
24825.0,-6890.556916882594
24826.0,-6890.585254768531
24827.0,-6890.613592654467
24828.0,-6890.641930540402
24829.0,-6890.670268426339
24830.0,-6890.698606312275
24831.0,-6890.726944198211
24832.0,-6890.755282084147
24833.0,-6890.783619970083
24834.0,-6890.811957856019
24835.0,-6890.840295741956
24836.0,-6890.8686336278915
24837.0,-6890.896971513827
24838.0,-6890.925309399764
24839.0,-6890.9536472857
24840.0,-6890.981985171636
24841.0,-6891.010323057572
24842.0,-6891.038660943508
24843.0,-6891.066998829444
24844.0,-6891.095336715381
24845.0,-6891.123674601316
24846.0,-6891.152012487252
24847.0,-6891.180350373189
24848.0,-6891.208688259125
24849.0,-6891.237026145061
24850.0,-6891.265364030997
24851.0,-6891.293701916933
24852.0,-6891.322039802869
24853.0,-6891.350377688806
24854.0,-6891.378715574741
24855.0,-6891.407053460677
24856.0,-6891.435391346614
24857.0,-6891.46372923255
24858.0,-6891.4920671184855
24859.0,-6891.520405004422
24860.0,-6891.548742890358
24861.0,-6891.577080776294
24862.0,-6891.6054186622305
24863.0,-6891.633756548166
24864.0,-6891.662094434102
24865.0,-6891.690432320039
24866.0,-6891.718770205975
24867.0,-6891.74710809191
24868.0,-6891.775445977847
24869.0,-6891.803783863783
24870.0,-6891.832121749719
24871.0,-6891.860459635655
24872.0,-6891.888797521591
24873.0,-6891.917135407527
24874.0,-6891.945473293464
24875.0,-6891.9738111793995
24876.0,-6892.002149065335
24877.0,-6892.030486951272
24878.0,-6892.058824837208
24879.0,-6892.087162723144
24880.0,-6892.11550060908
24881.0,-6892.143838495016
24882.0,-6892.172176380952
24883.0,-6892.200514266889
24884.0,-6892.228852152824
24885.0,-6892.25719003876
24886.0,-6892.285527924697
24887.0,-6892.313865810633
24888.0,-6892.3422036965685
24889.0,-6892.370541582505
24890.0,-6892.398879468441
24891.0,-6892.427217354377
24892.0,-6892.4555552403135
24893.0,-6892.483893126249
24894.0,-6892.512231012185
24895.0,-6892.540568898122
24896.0,-6892.568906784058
24897.0,-6892.597244669993
24898.0,-6892.62558255593
24899.0,-6892.653920441866
24900.0,-6892.682258327802
24901.0,-6892.710596213738
24902.0,-6892.738934099674
24903.0,-6892.76727198561
24904.0,-6892.795609871547
24905.0,-6892.8239477574825
24906.0,-6892.852285643418
24907.0,-6892.880623529355
24908.0,-6892.908961415291
24909.0,-6892.937299301227
24910.0,-6892.965637187163
24911.0,-6892.993975073099
24912.0,-6893.022312959035
24913.0,-6893.050650844972
24914.0,-6893.078988730907
24915.0,-6893.107326616843
24916.0,-6893.13566450278
24917.0,-6893.164002388716
24918.0,-6893.1923402746515
24919.0,-6893.220678160588
24920.0,-6893.249016046524
24921.0,-6893.27735393246
24922.0,-6893.305691818397
24923.0,-6893.334029704332
24924.0,-6893.362367590268
24925.0,-6893.390705476205
24926.0,-6893.419043362141
24927.0,-6893.447381248076
24928.0,-6893.475719134013
24929.0,-6893.504057019949
24930.0,-6893.532394905885
24931.0,-6893.5607327918215
24932.0,-6893.589070677757
24933.0,-6893.617408563693
24934.0,-6893.64574644963
24935.0,-6893.674084335566
24936.0,-6893.702422221501
24937.0,-6893.730760107438
24938.0,-6893.759097993374
24939.0,-6893.78743587931
24940.0,-6893.815773765246
24941.0,-6893.844111651182
24942.0,-6893.872449537118
24943.0,-6893.900787423055
24944.0,-6893.9291253089905
24945.0,-6893.957463194926
24946.0,-6893.985801080863
24947.0,-6894.014138966799
24948.0,-6894.042476852735
24949.0,-6894.070814738671
24950.0,-6894.099152624607
24951.0,-6894.127490510543
24952.0,-6894.15582839648
24953.0,-6894.184166282415
24954.0,-6894.212504168351
24955.0,-6894.240842054288
24956.0,-6894.269179940224
24957.0,-6894.2975178261595
24958.0,-6894.325855712096
24959.0,-6894.354193598032
24960.0,-6894.382531483968
24961.0,-6894.4108693699045
24962.0,-6894.43920725584
24963.0,-6894.467545141776
24964.0,-6894.495883027713
24965.0,-6894.524220913649
24966.0,-6894.552558799584
24967.0,-6894.580896685521
24968.0,-6894.609234571457
24969.0,-6894.637572457393
24970.0,-6894.665910343329
24971.0,-6894.694248229265
24972.0,-6894.722586115201
24973.0,-6894.750924001138
24974.0,-6894.7792618870735
24975.0,-6894.807599773009
24976.0,-6894.835937658946
24977.0,-6894.864275544882
24978.0,-6894.892613430818
24979.0,-6894.920951316754
24980.0,-6894.94928920269
24981.0,-6894.977627088626
24982.0,-6895.005964974563
24983.0,-6895.034302860498
24984.0,-6895.062640746434
24985.0,-6895.090978632371
24986.0,-6895.119316518307
24987.0,-6895.1476544042425
24988.0,-6895.175992290179
24989.0,-6895.204330176115
24990.0,-6895.232668062051
24991.0,-6895.2610059479875
24992.0,-6895.289343833923
24993.0,-6895.317681719859
24994.0,-6895.346019605796
24995.0,-6895.374357491732
24996.0,-6895.402695377667
24997.0,-6895.431033263604
24998.0,-6895.45937114954
24999.0,-6895.487709035476
25000.0,-6895.516046921412
25001.0,-6895.544384807348
25002.0,-6895.572722693284
25003.0,-6895.601060579221
25004.0,-6895.629398465157
25005.0,-6895.657736351092
25006.0,-6895.686074237029
25007.0,-6895.714412122965
25008.0,-6895.742750008901
25009.0,-6895.771087894837
25010.0,-6895.799425780773
25011.0,-6895.827763666709
25012.0,-6895.856101552646
25013.0,-6895.8844394385815
25014.0,-6895.912777324517
25015.0,-6895.941115210454
25016.0,-6895.96945309639
25017.0,-6895.997790982326
25018.0,-6896.026128868262
25019.0,-6896.054466754198
25020.0,-6896.082804640134
25021.0,-6896.111142526071
25022.0,-6896.139480412006
25023.0,-6896.167818297942
25024.0,-6896.196156183879
25025.0,-6896.224494069815
25026.0,-6896.2528319557505
25027.0,-6896.281169841687
25028.0,-6896.309507727623
25029.0,-6896.337845613559
25030.0,-6896.3661834994955
25031.0,-6896.394521385431
25032.0,-6896.422859271367
25033.0,-6896.451197157304
25034.0,-6896.47953504324
25035.0,-6896.507872929175
25036.0,-6896.536210815112
25037.0,-6896.564548701048
25038.0,-6896.592886586984
25039.0,-6896.62122447292
25040.0,-6896.649562358856
25041.0,-6896.677900244792
25042.0,-6896.706238130729
25043.0,-6896.7345760166645
25044.0,-6896.7629139026
25045.0,-6896.791251788537
25046.0,-6896.819589674473
25047.0,-6896.847927560409
25048.0,-6896.876265446345
25049.0,-6896.904603332281
25050.0,-6896.932941218217
25051.0,-6896.961279104154
25052.0,-6896.989616990089
25053.0,-6897.017954876025
25054.0,-6897.046292761962
25055.0,-6897.074630647898
25056.0,-6897.1029685338335
25057.0,-6897.13130641977
25058.0,-6897.159644305706
25059.0,-6897.187982191642
25060.0,-6897.2163200775785
25061.0,-6897.244657963514
25062.0,-6897.27299584945
25063.0,-6897.301333735387
25064.0,-6897.329671621323
25065.0,-6897.358009507258
25066.0,-6897.386347393195
25067.0,-6897.414685279131
25068.0,-6897.443023165067
25069.0,-6897.471361051003
25070.0,-6897.499698936939
25071.0,-6897.528036822875
25072.0,-6897.556374708812
25073.0,-6897.5847125947475
25074.0,-6897.613050480683
25075.0,-6897.64138836662
25076.0,-6897.669726252556
25077.0,-6897.698064138492
25078.0,-6897.726402024428
25079.0,-6897.754739910364
25080.0,-6897.7830777963
25081.0,-6897.811415682237
25082.0,-6897.8397535681725
25083.0,-6897.868091454108
25084.0,-6897.896429340045
25085.0,-6897.924767225981
25086.0,-6897.953105111917
25087.0,-6897.981442997853
25088.0,-6898.009780883789
25089.0,-6898.038118769725
25090.0,-6898.066456655662
25091.0,-6898.094794541597
25092.0,-6898.123132427533
25093.0,-6898.15147031347
25094.0,-6898.179808199406
25095.0,-6898.2081460853415
25096.0,-6898.236483971278
25097.0,-6898.264821857214
25098.0,-6898.29315974315
25099.0,-6898.3214976290865
25100.0,-6898.349835515022
25101.0,-6898.378173400958
25102.0,-6898.406511286895
25103.0,-6898.434849172831
25104.0,-6898.463187058766
25105.0,-6898.491524944703
25106.0,-6898.519862830639
25107.0,-6898.548200716575
25108.0,-6898.576538602511
25109.0,-6898.604876488447
25110.0,-6898.633214374383
25111.0,-6898.66155226032
25112.0,-6898.6898901462555
25113.0,-6898.718228032191
25114.0,-6898.746565918128
25115.0,-6898.774903804064
25116.0,-6898.80324169
25117.0,-6898.831579575936
25118.0,-6898.859917461872
25119.0,-6898.888255347808
25120.0,-6898.916593233745
25121.0,-6898.94493111968
25122.0,-6898.973269005616
25123.0,-6899.001606891553
25124.0,-6899.029944777489
25125.0,-6899.0582826634245
25126.0,-6899.086620549361
25127.0,-6899.114958435297
25128.0,-6899.143296321233
25129.0,-6899.1716342071695
25130.0,-6899.199972093105
25131.0,-6899.228309979041
25132.0,-6899.256647864978
25133.0,-6899.284985750914
25134.0,-6899.313323636849
25135.0,-6899.341661522786
25136.0,-6899.369999408722
25137.0,-6899.398337294658
25138.0,-6899.426675180594
25139.0,-6899.45501306653
25140.0,-6899.483350952466
25141.0,-6899.511688838403
25142.0,-6899.5400267243385
25143.0,-6899.568364610274
25144.0,-6899.596702496211
25145.0,-6899.625040382147
25146.0,-6899.653378268083
25147.0,-6899.681716154019
25148.0,-6899.710054039955
25149.0,-6899.738391925891
25150.0,-6899.766729811828
25151.0,-6899.795067697763
25152.0,-6899.823405583699
25153.0,-6899.851743469636
25154.0,-6899.880081355572
25155.0,-6899.9084192415075
25156.0,-6899.936757127444
25157.0,-6899.96509501338
25158.0,-6899.993432899316
25159.0,-6900.021770785253
25160.0,-6900.050108671188
25161.0,-6900.078446557124
25162.0,-6900.106784443061
25163.0,-6900.135122328997
25164.0,-6900.1634602149325
25165.0,-6900.191798100869
25166.0,-6900.220135986805
25167.0,-6900.248473872741
25168.0,-6900.2768117586775
25169.0,-6900.305149644613
25170.0,-6900.333487530549
25171.0,-6900.361825416486
25172.0,-6900.390163302422
25173.0,-6900.418501188357
25174.0,-6900.446839074294
25175.0,-6900.47517696023
25176.0,-6900.503514846166
25177.0,-6900.531852732102
25178.0,-6900.560190618038
25179.0,-6900.588528503974
25180.0,-6900.616866389911
25181.0,-6900.6452042758465
25182.0,-6900.673542161782
25183.0,-6900.701880047719
25184.0,-6900.730217933655
25185.0,-6900.758555819591
25186.0,-6900.786893705527
25187.0,-6900.815231591463
25188.0,-6900.843569477399
25189.0,-6900.871907363336
25190.0,-6900.900245249271
25191.0,-6900.928583135207
25192.0,-6900.956921021144
25193.0,-6900.98525890708
25194.0,-6901.0135967930155
25195.0,-6901.041934678952
25196.0,-6901.070272564888
25197.0,-6901.098610450824
25198.0,-6901.1269483367605
25199.0,-6901.155286222696
25200.0,-6901.183624108632
25201.0,-6901.211961994569
25202.0,-6901.240299880505
25203.0,-6901.26863776644
25204.0,-6901.296975652377
25205.0,-6901.325313538313
25206.0,-6901.353651424249
25207.0,-6901.381989310185
25208.0,-6901.410327196121
25209.0,-6901.438665082057
25210.0,-6901.467002967994
25211.0,-6901.4953408539295
25212.0,-6901.523678739865
25213.0,-6901.552016625802
25214.0,-6901.580354511738
25215.0,-6901.608692397674
25216.0,-6901.63703028361
25217.0,-6901.665368169546
25218.0,-6901.693706055482
25219.0,-6901.722043941419
25220.0,-6901.750381827354
25221.0,-6901.77871971329
25222.0,-6901.807057599227
25223.0,-6901.835395485163
25224.0,-6901.8637333710985
25225.0,-6901.892071257035
25226.0,-6901.920409142971
25227.0,-6901.948747028907
25228.0,-6901.9770849148435
25229.0,-6902.005422800779
25230.0,-6902.033760686715
25231.0,-6902.062098572652
25232.0,-6902.090436458588
25233.0,-6902.118774344523
25234.0,-6902.14711223046
25235.0,-6902.175450116396
25236.0,-6902.203788002332
25237.0,-6902.2321258882685
25238.0,-6902.260463774204
25239.0,-6902.28880166014
25240.0,-6902.317139546077
25241.0,-6902.345477432013
25242.0,-6902.373815317948
25243.0,-6902.402153203885
25244.0,-6902.430491089821
25245.0,-6902.458828975757
25246.0,-6902.487166861693
25247.0,-6902.515504747629
25248.0,-6902.543842633565
25249.0,-6902.572180519502
25250.0,-6902.6005184054375
25251.0,-6902.628856291373
25252.0,-6902.65719417731
25253.0,-6902.685532063246
25254.0,-6902.713869949182
25255.0,-6902.742207835118
25256.0,-6902.770545721054
25257.0,-6902.79888360699
25258.0,-6902.827221492927
25259.0,-6902.855559378862
25260.0,-6902.883897264798
25261.0,-6902.912235150735
25262.0,-6902.940573036671
25263.0,-6902.9689109226065
25264.0,-6902.997248808543
25265.0,-6903.025586694479
25266.0,-6903.053924580415
25267.0,-6903.0822624663515
25268.0,-6903.110600352287
25269.0,-6903.138938238223
25270.0,-6903.16727612416
25271.0,-6903.195614010096
25272.0,-6903.223951896031
25273.0,-6903.252289781968
25274.0,-6903.280627667904
25275.0,-6903.30896555384
25276.0,-6903.337303439776
25277.0,-6903.365641325712
25278.0,-6903.393979211648
25279.0,-6903.422317097585
25280.0,-6903.4506549835205
25281.0,-6903.478992869456
25282.0,-6903.507330755393
25283.0,-6903.535668641329
25284.0,-6903.564006527265
25285.0,-6903.592344413201
25286.0,-6903.620682299137
25287.0,-6903.649020185073
25288.0,-6903.67735807101
25289.0,-6903.705695956945
25290.0,-6903.734033842881
25291.0,-6903.762371728818
25292.0,-6903.790709614754
25293.0,-6903.8190475006895
25294.0,-6903.847385386626
25295.0,-6903.875723272562
25296.0,-6903.904061158498
25297.0,-6903.9323990444345
25298.0,-6903.96073693037
25299.0,-6903.989074816306
25300.0,-6904.017412702243
25301.0,-6904.045750588179
25302.0,-6904.074088474114
25303.0,-6904.102426360051
25304.0,-6904.130764245987
25305.0,-6904.159102131923
25306.0,-6904.187440017859
25307.0,-6904.215777903795
25308.0,-6904.244115789731
25309.0,-6904.272453675668
25310.0,-6904.300791561604
25311.0,-6904.329129447539
25312.0,-6904.357467333476
25313.0,-6904.385805219412
25314.0,-6904.414143105348
25315.0,-6904.442480991284
25316.0,-6904.47081887722
25317.0,-6904.499156763156
25318.0,-6904.527494649093
25319.0,-6904.5558325350285
25320.0,-6904.584170420964
25321.0,-6904.612508306901
25322.0,-6904.640846192837
25323.0,-6904.669184078773
25324.0,-6904.697521964709
25325.0,-6904.725859850645
25326.0,-6904.754197736581
25327.0,-6904.782535622518
25328.0,-6904.810873508453
25329.0,-6904.839211394389
25330.0,-6904.867549280326
25331.0,-6904.895887166262
25332.0,-6904.9242250521975
25333.0,-6904.952562938134
25334.0,-6904.98090082407
25335.0,-6905.009238710006
25336.0,-6905.0375765959425
25337.0,-6905.065914481878
25338.0,-6905.094252367814
25339.0,-6905.122590253751
25340.0,-6905.150928139687
25341.0,-6905.179266025622
25342.0,-6905.207603911559
25343.0,-6905.235941797495
25344.0,-6905.264279683431
25345.0,-6905.292617569367
25346.0,-6905.320955455303
25347.0,-6905.349293341239
25348.0,-6905.377631227176
25349.0,-6905.4059691131115
25350.0,-6905.434306999047
25351.0,-6905.462644884984
25352.0,-6905.49098277092
25353.0,-6905.519320656856
25354.0,-6905.547658542792
25355.0,-6905.575996428728
25356.0,-6905.604334314664
25357.0,-6905.632672200601
25358.0,-6905.661010086536
25359.0,-6905.689347972472
25360.0,-6905.717685858409
25361.0,-6905.746023744345
25362.0,-6905.7743616302805
25363.0,-6905.802699516217
25364.0,-6905.831037402153
25365.0,-6905.859375288089
25366.0,-6905.8877131740255
25367.0,-6905.916051059961
25368.0,-6905.944388945897
25369.0,-6905.972726831834
25370.0,-6906.00106471777
25371.0,-6906.029402603705
25372.0,-6906.057740489642
25373.0,-6906.086078375578
25374.0,-6906.114416261514
25375.0,-6906.14275414745
25376.0,-6906.171092033386
25377.0,-6906.199429919322
25378.0,-6906.227767805259
25379.0,-6906.2561056911945
25380.0,-6906.28444357713
25381.0,-6906.312781463067
25382.0,-6906.341119349003
25383.0,-6906.369457234939
25384.0,-6906.397795120875
25385.0,-6906.426133006811
25386.0,-6906.454470892747
25387.0,-6906.482808778684
25388.0,-6906.511146664619
25389.0,-6906.539484550555
25390.0,-6906.567822436492
25391.0,-6906.596160322428
25392.0,-6906.624498208364
25393.0,-6906.6528360943
25394.0,-6906.681173980236
25395.0,-6906.709511866172
25396.0,-6906.737849752109
25397.0,-6906.766187638044
25398.0,-6906.79452552398
25399.0,-6906.822863409917
25400.0,-6906.851201295853
25401.0,-6906.8795391817885
25402.0,-6906.907877067725
25403.0,-6906.936214953661
25404.0,-6906.964552839597
25405.0,-6906.9928907255335
25406.0,-6907.021228611469
25407.0,-6907.049566497405
25408.0,-6907.077904383342
25409.0,-6907.106242269278
25410.0,-6907.134580155213
25411.0,-6907.16291804115
25412.0,-6907.191255927086
25413.0,-6907.219593813022
25414.0,-6907.247931698958
25415.0,-6907.276269584894
25416.0,-6907.30460747083
25417.0,-6907.332945356767
25418.0,-6907.3612832427025
25419.0,-6907.389621128638
25420.0,-6907.417959014575
25421.0,-6907.446296900511
25422.0,-6907.474634786447
25423.0,-6907.502972672383
25424.0,-6907.531310558319
25425.0,-6907.559648444255
25426.0,-6907.587986330192
25427.0,-6907.616324216127
25428.0,-6907.644662102063
25429.0,-6907.672999988
25430.0,-6907.701337873936
25431.0,-6907.7296757598715
25432.0,-6907.758013645808
25433.0,-6907.786351531744
25434.0,-6907.81468941768
25435.0,-6907.8430273036165
25436.0,-6907.871365189552
25437.0,-6907.899703075488
25438.0,-6907.928040961425
25439.0,-6907.956378847361
25440.0,-6907.984716733296
25441.0,-6908.013054619233
25442.0,-6908.041392505169
25443.0,-6908.069730391105
25444.0,-6908.098068277041
25445.0,-6908.126406162977
25446.0,-6908.154744048913
25447.0,-6908.18308193485
25448.0,-6908.2114198207855
25449.0,-6908.239757706721
25450.0,-6908.268095592658
25451.0,-6908.296433478594
25452.0,-6908.32477136453
25453.0,-6908.353109250466
25454.0,-6908.381447136402
25455.0,-6908.409785022338
25456.0,-6908.438122908275
25457.0,-6908.46646079421
25458.0,-6908.494798680146
25459.0,-6908.523136566083
25460.0,-6908.551474452019
25461.0,-6908.5798123379545
25462.0,-6908.608150223891
25463.0,-6908.636488109827
25464.0,-6908.664825995763
25465.0,-6908.6931638817
25466.0,-6908.721501767635
25467.0,-6908.749839653571
25468.0,-6908.778177539508
25469.0,-6908.806515425444
25470.0,-6908.834853311379
25471.0,-6908.863191197316
25472.0,-6908.891529083252
25473.0,-6908.919866969188
25474.0,-6908.9482048551245
25475.0,-6908.97654274106
25476.0,-6909.004880626996
25477.0,-6909.033218512933
25478.0,-6909.061556398869
25479.0,-6909.089894284804
25480.0,-6909.118232170741
25481.0,-6909.146570056677
25482.0,-6909.174907942613
25483.0,-6909.203245828549
25484.0,-6909.231583714485
25485.0,-6909.259921600421
25486.0,-6909.288259486358
25487.0,-6909.3165973722935
25488.0,-6909.344935258229
25489.0,-6909.373273144166
25490.0,-6909.401611030102
25491.0,-6909.429948916038
25492.0,-6909.458286801974
25493.0,-6909.48662468791
25494.0,-6909.514962573846
25495.0,-6909.543300459783
25496.0,-6909.571638345718
25497.0,-6909.599976231654
25498.0,-6909.628314117591
25499.0,-6909.656652003527
25500.0,-6909.6849898894625
25501.0,-6909.713327775399
25502.0,-6909.741665661335
25503.0,-6909.770003547271
25504.0,-6909.7983414332075
25505.0,-6909.826679319143
25506.0,-6909.855017205079
25507.0,-6909.883355091016
25508.0,-6909.911692976952
25509.0,-6909.940030862887
25510.0,-6909.968368748824
25511.0,-6909.99670663476
25512.0,-6910.025044520696
25513.0,-6910.053382406632
25514.0,-6910.081720292568
25515.0,-6910.110058178504
25516.0,-6910.138396064441
25517.0,-6910.1667339503765
25518.0,-6910.195071836312
25519.0,-6910.223409722249
25520.0,-6910.251747608185
25521.0,-6910.280085494121
25522.0,-6910.308423380057
25523.0,-6910.336761265993
25524.0,-6910.365099151929
25525.0,-6910.393437037866
25526.0,-6910.421774923801
25527.0,-6910.450112809737
25528.0,-6910.478450695674
25529.0,-6910.50678858161
25530.0,-6910.5351264675455
25531.0,-6910.563464353482
25532.0,-6910.591802239418
25533.0,-6910.620140125354
25534.0,-6910.6484780112905
25535.0,-6910.676815897226
25536.0,-6910.705153783162
25537.0,-6910.733491669099
25538.0,-6910.761829555035
25539.0,-6910.79016744097
25540.0,-6910.818505326907
25541.0,-6910.846843212843
25542.0,-6910.875181098779
25543.0,-6910.903518984715
25544.0,-6910.931856870651
25545.0,-6910.960194756587
25546.0,-6910.988532642524
25547.0,-6911.01687052846
25548.0,-6911.045208414395
25549.0,-6911.073546300332
25550.0,-6911.101884186268
25551.0,-6911.130222072204
25552.0,-6911.15855995814
25553.0,-6911.186897844076
25554.0,-6911.215235730012
25555.0,-6911.243573615949
25556.0,-6911.2719115018845
25557.0,-6911.30024938782
25558.0,-6911.328587273757
25559.0,-6911.356925159693
25560.0,-6911.385263045629
25561.0,-6911.413600931565
25562.0,-6911.441938817501
25563.0,-6911.470276703437
25564.0,-6911.498614589374
25565.0,-6911.526952475309
25566.0,-6911.555290361245
25567.0,-6911.583628247182
25568.0,-6911.611966133118
25569.0,-6911.6403040190535
25570.0,-6911.66864190499
25571.0,-6911.696979790926
25572.0,-6911.725317676862
25573.0,-6911.7536555627985
25574.0,-6911.781993448734
25575.0,-6911.81033133467
25576.0,-6911.838669220607
25577.0,-6911.867007106543
25578.0,-6911.895344992478
25579.0,-6911.923682878415
25580.0,-6911.952020764351
25581.0,-6911.980358650287
25582.0,-6912.008696536223
25583.0,-6912.037034422159
25584.0,-6912.065372308095
25585.0,-6912.093710194032
25586.0,-6912.1220480799675
25587.0,-6912.150385965903
25588.0,-6912.17872385184
25589.0,-6912.207061737776
25590.0,-6912.235399623712
25591.0,-6912.263737509648
25592.0,-6912.292075395584
25593.0,-6912.32041328152
25594.0,-6912.348751167457
25595.0,-6912.377089053392
25596.0,-6912.405426939328
25597.0,-6912.433764825265
25598.0,-6912.462102711201
25599.0,-6912.4904405971365
25600.0,-6912.518778483073
25601.0,-6912.529204616944
25602.0,-6912.539630750815
25603.0,-6912.5500568846865
25604.0,-6912.5604830185575
25605.0,-6912.570909152429
25606.0,-6912.5813352863
25607.0,-6912.591761420171
25608.0,-6912.602187554042
25609.0,-6912.612613687913
25610.0,-6912.623039821784
25611.0,-6912.633465955655
25612.0,-6912.643892089526
25613.0,-6912.654318223397
25614.0,-6912.664744357268
25615.0,-6912.675170491139
25616.0,-6912.6855966250105
25617.0,-6912.696022758882
25618.0,-6912.706448892753
25619.0,-6912.716875026624
25620.0,-6912.727301160495
25621.0,-6912.737727294366
25622.0,-6912.748153428237
25623.0,-6912.758579562108
25624.0,-6912.769005695979
25625.0,-6912.77943182985
25626.0,-6912.789857963721
25627.0,-6912.800284097592
25628.0,-6912.810710231463
25629.0,-6912.8211363653345
25630.0,-6912.831562499206
25631.0,-6912.841988633077
25632.0,-6912.852414766948
25633.0,-6912.862840900819
25634.0,-6912.87326703469
25635.0,-6912.883693168561
25636.0,-6912.894119302432
25637.0,-6912.904545436303
25638.0,-6912.914971570174
25639.0,-6912.925397704045
25640.0,-6912.935823837916
25641.0,-6912.946249971787
25642.0,-6912.9566761056585
25643.0,-6912.96710223953
25644.0,-6912.977528373401
25645.0,-6912.987954507272
25646.0,-6912.998380641143
25647.0,-6913.008806775014
25648.0,-6913.019232908885
25649.0,-6913.029659042756
25650.0,-6913.040085176627
25651.0,-6913.050511310498
25652.0,-6913.060937444369
25653.0,-6913.07136357824
25654.0,-6913.0817897121115
25655.0,-6913.0922158459825
25656.0,-6913.102641979854
25657.0,-6913.113068113725
25658.0,-6913.123494247596
25659.0,-6913.133920381467
25660.0,-6913.144346515338
25661.0,-6913.154772649209
25662.0,-6913.16519878308
25663.0,-6913.175624916951
25664.0,-6913.186051050822
25665.0,-6913.196477184693
25666.0,-6913.206903318564
25667.0,-6913.2173294524355
25668.0,-6913.227755586307
25669.0,-6913.238181720178
25670.0,-6913.248607854049
25671.0,-6913.25903398792
25672.0,-6913.269460121791
25673.0,-6913.279886255662
25674.0,-6913.290312389533
25675.0,-6913.300738523404
25676.0,-6913.311164657275
25677.0,-6913.321590791146
25678.0,-6913.332016925017
25679.0,-6913.342443058888
25680.0,-6913.3528691927595
25681.0,-6913.363295326631
25682.0,-6913.373721460502
25683.0,-6913.384147594373
25684.0,-6913.394573728244
25685.0,-6913.404999862115
25686.0,-6913.415425995986
25687.0,-6913.425852129857
25688.0,-6913.436278263728
25689.0,-6913.446704397599
25690.0,-6913.45713053147
25691.0,-6913.467556665341
25692.0,-6913.477982799212
25693.0,-6913.4884089330835
25694.0,-6913.498835066955
25695.0,-6913.509261200826
25696.0,-6913.519687334697
25697.0,-6913.530113468568
25698.0,-6913.540539602439
25699.0,-6913.55096573631
25700.0,-6913.561391870181
25701.0,-6913.571818004052
25702.0,-6913.582244137923
25703.0,-6913.592670271794
25704.0,-6913.603096405665
25705.0,-6913.6135225395365
25706.0,-6913.6239486734075
25707.0,-6913.634374807279
25708.0,-6913.64480094115
25709.0,-6913.655227075021
25710.0,-6913.665653208892
25711.0,-6913.676079342763
25712.0,-6913.686505476634
25713.0,-6913.696931610505
25714.0,-6913.707357744376
25715.0,-6913.717783878247
25716.0,-6913.728210012118
25717.0,-6913.738636145989
25718.0,-6913.7490622798605
25719.0,-6913.759488413732
25720.0,-6913.769914547603
25721.0,-6913.780340681474
25722.0,-6913.790766815345
25723.0,-6913.801192949216
25724.0,-6913.811619083087
25725.0,-6913.822045216958
25726.0,-6913.832471350829
25727.0,-6913.8428974847
25728.0,-6913.853323618571
25729.0,-6913.863749752442
25730.0,-6913.874175886313
25731.0,-6913.8846020201845
25732.0,-6913.895028154056
25733.0,-6913.905454287927
25734.0,-6913.915880421798
25735.0,-6913.926306555669
25736.0,-6913.93673268954
25737.0,-6913.947158823411
25738.0,-6913.957584957282
25739.0,-6913.968011091153
25740.0,-6913.978437225024
25741.0,-6913.988863358895
25742.0,-6913.999289492766
25743.0,-6914.009715626637
25744.0,-6914.0201417605085
25745.0,-6914.03056789438
25746.0,-6914.040994028251
25747.0,-6914.051420162122
25748.0,-6914.061846295993
25749.0,-6914.072272429864
25750.0,-6914.082698563735
25751.0,-6914.093124697606
25752.0,-6914.103550831477
25753.0,-6914.113976965348
25754.0,-6914.124403099219
25755.0,-6914.13482923309
25756.0,-6914.1452553669615
25757.0,-6914.1556815008325
25758.0,-6914.166107634704
25759.0,-6914.176533768575
25760.0,-6914.186959902446
25761.0,-6914.197386036317
25762.0,-6914.207812170188
25763.0,-6914.218238304059
25764.0,-6914.22866443793
25765.0,-6914.239090571801
25766.0,-6914.249516705672
25767.0,-6914.259942839543
25768.0,-6914.270368973414
25769.0,-6914.2807951072855
25770.0,-6914.291221241157
25771.0,-6914.301647375028
25772.0,-6914.312073508899
25773.0,-6914.32249964277
25774.0,-6914.332925776641
25775.0,-6914.343351910512
25776.0,-6914.353778044383
25777.0,-6914.364204178254
25778.0,-6914.374630312125
25779.0,-6914.385056445996
25780.0,-6914.395482579867
25781.0,-6914.405908713738
25782.0,-6914.4163348476095
25783.0,-6914.426760981481
25784.0,-6914.437187115352
25785.0,-6914.447613249223
25786.0,-6914.458039383094
25787.0,-6914.468465516965
25788.0,-6914.478891650836
25789.0,-6914.489317784707
25790.0,-6914.499743918578
25791.0,-6914.510170052449
25792.0,-6914.52059618632
25793.0,-6914.531022320191
25794.0,-6914.541448454062
25795.0,-6914.5518745879335
25796.0,-6914.562300721805
25797.0,-6914.572726855676
25798.0,-6914.583152989547
25799.0,-6914.593579123418
25800.0,-6914.604005257289
25801.0,-6914.61443139116
25802.0,-6914.624857525031
25803.0,-6914.635283658902
25804.0,-6914.645709792773
25805.0,-6914.656135926644
25806.0,-6914.666562060515
25807.0,-6914.6769881943865
25808.0,-6914.687414328258
25809.0,-6914.697840462129
25810.0,-6914.708266596
25811.0,-6914.718692729871
25812.0,-6914.729118863742
25813.0,-6914.739544997613
25814.0,-6914.749971131484
25815.0,-6914.760397265355
25816.0,-6914.770823399226
25817.0,-6914.781249533097
25818.0,-6914.791675666968
25819.0,-6914.802101800839
25820.0,-6914.8125279347105
25821.0,-6914.822954068582
25822.0,-6914.833380202453
25823.0,-6914.843806336324
25824.0,-6914.854232470195
25825.0,-6914.864658604066
25826.0,-6914.875084737937
25827.0,-6914.885510871808
25828.0,-6914.895937005679
25829.0,-6914.90636313955
25830.0,-6914.916789273421
25831.0,-6914.927215407292
25832.0,-6914.937641541163
25833.0,-6914.9480676750345
25834.0,-6914.958493808906
25835.0,-6914.968919942777
25836.0,-6914.979346076648
25837.0,-6914.989772210519
25838.0,-6915.00019834439
25839.0,-6915.010624478261
25840.0,-6915.021050612132
25841.0,-6915.031476746003
25842.0,-6915.041902879874
25843.0,-6915.052329013745
25844.0,-6915.062755147616
25845.0,-6915.073181281487
25846.0,-6915.0836074153585
25847.0,-6915.09403354923
25848.0,-6915.104459683101
25849.0,-6915.114885816972
25850.0,-6915.125311950843
25851.0,-6915.135738084714
25852.0,-6915.146164218585
25853.0,-6915.156590352456
25854.0,-6915.167016486327
25855.0,-6915.177442620198
25856.0,-6915.187868754069
25857.0,-6915.19829488794
25858.0,-6915.2087210218115
25859.0,-6915.219147155683
25860.0,-6915.229573289554
25861.0,-6915.239999423425
25862.0,-6915.250425557296
25863.0,-6915.260851691167
25864.0,-6915.271277825038
25865.0,-6915.281703958909
25866.0,-6915.29213009278
25867.0,-6915.302556226651
25868.0,-6915.312982360522
25869.0,-6915.323408494393
25870.0,-6915.333834628264
25871.0,-6915.3442607621355
25872.0,-6915.354686896007
25873.0,-6915.365113029878
25874.0,-6915.375539163749
25875.0,-6915.38596529762
25876.0,-6915.396391431491
25877.0,-6915.406817565362
25878.0,-6915.417243699233
25879.0,-6915.427669833104
25880.0,-6915.438095966975
25881.0,-6915.448522100846
25882.0,-6915.458948234717
25883.0,-6915.469374368588
25884.0,-6915.4798005024595
25885.0,-6915.490226636331
25886.0,-6915.500652770202
25887.0,-6915.511078904073
25888.0,-6915.521505037944
25889.0,-6915.531931171815
25890.0,-6915.542357305686
25891.0,-6915.552783439557
25892.0,-6915.563209573428
25893.0,-6915.573635707299
25894.0,-6915.58406184117
25895.0,-6915.594487975041
25896.0,-6915.604914108912
25897.0,-6915.6153402427835
25898.0,-6915.625766376655
25899.0,-6915.636192510526
25900.0,-6915.646618644397
25901.0,-6915.657044778268
25902.0,-6915.667470912139
25903.0,-6915.67789704601
25904.0,-6915.688323179881
25905.0,-6915.698749313752
25906.0,-6915.709175447623
25907.0,-6915.719601581494
25908.0,-6915.730027715365
25909.0,-6915.7404538492365
25910.0,-6915.750879983108
25911.0,-6915.761306116979
25912.0,-6915.77173225085
25913.0,-6915.782158384721
25914.0,-6915.792584518592
25915.0,-6915.803010652463
25916.0,-6915.813436786334
25917.0,-6915.823862920205
25918.0,-6915.834289054076
25919.0,-6915.844715187947
25920.0,-6915.855141321818
25921.0,-6915.865567455689
25922.0,-6915.8759935895605
25923.0,-6915.886419723432
25924.0,-6915.896845857303
25925.0,-6915.907271991174
25926.0,-6915.917698125045
25927.0,-6915.928124258916
25928.0,-6915.938550392787
25929.0,-6915.948976526658
25930.0,-6915.959402660529
25931.0,-6915.9698287944
25932.0,-6915.980254928271
25933.0,-6915.990681062142
25934.0,-6916.001107196013
25935.0,-6916.0115333298845
25936.0,-6916.021959463756
25937.0,-6916.032385597627
25938.0,-6916.042811731498
25939.0,-6916.053237865369
25940.0,-6916.06366399924
25941.0,-6916.074090133111
25942.0,-6916.084516266982
25943.0,-6916.094942400853
25944.0,-6916.105368534724
25945.0,-6916.115794668595
25946.0,-6916.126220802466
25947.0,-6916.1366469363375
25948.0,-6916.1470730702085
25949.0,-6916.15749920408
25950.0,-6916.167925337951
25951.0,-6916.178351471822
25952.0,-6916.188777605693
25953.0,-6916.199203739564
25954.0,-6916.209629873435
25955.0,-6916.220056007306
25956.0,-6916.230482141177
25957.0,-6916.240908275048
25958.0,-6916.251334408919
25959.0,-6916.26176054279
25960.0,-6916.2721866766615
25961.0,-6916.282612810533
25962.0,-6916.293038944404
25963.0,-6916.303465078275
25964.0,-6916.313891212146
25965.0,-6916.324317346017
25966.0,-6916.334743479888
25967.0,-6916.345169613759
25968.0,-6916.35559574763
25969.0,-6916.366021881501
25970.0,-6916.376448015372
25971.0,-6916.386874149243
25972.0,-6916.397300283114
25973.0,-6916.4077264169855
25974.0,-6916.418152550857
25975.0,-6916.428578684728
25976.0,-6916.439004818599
25977.0,-6916.44943095247
25978.0,-6916.459857086341
25979.0,-6916.470283220212
25980.0,-6916.480709354083
25981.0,-6916.491135487954
25982.0,-6916.501561621825
25983.0,-6916.511987755696
25984.0,-6916.522413889567
25985.0,-6916.532840023438
25986.0,-6916.5432661573095
25987.0,-6916.553692291181
25988.0,-6916.564118425052
25989.0,-6916.574544558923
25990.0,-6916.584970692794
25991.0,-6916.595396826665
25992.0,-6916.605822960536
25993.0,-6916.616249094407
25994.0,-6916.626675228278
25995.0,-6916.637101362149
25996.0,-6916.64752749602
25997.0,-6916.657953629891
25998.0,-6916.6683797637625
25999.0,-6916.6788058976335
26000.0,-6916.689232031505
26001.0,-6916.699658165376
26002.0,-6916.710084299247
26003.0,-6916.720510433118
26004.0,-6916.730936566989
26005.0,-6916.74136270086
26006.0,-6916.751788834731
26007.0,-6916.762214968602
26008.0,-6916.772641102473
26009.0,-6916.783067236344
26010.0,-6916.793493370215
26011.0,-6916.8039195040865
26012.0,-6916.814345637958
26013.0,-6916.824771771829
26014.0,-6916.8351979057
26015.0,-6916.845624039571
26016.0,-6916.856050173442
26017.0,-6916.866476307313
26018.0,-6916.876902441184
26019.0,-6916.887328575055
26020.0,-6916.897754708926
26021.0,-6916.908180842797
26022.0,-6916.918606976668
26023.0,-6916.929033110539
26024.0,-6916.9394592444105
26025.0,-6916.949885378282
26026.0,-6916.960311512153
26027.0,-6916.970737646024
26028.0,-6916.981163779895
26029.0,-6916.991589913766
26030.0,-6917.002016047637
26031.0,-6917.012442181508
26032.0,-6917.022868315379
26033.0,-6917.03329444925
26034.0,-6917.043720583121
26035.0,-6917.054146716992
26036.0,-6917.064572850863
26037.0,-6917.0749989847345
26038.0,-6917.085425118606
26039.0,-6917.095851252477
26040.0,-6917.106277386348
26041.0,-6917.116703520219
26042.0,-6917.12712965409
26043.0,-6917.137555787961
26044.0,-6917.147981921832
26045.0,-6917.158408055703
26046.0,-6917.168834189574
26047.0,-6917.179260323445
26048.0,-6917.189686457316
26049.0,-6917.2001125911875
26050.0,-6917.2105387250585
26051.0,-6917.22096485893
26052.0,-6917.231390992801
26053.0,-6917.241817126672
26054.0,-6917.252243260543
26055.0,-6917.262669394414
26056.0,-6917.273095528285
26057.0,-6917.283521662156
26058.0,-6917.293947796027
26059.0,-6917.304373929898
26060.0,-6917.314800063769
26061.0,-6917.32522619764
26062.0,-6917.3356523315115
26063.0,-6917.346078465383
26064.0,-6917.356504599254
26065.0,-6917.366930733125
26066.0,-6917.377356866996
26067.0,-6917.387783000867
26068.0,-6917.398209134738
26069.0,-6917.408635268609
26070.0,-6917.41906140248
26071.0,-6917.429487536351
26072.0,-6917.439913670222
26073.0,-6917.450339804093
26074.0,-6917.460765937964
26075.0,-6917.4711920718355
26076.0,-6917.481618205707
26077.0,-6917.492044339578
26078.0,-6917.502470473449
26079.0,-6917.51289660732
26080.0,-6917.523322741191
26081.0,-6917.533748875062
26082.0,-6917.544175008933
26083.0,-6917.554601142804
26084.0,-6917.565027276675
26085.0,-6917.575453410546
26086.0,-6917.585879544417
26087.0,-6917.596305678288
26088.0,-6917.6067318121595
26089.0,-6917.617157946031
26090.0,-6917.627584079902
26091.0,-6917.638010213773
26092.0,-6917.648436347644
26093.0,-6917.658862481515
26094.0,-6917.669288615386
26095.0,-6917.679714749257
26096.0,-6917.690140883128
26097.0,-6917.700567016999
26098.0,-6917.71099315087
26099.0,-6917.721419284741
26100.0,-6917.7318454186125
26101.0,-6917.7422715524835
26102.0,-6917.752697686355
26103.0,-6917.763123820226
26104.0,-6917.773549954097
26105.0,-6917.783976087968
26106.0,-6917.794402221839
26107.0,-6917.80482835571
26108.0,-6917.815254489581
26109.0,-6917.825680623452
26110.0,-6917.836106757323
26111.0,-6917.846532891194
26112.0,-6917.856959025065
26113.0,-6917.8673851589365
26114.0,-6917.877811292808
26115.0,-6917.888237426679
26116.0,-6917.89866356055
26117.0,-6917.909089694421
26118.0,-6917.919515828292
26119.0,-6917.929941962163
26120.0,-6917.940368096034
26121.0,-6917.950794229905
26122.0,-6917.961220363776
26123.0,-6917.971646497647
26124.0,-6917.982072631518
26125.0,-6917.992498765389
26126.0,-6918.0029248992605
26127.0,-6918.013351033132
26128.0,-6918.023777167003
26129.0,-6918.034203300874
26130.0,-6918.044629434745
26131.0,-6918.055055568616
26132.0,-6918.065481702487
26133.0,-6918.075907836358
26134.0,-6918.086333970229
26135.0,-6918.0967601041
26136.0,-6918.107186237971
26137.0,-6918.117612371842
26138.0,-6918.128038505713
26139.0,-6918.1384646395845
26140.0,-6918.148890773456
26141.0,-6918.159316907327
26142.0,-6918.169743041198
26143.0,-6918.180169175069
26144.0,-6918.19059530894
26145.0,-6918.201021442811
26146.0,-6918.211447576682
26147.0,-6918.221873710553
26148.0,-6918.232299844424
26149.0,-6918.242725978295
26150.0,-6918.253152112166
26151.0,-6918.2635782460375
26152.0,-6918.274004379909
26153.0,-6918.28443051378
26154.0,-6918.294856647651
26155.0,-6918.305282781522
26156.0,-6918.315708915393
26157.0,-6918.326135049264
26158.0,-6918.336561183135
26159.0,-6918.346987317006
26160.0,-6918.357413450877
26161.0,-6918.367839584748
26162.0,-6918.378265718619
26163.0,-6918.38869185249
26164.0,-6918.3991179863615
26165.0,-6918.409544120233
26166.0,-6918.419970254104
26167.0,-6918.430396387975
26168.0,-6918.440822521846
26169.0,-6918.451248655717
26170.0,-6918.461674789588
26171.0,-6918.472100923459
26172.0,-6918.48252705733
26173.0,-6918.492953191201
26174.0,-6918.503379325072
26175.0,-6918.513805458943
26176.0,-6918.524231592814
26177.0,-6918.5346577266855
26178.0,-6918.545083860557
26179.0,-6918.555509994428
26180.0,-6918.565936128299
26181.0,-6918.57636226217
26182.0,-6918.586788396041
26183.0,-6918.597214529912
26184.0,-6918.607640663783
26185.0,-6918.618066797654
26186.0,-6918.628492931525
26187.0,-6918.638919065396
26188.0,-6918.649345199267
26189.0,-6918.659771333138
26190.0,-6918.6701974670095
26191.0,-6918.680623600881
26192.0,-6918.691049734752
26193.0,-6918.701475868623
26194.0,-6918.711902002494
26195.0,-6918.722328136365
26196.0,-6918.732754270236
26197.0,-6918.743180404107
26198.0,-6918.753606537978
26199.0,-6918.764032671849
26200.0,-6918.77445880572
26201.0,-6918.784884939591
26202.0,-6918.7953110734625
26203.0,-6918.805737207334
26204.0,-6918.816163341205
26205.0,-6918.826589475076
26206.0,-6918.837015608947
26207.0,-6918.847441742818
26208.0,-6918.857867876689
26209.0,-6918.86829401056
26210.0,-6918.878720144431
26211.0,-6918.889146278302
26212.0,-6918.899572412173
26213.0,-6918.909998546044
26214.0,-6918.920424679915
26215.0,-6918.9308508137865
26216.0,-6918.941276947658
26217.0,-6918.951703081529
26218.0,-6918.9621292154
26219.0,-6918.972555349271
26220.0,-6918.982981483142
26221.0,-6918.993407617013
26222.0,-6919.003833750884
26223.0,-6919.014259884755
26224.0,-6919.024686018626
26225.0,-6919.035112152497
26226.0,-6919.045538286368
26227.0,-6919.055964420239
26228.0,-6919.0663905541105
26229.0,-6919.076816687982
26230.0,-6919.087242821853
26231.0,-6919.097668955724
26232.0,-6919.108095089595
26233.0,-6919.118521223466
26234.0,-6919.128947357337
26235.0,-6919.139373491208
26236.0,-6919.149799625079
26237.0,-6919.16022575895
26238.0,-6919.170651892821
26239.0,-6919.181078026692
26240.0,-6919.191504160563
26241.0,-6919.2019302944345
26242.0,-6919.212356428306
26243.0,-6919.222782562177
26244.0,-6919.233208696048
26245.0,-6919.243634829919
26246.0,-6919.25406096379
26247.0,-6919.264487097661
26248.0,-6919.274913231532
26249.0,-6919.285339365403
26250.0,-6919.295765499274
26251.0,-6919.306191633145
26252.0,-6919.316617767016
26253.0,-6919.3270439008875
26254.0,-6919.337470034759
26255.0,-6919.34789616863
26256.0,-6919.358322302501
26257.0,-6919.368748436372
26258.0,-6919.379174570243
26259.0,-6919.389600704114
26260.0,-6919.400026837985
26261.0,-6919.410452971856
26262.0,-6919.420879105727
26263.0,-6919.431305239598
26264.0,-6919.441731373469
26265.0,-6919.45215750734
26266.0,-6919.4625836412115
26267.0,-6919.473009775083
26268.0,-6919.483435908954
26269.0,-6919.493862042825
26270.0,-6919.504288176696
26271.0,-6919.514714310567
26272.0,-6919.525140444438
26273.0,-6919.535566578309
26274.0,-6919.54599271218
26275.0,-6919.556418846051
26276.0,-6919.566844979922
26277.0,-6919.577271113793
26278.0,-6919.587697247664
26279.0,-6919.5981233815355
26280.0,-6919.608549515407
26281.0,-6919.618975649278
26282.0,-6919.629401783149
26283.0,-6919.63982791702
26284.0,-6919.650254050891
26285.0,-6919.660680184762
26286.0,-6919.671106318633
26287.0,-6919.681532452504
26288.0,-6919.691958586375
26289.0,-6919.702384720246
26290.0,-6919.712810854117
26291.0,-6919.7232369879885
26292.0,-6919.7336631218595
26293.0,-6919.744089255731
26294.0,-6919.754515389602
26295.0,-6919.764941523473
26296.0,-6919.775367657344
26297.0,-6919.785793791215
26298.0,-6919.796219925086
26299.0,-6919.806646058957
26300.0,-6919.817072192828
26301.0,-6919.827498326699
26302.0,-6919.83792446057
26303.0,-6919.848350594441
26304.0,-6919.8587767283125
26305.0,-6919.869202862184
26306.0,-6919.879628996055
26307.0,-6919.890055129926
26308.0,-6919.900481263797
26309.0,-6919.910907397668
26310.0,-6919.921333531539
26311.0,-6919.93175966541
26312.0,-6919.942185799281
26313.0,-6919.952611933152
26314.0,-6919.963038067023
26315.0,-6919.973464200894
26316.0,-6919.983890334765
26317.0,-6919.9943164686365
26318.0,-6920.004742602508
26319.0,-6920.015168736379
26320.0,-6920.02559487025
26321.0,-6920.036021004121
26322.0,-6920.046447137992
26323.0,-6920.056873271863
26324.0,-6920.067299405734
26325.0,-6920.077725539605
26326.0,-6920.088151673476
26327.0,-6920.098577807347
26328.0,-6920.109003941218
26329.0,-6920.119430075089
26330.0,-6920.1298562089605
26331.0,-6920.140282342832
26332.0,-6920.150708476703
26333.0,-6920.161134610574
26334.0,-6920.171560744445
26335.0,-6920.181986878316
26336.0,-6920.192413012187
26337.0,-6920.202839146058
26338.0,-6920.213265279929
26339.0,-6920.2236914138
26340.0,-6920.234117547671
26341.0,-6920.244543681542
26342.0,-6920.2549698154135
26343.0,-6920.2653959492845
26344.0,-6920.275822083156
26345.0,-6920.286248217027
26346.0,-6920.296674350898
26347.0,-6920.307100484769
26348.0,-6920.31752661864
26349.0,-6920.327952752511
26350.0,-6920.338378886382
26351.0,-6920.348805020253
26352.0,-6920.359231154124
26353.0,-6920.369657287995
26354.0,-6920.380083421866
26355.0,-6920.3905095557375
26356.0,-6920.400935689609
26357.0,-6920.41136182348
26358.0,-6920.421787957351
26359.0,-6920.432214091222
26360.0,-6920.442640225093
26361.0,-6920.453066358964
26362.0,-6920.463492492835
26363.0,-6920.473918626706
26364.0,-6920.484344760577
26365.0,-6920.494770894448
26366.0,-6920.505197028319
26367.0,-6920.51562316219
26368.0,-6920.5260492960615
26369.0,-6920.536475429933
26370.0,-6920.546901563804
26371.0,-6920.557327697675
26372.0,-6920.567753831546
26373.0,-6920.578179965417
26374.0,-6920.588606099288
26375.0,-6920.599032233159
26376.0,-6920.60945836703
26377.0,-6920.619884500901
26378.0,-6920.630310634772
26379.0,-6920.640736768643
26380.0,-6920.651162902514
26381.0,-6920.6615890363855
26382.0,-6920.672015170257
26383.0,-6920.682441304128
26384.0,-6920.692867437999
26385.0,-6920.70329357187
26386.0,-6920.713719705741
26387.0,-6920.724145839612
26388.0,-6920.734571973483
26389.0,-6920.744998107354
26390.0,-6920.755424241225
26391.0,-6920.765850375096
26392.0,-6920.776276508967
26393.0,-6920.7867026428385
26394.0,-6920.7971287767095
26395.0,-6920.807554910581
26396.0,-6920.817981044452
26397.0,-6920.828407178323
26398.0,-6920.838833312194
26399.0,-6920.849259446065
26400.0,-6920.859685579936
26401.0,-6920.870111713807
26402.0,-6920.880537847678
26403.0,-6920.890963981549
26404.0,-6920.90139011542
26405.0,-6920.911816249291
26406.0,-6920.9222423831625
26407.0,-6920.932668517034
26408.0,-6920.943094650905
26409.0,-6920.953520784776
26410.0,-6920.963946918647
26411.0,-6920.974373052518
26412.0,-6920.984799186389
26413.0,-6920.99522532026
26414.0,-6921.005651454131
26415.0,-6921.016077588002
26416.0,-6921.026503721873
26417.0,-6921.036929855744
26418.0,-6921.047355989615
26419.0,-6921.0577821234865
26420.0,-6921.068208257358
26421.0,-6921.078634391229
26422.0,-6921.0890605251
26423.0,-6921.099486658971
26424.0,-6921.109912792842
26425.0,-6921.120338926713
26426.0,-6921.130765060584
26427.0,-6921.141191194455
26428.0,-6921.151617328326
26429.0,-6921.162043462197
26430.0,-6921.172469596068
26431.0,-6921.182895729939
26432.0,-6921.1933218638105
26433.0,-6921.203747997682
26434.0,-6921.214174131553
26435.0,-6921.224600265424
26436.0,-6921.235026399295
26437.0,-6921.245452533166
26438.0,-6921.255878667037
26439.0,-6921.266304800908
26440.0,-6921.276730934779
26441.0,-6921.28715706865
26442.0,-6921.297583202521
26443.0,-6921.308009336392
26444.0,-6921.3184354702635
26445.0,-6921.3288616041345
26446.0,-6921.339287738006
26447.0,-6921.349713871877
26448.0,-6921.360140005748
26449.0,-6921.370566139619
26450.0,-6921.38099227349
26451.0,-6921.391418407361
26452.0,-6921.401844541232
26453.0,-6921.412270675103
26454.0,-6921.422696808974
26455.0,-6921.433122942845
26456.0,-6921.443549076716
26457.0,-6921.4539752105875
26458.0,-6921.464401344459
26459.0,-6921.47482747833
26460.0,-6921.485253612201
26461.0,-6921.495679746072
26462.0,-6921.506105879943
26463.0,-6921.516532013814
26464.0,-6921.526958147685
26465.0,-6921.537384281556
26466.0,-6921.547810415427
26467.0,-6921.558236549298
26468.0,-6921.568662683169
26469.0,-6921.57908881704
26470.0,-6921.5895149509115
26471.0,-6921.599941084783
26472.0,-6921.610367218654
26473.0,-6921.620793352525
26474.0,-6921.631219486396
26475.0,-6921.641645620267
26476.0,-6921.652071754138
26477.0,-6921.662497888009
26478.0,-6921.67292402188
26479.0,-6921.683350155751
26480.0,-6921.693776289622
26481.0,-6921.704202423493
26482.0,-6921.714628557364
26483.0,-6921.7250546912355
26484.0,-6921.735480825107
26485.0,-6921.745906958978
26486.0,-6921.756333092849
26487.0,-6921.76675922672
26488.0,-6921.777185360591
26489.0,-6921.787611494462
26490.0,-6921.798037628333
26491.0,-6921.808463762204
26492.0,-6921.818889896075
26493.0,-6921.829316029946
26494.0,-6921.839742163817
26495.0,-6921.8501682976885
26496.0,-6921.86059443156
26497.0,-6921.871020565431
26498.0,-6921.881446699302
26499.0,-6921.891872833173
26500.0,-6921.902298967044
26501.0,-6921.912725100915
26502.0,-6921.923151234786
26503.0,-6921.933577368657
26504.0,-6921.944003502528
26505.0,-6921.954429636399
26506.0,-6921.96485577027
26507.0,-6921.975281904141
26508.0,-6921.9857080380125
26509.0,-6921.996134171884
26510.0,-6922.006560305755
26511.0,-6922.016986439626
26512.0,-6922.027412573497
26513.0,-6922.037838707368
26514.0,-6922.048264841239
26515.0,-6922.05869097511
26516.0,-6922.069117108981
26517.0,-6922.079543242852
26518.0,-6922.089969376723
26519.0,-6922.100395510594
26520.0,-6922.110821644465
26521.0,-6922.1212477783365
26522.0,-6922.131673912208
26523.0,-6922.142100046079
26524.0,-6922.15252617995
26525.0,-6922.162952313821
26526.0,-6922.173378447692
26527.0,-6922.183804581563
26528.0,-6922.194230715434
26529.0,-6922.204656849305
26530.0,-6922.215082983176
26531.0,-6922.225509117047
26532.0,-6922.235935250918
26533.0,-6922.246361384789
26534.0,-6922.2567875186605
26535.0,-6922.267213652532
26536.0,-6922.277639786403
26537.0,-6922.288065920274
26538.0,-6922.298492054145
26539.0,-6922.308918188016
26540.0,-6922.319344321887
26541.0,-6922.329770455758
26542.0,-6922.340196589629
26543.0,-6922.3506227235
26544.0,-6922.361048857371
26545.0,-6922.371474991242
26546.0,-6922.3819011251135
26547.0,-6922.392327258985
26548.0,-6922.402753392856
26549.0,-6922.413179526727
26550.0,-6922.423605660598
26551.0,-6922.434031794469
26552.0,-6922.44445792834
26553.0,-6922.454884062211
26554.0,-6922.465310196082
26555.0,-6922.475736329953
26556.0,-6922.486162463824
26557.0,-6922.496588597695
26558.0,-6922.507014731566
26559.0,-6922.5174408654375
26560.0,-6922.527866999309
26561.0,-6922.53829313318
26562.0,-6922.548719267051
26563.0,-6922.559145400922
26564.0,-6922.569571534793
26565.0,-6922.579997668664
26566.0,-6922.590423802535
26567.0,-6922.600849936406
26568.0,-6922.611276070277
26569.0,-6922.621702204148
26570.0,-6922.632128338019
26571.0,-6922.64255447189
26572.0,-6922.6529806057615
26573.0,-6922.663406739633
26574.0,-6922.673832873504
26575.0,-6922.684259007375
26576.0,-6922.694685141246
26577.0,-6922.705111275117
26578.0,-6922.715537408988
26579.0,-6922.725963542859
26580.0,-6922.73638967673
26581.0,-6922.746815810601
26582.0,-6922.757241944472
26583.0,-6922.767668078343
26584.0,-6922.7780942122145
26585.0,-6922.7885203460855
26586.0,-6922.798946479957
26587.0,-6922.809372613828
26588.0,-6922.819798747699
26589.0,-6922.83022488157
26590.0,-6922.840651015441
26591.0,-6922.851077149312
26592.0,-6922.861503283183
26593.0,-6922.871929417054
26594.0,-6922.882355550925
26595.0,-6922.892781684796
26596.0,-6922.903207818667
26597.0,-6922.9136339525385
26598.0,-6922.92406008641
26599.0,-6922.934486220281
26600.0,-6922.944912354152
26601.0,-6922.955338488023
26602.0,-6922.965764621894
26603.0,-6922.976190755765
26604.0,-6922.986616889636
26605.0,-6922.997043023507
26606.0,-6923.007469157378
26607.0,-6923.017895291249
26608.0,-6923.02832142512
26609.0,-6923.038747558991
26610.0,-6923.0491736928625
26611.0,-6923.059599826734
26612.0,-6923.070025960605
26613.0,-6923.080452094476
26614.0,-6923.090878228347
26615.0,-6923.101304362218
26616.0,-6923.111730496089
26617.0,-6923.12215662996
26618.0,-6923.132582763831
26619.0,-6923.143008897702
26620.0,-6923.153435031573
26621.0,-6923.163861165444
26622.0,-6923.174287299315
26623.0,-6923.1847134331865
26624.0,-6923.195139567058
26625.0,-6923.1766093969345
26626.0,-6923.158079226811
26627.0,-6923.139549056689
26628.0,-6923.121018886566
26629.0,-6923.102488716443
26630.0,-6923.083958546321
26631.0,-6923.065428376198
26632.0,-6923.046898206075
26633.0,-6923.028368035953
26634.0,-6923.0098378658295
26635.0,-6922.991307695706
26636.0,-6922.972777525584
26637.0,-6922.954247355461
26638.0,-6922.935717185338
26639.0,-6922.917187015216
26640.0,-6922.898656845093
26641.0,-6922.88012667497
26642.0,-6922.8615965048475
26643.0,-6922.843066334724
26644.0,-6922.824536164601
26645.0,-6922.806005994479
26646.0,-6922.787475824356
26647.0,-6922.768945654233
26648.0,-6922.750415484111
26649.0,-6922.731885313988
26650.0,-6922.713355143865
26651.0,-6922.6948249737425
26652.0,-6922.676294803619
26653.0,-6922.657764633496
26654.0,-6922.639234463374
26655.0,-6922.620704293251
26656.0,-6922.602174123128
26657.0,-6922.583643953006
26658.0,-6922.565113782883
26659.0,-6922.54658361276
26660.0,-6922.528053442637
26661.0,-6922.509523272514
26662.0,-6922.490993102391
26663.0,-6922.472462932269
26664.0,-6922.453932762146
26665.0,-6922.435402592023
26666.0,-6922.416872421901
26667.0,-6922.398342251778
26668.0,-6922.379812081655
26669.0,-6922.361281911532
26670.0,-6922.342751741409
26671.0,-6922.324221571286
26672.0,-6922.305691401164
26673.0,-6922.287161231041
26674.0,-6922.268631060918
26675.0,-6922.250100890796
26676.0,-6922.231570720673
26677.0,-6922.2130405505495
26678.0,-6922.194510380427
26679.0,-6922.175980210304
26680.0,-6922.157450040181
26681.0,-6922.138919870059
26682.0,-6922.120389699936
26683.0,-6922.101859529813
26684.0,-6922.083329359691
26685.0,-6922.064799189568
26686.0,-6922.0462690194445
26687.0,-6922.027738849322
26688.0,-6922.009208679199
26689.0,-6921.990678509076
26690.0,-6921.972148338954
26691.0,-6921.953618168831
26692.0,-6921.935087998708
26693.0,-6921.916557828586
26694.0,-6921.8980276584625
26695.0,-6921.879497488339
26696.0,-6921.860967318217
26697.0,-6921.842437148094
26698.0,-6921.823906977971
26699.0,-6921.805376807849
26700.0,-6921.786846637726
26701.0,-6921.768316467603
26702.0,-6921.749786297481
26703.0,-6921.7312561273575
26704.0,-6921.712725957234
26705.0,-6921.694195787112
26706.0,-6921.675665616989
26707.0,-6921.657135446866
26708.0,-6921.638605276744
26709.0,-6921.620075106621
26710.0,-6921.601544936498
26711.0,-6921.5830147663755
26712.0,-6921.564484596252
26713.0,-6921.545954426129
26714.0,-6921.527424256007
26715.0,-6921.508894085884
26716.0,-6921.490363915761
26717.0,-6921.471833745639
26718.0,-6921.453303575516
26719.0,-6921.434773405393
26720.0,-6921.4162432352705
26721.0,-6921.397713065147
26722.0,-6921.379182895024
26723.0,-6921.360652724902
26724.0,-6921.342122554779
26725.0,-6921.323592384656
26726.0,-6921.305062214534
26727.0,-6921.286532044411
26728.0,-6921.268001874288
26729.0,-6921.249471704165
26730.0,-6921.230941534042
26731.0,-6921.212411363919
26732.0,-6921.193881193797
26733.0,-6921.175351023674
26734.0,-6921.156820853551
26735.0,-6921.138290683429
26736.0,-6921.119760513306
26737.0,-6921.101230343183
26738.0,-6921.08270017306
26739.0,-6921.064170002937
26740.0,-6921.045639832814
26741.0,-6921.027109662692
26742.0,-6921.008579492569
26743.0,-6920.990049322446
26744.0,-6920.971519152324
26745.0,-6920.952988982201
26746.0,-6920.9344588120775
26747.0,-6920.915928641955
26748.0,-6920.897398471832
26749.0,-6920.878868301709
26750.0,-6920.860338131587
26751.0,-6920.841807961464
26752.0,-6920.823277791341
26753.0,-6920.804747621219
26754.0,-6920.786217451096
26755.0,-6920.7676872809725
26756.0,-6920.74915711085
26757.0,-6920.730626940727
26758.0,-6920.712096770604
26759.0,-6920.693566600482
26760.0,-6920.675036430359
26761.0,-6920.656506260236
26762.0,-6920.637976090114
26763.0,-6920.6194459199905
26764.0,-6920.600915749867
26765.0,-6920.582385579745
26766.0,-6920.563855409622
26767.0,-6920.545325239499
26768.0,-6920.526795069377
26769.0,-6920.508264899254
26770.0,-6920.489734729131
26771.0,-6920.471204559009
26772.0,-6920.4526743888855
26773.0,-6920.434144218762
26774.0,-6920.41561404864
26775.0,-6920.397083878517
26776.0,-6920.378553708394
26777.0,-6920.360023538272
26778.0,-6920.341493368149
26779.0,-6920.322963198026
26780.0,-6920.3044330279035
26781.0,-6920.2859028577805
26782.0,-6920.267372687657
26783.0,-6920.248842517535
26784.0,-6920.230312347412
26785.0,-6920.211782177289
26786.0,-6920.193252007167
26787.0,-6920.174721837044
26788.0,-6920.156191666921
26789.0,-6920.1376614967985
26790.0,-6920.119131326675
26791.0,-6920.100601156552
26792.0,-6920.08207098643
26793.0,-6920.063540816307
26794.0,-6920.045010646184
26795.0,-6920.026480476062
26796.0,-6920.007950305939
26797.0,-6919.989420135816
26798.0,-6919.9708899656935
26799.0,-6919.95235979557
26800.0,-6919.933829625447
26801.0,-6919.915299455325
26802.0,-6919.896769285202
26803.0,-6919.878239115079
26804.0,-6919.859708944957
26805.0,-6919.841178774834
26806.0,-6919.822648604711
26807.0,-6919.804118434588
26808.0,-6919.785588264465
26809.0,-6919.767058094342
26810.0,-6919.74852792422
26811.0,-6919.729997754097
26812.0,-6919.711467583974
26813.0,-6919.692937413852
26814.0,-6919.674407243729
26815.0,-6919.655877073606
26816.0,-6919.637346903483
26817.0,-6919.61881673336
26818.0,-6919.600286563237
26819.0,-6919.581756393115
26820.0,-6919.563226222992
26821.0,-6919.544696052869
26822.0,-6919.526165882747
26823.0,-6919.507635712624
26824.0,-6919.4891055425005
26825.0,-6919.470575372378
26826.0,-6919.452045202255
26827.0,-6919.433515032132
26828.0,-6919.41498486201
26829.0,-6919.396454691887
26830.0,-6919.377924521764
26831.0,-6919.359394351642
26832.0,-6919.340864181519
26833.0,-6919.3223340113955
26834.0,-6919.303803841273
26835.0,-6919.28527367115
26836.0,-6919.266743501027
26837.0,-6919.248213330905
26838.0,-6919.229683160782
26839.0,-6919.211152990659
26840.0,-6919.192622820537
26841.0,-6919.1740926504135
26842.0,-6919.15556248029
26843.0,-6919.137032310168
26844.0,-6919.118502140045
26845.0,-6919.099971969922
26846.0,-6919.0814417998
26847.0,-6919.062911629677
26848.0,-6919.044381459554
26849.0,-6919.025851289432
26850.0,-6919.0073211193085
26851.0,-6918.988790949185
26852.0,-6918.970260779063
26853.0,-6918.95173060894
26854.0,-6918.933200438817
26855.0,-6918.914670268695
26856.0,-6918.896140098572
26857.0,-6918.877609928449
26858.0,-6918.8590797583265
26859.0,-6918.840549588203
26860.0,-6918.82201941808
26861.0,-6918.803489247958
26862.0,-6918.784959077835
26863.0,-6918.766428907712
26864.0,-6918.74789873759
26865.0,-6918.729368567467
26866.0,-6918.710838397344
26867.0,-6918.6923082272215
26868.0,-6918.673778057098
26869.0,-6918.655247886975
26870.0,-6918.636717716853
26871.0,-6918.61818754673
26872.0,-6918.599657376607
26873.0,-6918.581127206485
26874.0,-6918.562597036362
26875.0,-6918.544066866239
26876.0,-6918.525536696116
26877.0,-6918.507006525993
26878.0,-6918.48847635587
26879.0,-6918.469946185748
26880.0,-6918.451416015625
26881.0,-6918.432885845502
26882.0,-6918.41435567538
26883.0,-6918.395825505257
26884.0,-6918.377295335134
26885.0,-6918.358765165011
26886.0,-6918.340234994888
26887.0,-6918.321704824765
26888.0,-6918.303174654643
26889.0,-6918.28464448452
26890.0,-6918.266114314397
26891.0,-6918.247584144275
26892.0,-6918.229053974152
26893.0,-6918.2105238040285
26894.0,-6918.191993633906
26895.0,-6918.173463463783
26896.0,-6918.15493329366
26897.0,-6918.136403123538
26898.0,-6918.117872953415
26899.0,-6918.099342783292
26900.0,-6918.08081261317
26901.0,-6918.062282443047
26902.0,-6918.0437522729235
26903.0,-6918.025222102801
26904.0,-6918.006691932678
26905.0,-6917.988161762555
26906.0,-6917.969631592433
26907.0,-6917.95110142231
26908.0,-6917.932571252187
26909.0,-6917.914041082065
26910.0,-6917.8955109119415
26911.0,-6917.876980741818
26912.0,-6917.858450571696
26913.0,-6917.839920401573
26914.0,-6917.82139023145
26915.0,-6917.802860061328
26916.0,-6917.784329891205
26917.0,-6917.765799721082
26918.0,-6917.74726955096
26919.0,-6917.7287393808365
26920.0,-6917.710209210713
26921.0,-6917.691679040591
26922.0,-6917.673148870468
26923.0,-6917.654618700345
26924.0,-6917.636088530223
26925.0,-6917.6175583601
26926.0,-6917.599028189977
26927.0,-6917.5804980198545
26928.0,-6917.561967849731
26929.0,-6917.543437679608
26930.0,-6917.524907509486
26931.0,-6917.506377339363
26932.0,-6917.48784716924
26933.0,-6917.469316999118
26934.0,-6917.450786828995
26935.0,-6917.432256658872
26936.0,-6917.4137264887495
26937.0,-6917.395196318626
26938.0,-6917.376666148503
26939.0,-6917.358135978381
26940.0,-6917.339605808258
26941.0,-6917.321075638135
26942.0,-6917.302545468013
26943.0,-6917.28401529789
26944.0,-6917.265485127767
26945.0,-6917.246954957644
26946.0,-6917.228424787521
26947.0,-6917.209894617398
26948.0,-6917.191364447276
26949.0,-6917.172834277153
26950.0,-6917.15430410703
26951.0,-6917.135773936908
26952.0,-6917.117243766785
26953.0,-6917.098713596662
26954.0,-6917.080183426539
26955.0,-6917.061653256416
26956.0,-6917.043123086293
26957.0,-6917.024592916171
26958.0,-6917.006062746048
26959.0,-6916.987532575925
26960.0,-6916.969002405803
26961.0,-6916.95047223568
26962.0,-6916.9319420655565
26963.0,-6916.913411895434
26964.0,-6916.894881725311
26965.0,-6916.876351555188
26966.0,-6916.857821385066
26967.0,-6916.839291214943
26968.0,-6916.82076104482
26969.0,-6916.802230874698
26970.0,-6916.783700704575
26971.0,-6916.7651705344515
26972.0,-6916.746640364329
26973.0,-6916.728110194206
26974.0,-6916.709580024083
26975.0,-6916.691049853961
26976.0,-6916.672519683838
26977.0,-6916.653989513715
26978.0,-6916.635459343593
26979.0,-6916.6169291734695
26980.0,-6916.5983990033465
26981.0,-6916.579868833224
26982.0,-6916.561338663101
26983.0,-6916.542808492978
26984.0,-6916.524278322856
26985.0,-6916.505748152733
26986.0,-6916.48721798261
26987.0,-6916.468687812488
26988.0,-6916.4501576423645
26989.0,-6916.431627472241
26990.0,-6916.413097302119
26991.0,-6916.394567131996
26992.0,-6916.376036961873
26993.0,-6916.357506791751
26994.0,-6916.338976621628
26995.0,-6916.320446451505
26996.0,-6916.301916281383
26997.0,-6916.2833861112595
26998.0,-6916.264855941136
26999.0,-6916.246325771014
27000.0,-6916.227795600891
27001.0,-6916.209265430768
27002.0,-6916.190735260646
27003.0,-6916.172205090523
27004.0,-6916.1536749204
27005.0,-6916.1351447502775
27006.0,-6916.116614580154
27007.0,-6916.098084410031
27008.0,-6916.079554239909
27009.0,-6916.061024069786
27010.0,-6916.042493899663
27011.0,-6916.023963729541
27012.0,-6916.005433559418
27013.0,-6915.986903389295
27014.0,-6915.9683732191725
27015.0,-6915.949843049049
27016.0,-6915.931312878926
27017.0,-6915.912782708804
27018.0,-6915.894252538681
27019.0,-6915.875722368558
27020.0,-6915.857192198436
27021.0,-6915.838662028313
27022.0,-6915.82013185819
27023.0,-6915.801601688067
27024.0,-6915.783071517944
27025.0,-6915.764541347821
27026.0,-6915.746011177699
27027.0,-6915.727481007576
27028.0,-6915.708950837453
27029.0,-6915.690420667331
27030.0,-6915.671890497208
27031.0,-6915.653360327085
27032.0,-6915.634830156962
27033.0,-6915.616299986839
27034.0,-6915.597769816716
27035.0,-6915.579239646594
27036.0,-6915.560709476471
27037.0,-6915.542179306348
27038.0,-6915.523649136226
27039.0,-6915.505118966103
27040.0,-6915.4865887959795
27041.0,-6915.468058625857
27042.0,-6915.449528455734
27043.0,-6915.430998285611
27044.0,-6915.412468115489
27045.0,-6915.393937945366
27046.0,-6915.375407775243
27047.0,-6915.356877605121
27048.0,-6915.338347434998
27049.0,-6915.3198172648745
27050.0,-6915.301287094752
27051.0,-6915.282756924629
27052.0,-6915.264226754506
27053.0,-6915.245696584384
27054.0,-6915.227166414261
27055.0,-6915.208636244138
27056.0,-6915.190106074016
27057.0,-6915.1715759038925
27058.0,-6915.153045733769
27059.0,-6915.134515563647
27060.0,-6915.115985393524
27061.0,-6915.097455223401
27062.0,-6915.078925053279
27063.0,-6915.060394883156
27064.0,-6915.041864713033
27065.0,-6915.023334542911
27066.0,-6915.0048043727875
27067.0,-6914.986274202664
27068.0,-6914.967744032542
27069.0,-6914.949213862419
27070.0,-6914.930683692296
27071.0,-6914.912153522174
27072.0,-6914.893623352051
27073.0,-6914.875093181928
27074.0,-6914.8565630118055
27075.0,-6914.838032841682
27076.0,-6914.819502671559
27077.0,-6914.800972501437
27078.0,-6914.782442331314
27079.0,-6914.763912161191
27080.0,-6914.745381991069
27081.0,-6914.726851820946
27082.0,-6914.708321650823
27083.0,-6914.6897914807005
27084.0,-6914.671261310577
27085.0,-6914.652731140454
27086.0,-6914.634200970332
27087.0,-6914.615670800209
27088.0,-6914.597140630086
27089.0,-6914.578610459964
27090.0,-6914.560080289841
27091.0,-6914.541550119718
27092.0,-6914.523019949595
27093.0,-6914.504489779472
27094.0,-6914.485959609349
27095.0,-6914.467429439227
27096.0,-6914.448899269104
27097.0,-6914.430369098981
27098.0,-6914.411838928859
27099.0,-6914.393308758736
27100.0,-6914.374778588613
27101.0,-6914.35624841849
27102.0,-6914.337718248367
27103.0,-6914.319188078244
27104.0,-6914.300657908122
27105.0,-6914.282127737999
27106.0,-6914.263597567876
27107.0,-6914.245067397754
27108.0,-6914.226537227631
27109.0,-6914.2080070575075
27110.0,-6914.189476887385
27111.0,-6914.170946717262
27112.0,-6914.152416547139
27113.0,-6914.133886377017
27114.0,-6914.115356206894
27115.0,-6914.096826036771
27116.0,-6914.078295866649
27117.0,-6914.059765696526
27118.0,-6914.0412355264025
27119.0,-6914.02270535628
27120.0,-6914.004175186157
27121.0,-6913.985645016034
27122.0,-6913.967114845912
27123.0,-6913.948584675789
27124.0,-6913.930054505666
27125.0,-6913.911524335544
27126.0,-6913.8929941654205
27127.0,-6913.874463995297
27128.0,-6913.855933825175
27129.0,-6913.837403655052
27130.0,-6913.818873484929
27131.0,-6913.800343314807
27132.0,-6913.781813144684
27133.0,-6913.763282974561
27134.0,-6913.744752804439
27135.0,-6913.7262226343155
27136.0,-6913.707692464192
27137.0,-6913.68916229407
27138.0,-6913.670632123947
27139.0,-6913.652101953824
27140.0,-6913.633571783702
27141.0,-6913.615041613579
27142.0,-6913.596511443456
27143.0,-6913.5779812733335
27144.0,-6913.55945110321
27145.0,-6913.540920933087
27146.0,-6913.522390762965
27147.0,-6913.503860592842
27148.0,-6913.485330422719
27149.0,-6913.466800252597
27150.0,-6913.448270082474
27151.0,-6913.429739912351
27152.0,-6913.4112097422285
27153.0,-6913.392679572105
27154.0,-6913.374149401982
27155.0,-6913.35561923186
27156.0,-6913.337089061737
27157.0,-6913.318558891614
27158.0,-6913.300028721492
27159.0,-6913.281498551369
27160.0,-6913.262968381246
27161.0,-6913.244438211123
27162.0,-6913.225908041
27163.0,-6913.207377870877
27164.0,-6913.188847700755
27165.0,-6913.170317530632
27166.0,-6913.151787360509
27167.0,-6913.133257190387
27168.0,-6913.114727020264
27169.0,-6913.096196850141
27170.0,-6913.077666680018
27171.0,-6913.059136509895
27172.0,-6913.040606339772
27173.0,-6913.02207616965
27174.0,-6913.003545999527
27175.0,-6912.985015829404
27176.0,-6912.966485659282
27177.0,-6912.947955489159
27178.0,-6912.9294253190355
27179.0,-6912.910895148913
27180.0,-6912.89236497879
27181.0,-6912.873834808667
27182.0,-6912.855304638545
27183.0,-6912.836774468422
27184.0,-6912.818244298299
27185.0,-6912.799714128177
27186.0,-6912.781183958054
27187.0,-6912.7626537879305
27188.0,-6912.744123617808
27189.0,-6912.725593447685
27190.0,-6912.707063277562
27191.0,-6912.68853310744
27192.0,-6912.670002937317
27193.0,-6912.651472767194
27194.0,-6912.632942597072
27195.0,-6912.614412426949
27196.0,-6912.5958822568255
27197.0,-6912.577352086703
27198.0,-6912.55882191658
27199.0,-6912.540291746457
27200.0,-6912.521761576335
27201.0,-6912.503231406212
27202.0,-6912.484701236089
27203.0,-6912.466171065967
27204.0,-6912.4476408958435
27205.0,-6912.42911072572
27206.0,-6912.410580555598
27207.0,-6912.392050385475
27208.0,-6912.373520215352
27209.0,-6912.35499004523
27210.0,-6912.336459875107
27211.0,-6912.317929704984
27212.0,-6912.299399534862
27213.0,-6912.2808693647385
27214.0,-6912.262339194615
27215.0,-6912.243809024493
27216.0,-6912.22527885437
27217.0,-6912.206748684247
27218.0,-6912.188218514125
27219.0,-6912.169688344002
27220.0,-6912.151158173879
27221.0,-6912.1326280037565
27222.0,-6912.114097833633
27223.0,-6912.09556766351
27224.0,-6912.077037493388
27225.0,-6912.058507323265
27226.0,-6912.039977153142
27227.0,-6912.02144698302
27228.0,-6912.002916812897
27229.0,-6911.984386642774
27230.0,-6911.9658564726515
27231.0,-6911.947326302528
27232.0,-6911.928796132405
27233.0,-6911.910265962283
27234.0,-6911.89173579216
27235.0,-6911.873205622037
27236.0,-6911.854675451915
27237.0,-6911.836145281792
27238.0,-6911.817615111669
27239.0,-6911.799084941546
27240.0,-6911.780554771423
27241.0,-6911.7620246013
27242.0,-6911.743494431178
27243.0,-6911.724964261055
27244.0,-6911.706434090932
27245.0,-6911.68790392081
27246.0,-6911.669373750687
27247.0,-6911.650843580564
27248.0,-6911.632313410441
27249.0,-6911.613783240318
27250.0,-6911.595253070195
27251.0,-6911.576722900073
27252.0,-6911.55819272995
27253.0,-6911.539662559827
27254.0,-6911.521132389705
27255.0,-6911.502602219582
27256.0,-6911.4840720494585
27257.0,-6911.465541879336
27258.0,-6911.447011709213
27259.0,-6911.42848153909
27260.0,-6911.409951368968
27261.0,-6911.391421198845
27262.0,-6911.372891028722
27263.0,-6911.3543608586
27264.0,-6911.335830688477
27265.0,-6911.3173005183535
27266.0,-6911.298770348231
27267.0,-6911.280240178108
27268.0,-6911.261710007985
27269.0,-6911.243179837863
27270.0,-6911.22464966774
27271.0,-6911.206119497617
27272.0,-6911.187589327495
27273.0,-6911.1690591573715
27274.0,-6911.150528987248
27275.0,-6911.131998817126
27276.0,-6911.113468647003
27277.0,-6911.09493847688
27278.0,-6911.076408306758
27279.0,-6911.057878136635
27280.0,-6911.039347966512
27281.0,-6911.02081779639
27282.0,-6911.0022876262665
27283.0,-6910.983757456143
27284.0,-6910.965227286021
27285.0,-6910.946697115898
27286.0,-6910.928166945775
27287.0,-6910.909636775653
27288.0,-6910.89110660553
27289.0,-6910.872576435407
27290.0,-6910.8540462652845
27291.0,-6910.835516095161
27292.0,-6910.816985925038
27293.0,-6910.798455754916
27294.0,-6910.779925584793
27295.0,-6910.76139541467
27296.0,-6910.742865244548
27297.0,-6910.724335074425
27298.0,-6910.705804904302
27299.0,-6910.6872747341795
27300.0,-6910.668744564056
27301.0,-6910.650214393933
27302.0,-6910.631684223811
27303.0,-6910.613154053688
27304.0,-6910.594623883565
27305.0,-6910.576093713443
27306.0,-6910.55756354332
27307.0,-6910.539033373197
27308.0,-6910.520503203074
27309.0,-6910.501973032951
27310.0,-6910.483442862828
27311.0,-6910.464912692706
27312.0,-6910.446382522583
27313.0,-6910.42785235246
27314.0,-6910.409322182338
27315.0,-6910.390792012215
27316.0,-6910.372261842092
27317.0,-6910.353731671969
27318.0,-6910.335201501846
27319.0,-6910.316671331723
27320.0,-6910.298141161601
27321.0,-6910.279610991478
27322.0,-6910.261080821355
27323.0,-6910.242550651233
27324.0,-6910.22402048111
27325.0,-6910.2054903109865
27326.0,-6910.186960140864
27327.0,-6910.168429970741
27328.0,-6910.149899800618
27329.0,-6910.131369630496
27330.0,-6910.112839460373
27331.0,-6910.09430929025
27332.0,-6910.075779120128
27333.0,-6910.057248950005
27334.0,-6910.0387187798815
27335.0,-6910.020188609759
27336.0,-6910.001658439636
27337.0,-6909.983128269513
27338.0,-6909.964598099391
27339.0,-6909.946067929268
27340.0,-6909.927537759145
27341.0,-6909.909007589023
27342.0,-6909.8904774188995
27343.0,-6909.871947248776
27344.0,-6909.853417078654
27345.0,-6909.834886908531
27346.0,-6909.816356738408
27347.0,-6909.797826568286
27348.0,-6909.779296398163
27349.0,-6909.76076622804
27350.0,-6909.742236057918
27351.0,-6909.7237058877945
27352.0,-6909.705175717671
27353.0,-6909.686645547549
27354.0,-6909.668115377426
27355.0,-6909.649585207303
27356.0,-6909.631055037181
27357.0,-6909.612524867058
27358.0,-6909.593994696935
27359.0,-6909.5754645268125
27360.0,-6909.556934356689
27361.0,-6909.538404186566
27362.0,-6909.519874016444
27363.0,-6909.501343846321
27364.0,-6909.482813676198
27365.0,-6909.464283506076
27366.0,-6909.445753335953
27367.0,-6909.42722316583
27368.0,-6909.4086929957075
27369.0,-6909.390162825584
27370.0,-6909.371632655461
27371.0,-6909.353102485339
27372.0,-6909.334572315216
27373.0,-6909.316042145093
27374.0,-6909.297511974971
27375.0,-6909.278981804848
27376.0,-6909.260451634725
27377.0,-6909.2419214646025
27378.0,-6909.223391294479
27379.0,-6909.204861124356
27380.0,-6909.186330954234
27381.0,-6909.167800784111
27382.0,-6909.149270613988
27383.0,-6909.130740443866
27384.0,-6909.112210273743
27385.0,-6909.09368010362
27386.0,-6909.075149933497
27387.0,-6909.056619763374
27388.0,-6909.038089593251
27389.0,-6909.019559423129
27390.0,-6909.001029253006
27391.0,-6908.982499082883
27392.0,-6908.963968912761
27393.0,-6908.945438742638
27394.0,-6908.926908572515
27395.0,-6908.908378402392
27396.0,-6908.889848232269
27397.0,-6908.871318062146
27398.0,-6908.852787892024
27399.0,-6908.834257721901
27400.0,-6908.815727551778
27401.0,-6908.797197381656
27402.0,-6908.778667211533
27403.0,-6908.7601370414095
27404.0,-6908.741606871287
27405.0,-6908.723076701164
27406.0,-6908.704546531041
27407.0,-6908.686016360919
27408.0,-6908.667486190796
27409.0,-6908.648956020673
27410.0,-6908.630425850551
27411.0,-6908.611895680428
27412.0,-6908.5933655103045
27413.0,-6908.574835340182
27414.0,-6908.556305170059
27415.0,-6908.537774999936
27416.0,-6908.519244829814
27417.0,-6908.500714659691
27418.0,-6908.482184489568
27419.0,-6908.463654319446
27420.0,-6908.4451241493225
27421.0,-6908.426593979199
27422.0,-6908.408063809077
27423.0,-6908.389533638954
27424.0,-6908.371003468831
27425.0,-6908.352473298709
27426.0,-6908.333943128586
27427.0,-6908.315412958463
27428.0,-6908.296882788341
27429.0,-6908.2783526182175
27430.0,-6908.259822448094
27431.0,-6908.241292277972
27432.0,-6908.222762107849
27433.0,-6908.204231937726
27434.0,-6908.185701767604
27435.0,-6908.167171597481
27436.0,-6908.148641427358
27437.0,-6908.1301112572355
27438.0,-6908.111581087112
27439.0,-6908.093050916989
27440.0,-6908.074520746867
27441.0,-6908.055990576744
27442.0,-6908.037460406621
27443.0,-6908.018930236499
27444.0,-6908.000400066376
27445.0,-6907.981869896253
27446.0,-6907.9633397261305
27447.0,-6907.944809556007
27448.0,-6907.926279385884
27449.0,-6907.907749215762
27450.0,-6907.889219045639
27451.0,-6907.870688875516
27452.0,-6907.852158705394
27453.0,-6907.833628535271
27454.0,-6907.815098365148
27455.0,-6907.796568195025
27456.0,-6907.778038024902
27457.0,-6907.759507854779
27458.0,-6907.740977684657
27459.0,-6907.722447514534
27460.0,-6907.703917344411
27461.0,-6907.685387174289
27462.0,-6907.666857004166
27463.0,-6907.648326834043
27464.0,-6907.62979666392
27465.0,-6907.611266493797
27466.0,-6907.592736323674
27467.0,-6907.574206153552
27468.0,-6907.555675983429
27469.0,-6907.537145813306
27470.0,-6907.518615643184
27471.0,-6907.500085473061
27472.0,-6907.4815553029375
27473.0,-6907.463025132815
27474.0,-6907.444494962692
27475.0,-6907.425964792569
27476.0,-6907.407434622447
27477.0,-6907.388904452324
27478.0,-6907.370374282201
27479.0,-6907.351844112079
27480.0,-6907.333313941956
27481.0,-6907.3147837718325
27482.0,-6907.29625360171
27483.0,-6907.277723431587
27484.0,-6907.259193261464
27485.0,-6907.240663091342
27486.0,-6907.222132921219
27487.0,-6907.203602751096
27488.0,-6907.185072580974
27489.0,-6907.1665424108505
27490.0,-6907.148012240727
27491.0,-6907.129482070605
27492.0,-6907.110951900482
27493.0,-6907.092421730359
27494.0,-6907.073891560237
27495.0,-6907.055361390114
27496.0,-6907.036831219991
27497.0,-6907.018301049869
27498.0,-6906.9997708797455
27499.0,-6906.981240709622
27500.0,-6906.9627105395
27501.0,-6906.944180369377
27502.0,-6906.925650199254
27503.0,-6906.907120029132
27504.0,-6906.888589859009
27505.0,-6906.870059688886
27506.0,-6906.8515295187635
27507.0,-6906.83299934864
27508.0,-6906.814469178517
27509.0,-6906.795939008395
27510.0,-6906.777408838272
27511.0,-6906.758878668149
27512.0,-6906.740348498027
27513.0,-6906.721818327904
27514.0,-6906.703288157781
27515.0,-6906.6847579876585
27516.0,-6906.666227817535
27517.0,-6906.647697647412
27518.0,-6906.62916747729
27519.0,-6906.610637307167
27520.0,-6906.592107137044
27521.0,-6906.573576966922
27522.0,-6906.555046796799
27523.0,-6906.536516626676
27524.0,-6906.517986456553
27525.0,-6906.49945628643
27526.0,-6906.480926116307
27527.0,-6906.462395946185
27528.0,-6906.443865776062
27529.0,-6906.425335605939
27530.0,-6906.406805435817
27531.0,-6906.388275265694
27532.0,-6906.369745095571
27533.0,-6906.351214925448
27534.0,-6906.332684755325
27535.0,-6906.314154585202
27536.0,-6906.29562441508
27537.0,-6906.277094244957
27538.0,-6906.258564074834
27539.0,-6906.240033904712
27540.0,-6906.221503734589
27541.0,-6906.2029735644655
27542.0,-6906.184443394343
27543.0,-6906.16591322422
27544.0,-6906.147383054097
27545.0,-6906.128852883975
27546.0,-6906.110322713852
27547.0,-6906.091792543729
27548.0,-6906.073262373607
27549.0,-6906.054732203484
27550.0,-6906.0362020333605
27551.0,-6906.017671863238
27552.0,-6905.999141693115
27553.0,-6905.980611522992
27554.0,-6905.96208135287
27555.0,-6905.943551182747
27556.0,-6905.925021012624
27557.0,-6905.906490842502
27558.0,-6905.8879606723785
27559.0,-6905.869430502255
27560.0,-6905.850900332133
27561.0,-6905.83237016201
27562.0,-6905.813839991887
27563.0,-6905.795309821765
27564.0,-6905.776779651642
27565.0,-6905.758249481519
27566.0,-6905.739719311397
27567.0,-6905.7211891412735
27568.0,-6905.70265897115
27569.0,-6905.684128801028
27570.0,-6905.665598630905
27571.0,-6905.647068460782
27572.0,-6905.62853829066
27573.0,-6905.610008120537
27574.0,-6905.591477950414
27575.0,-6905.5729477802915
27576.0,-6905.5544176101685
27577.0,-6905.535887440045
27578.0,-6905.517357269923
27579.0,-6905.4988270998
27580.0,-6905.480296929677
27581.0,-6905.461766759555
27582.0,-6905.443236589432
27583.0,-6905.424706419309
27584.0,-6905.4061762491865
27585.0,-6905.387646079063
27586.0,-6905.36911590894
27587.0,-6905.350585738818
27588.0,-6905.332055568695
27589.0,-6905.313525398572
27590.0,-6905.29499522845
27591.0,-6905.276465058327
27592.0,-6905.257934888204
27593.0,-6905.2394047180815
27594.0,-6905.220874547958
27595.0,-6905.202344377835
27596.0,-6905.183814207713
27597.0,-6905.16528403759
27598.0,-6905.146753867467
27599.0,-6905.128223697345
27600.0,-6905.109693527222
27601.0,-6905.091163357099
27602.0,-6905.072633186976
27603.0,-6905.054103016853
27604.0,-6905.03557284673
27605.0,-6905.017042676608
27606.0,-6904.998512506485
27607.0,-6904.979982336362
27608.0,-6904.96145216624
27609.0,-6904.942921996117
27610.0,-6904.924391825994
27611.0,-6904.905861655871
27612.0,-6904.887331485748
27613.0,-6904.868801315625
27614.0,-6904.850271145503
27615.0,-6904.83174097538
27616.0,-6904.813210805257
27617.0,-6904.794680635135
27618.0,-6904.776150465012
27619.0,-6904.7576202948885
27620.0,-6904.739090124766
27621.0,-6904.720559954643
27622.0,-6904.70202978452
27623.0,-6904.683499614398
27624.0,-6904.664969444275
27625.0,-6904.646439274152
27626.0,-6904.62790910403
27627.0,-6904.609378933907
27628.0,-6904.5908487637835
27629.0,-6904.572318593661
27630.0,-6904.553788423538
27631.0,-6904.535258253415
27632.0,-6904.516728083293
27633.0,-6904.49819791317
27634.0,-6904.479667743047
27635.0,-6904.461137572925
27636.0,-6904.4426074028015
27637.0,-6904.424077232678
27638.0,-6904.405547062556
27639.0,-6904.387016892433
27640.0,-6904.36848672231
27641.0,-6904.349956552188
27642.0,-6904.331426382065
27643.0,-6904.312896211942
27644.0,-6904.29436604182
27645.0,-6904.2758358716965
27646.0,-6904.257305701573
27647.0,-6904.238775531451
27648.0,-6904.220245361328
27649.0,-6904.20765003562
27650.0,-6904.195054709911
27651.0,-6904.182459384203
27652.0,-6904.169864058495
27653.0,-6904.157268732786
27654.0,-6904.144673407078
27655.0,-6904.132078081369
27656.0,-6904.119482755661
27657.0,-6904.106887429953
27658.0,-6904.094292104244
27659.0,-6904.081696778536
27660.0,-6904.069101452827
27661.0,-6904.056506127119
27662.0,-6904.043910801411
27663.0,-6904.031315475702
27664.0,-6904.018720149994
27665.0,-6904.0061248242855
27666.0,-6903.993529498577
27667.0,-6903.980934172869
27668.0,-6903.96833884716
27669.0,-6903.955743521452
27670.0,-6903.943148195744
27671.0,-6903.930552870035
27672.0,-6903.917957544327
27673.0,-6903.905362218618
27674.0,-6903.89276689291
27675.0,-6903.880171567202
27676.0,-6903.867576241493
27677.0,-6903.854980915785
27678.0,-6903.842385590076
27679.0,-6903.829790264368
27680.0,-6903.81719493866
27681.0,-6903.804599612951
27682.0,-6903.792004287243
27683.0,-6903.7794089615345
27684.0,-6903.766813635826
27685.0,-6903.754218310118
27686.0,-6903.741622984409
27687.0,-6903.729027658701
27688.0,-6903.716432332993
27689.0,-6903.703837007284
27690.0,-6903.691241681576
27691.0,-6903.678646355867
27692.0,-6903.666051030159
27693.0,-6903.653455704451
27694.0,-6903.640860378742
27695.0,-6903.628265053034
27696.0,-6903.615669727325
27697.0,-6903.603074401617
27698.0,-6903.590479075909
27699.0,-6903.5778837502
27700.0,-6903.565288424492
27701.0,-6903.5526930987835
27702.0,-6903.540097773075
27703.0,-6903.527502447367
27704.0,-6903.514907121658
27705.0,-6903.50231179595
27706.0,-6903.489716470242
27707.0,-6903.477121144533
27708.0,-6903.464525818825
27709.0,-6903.451930493116
27710.0,-6903.439335167408
27711.0,-6903.4267398417
27712.0,-6903.414144515991
27713.0,-6903.401549190283
27714.0,-6903.388953864574
27715.0,-6903.376358538866
27716.0,-6903.363763213158
27717.0,-6903.351167887449
27718.0,-6903.338572561741
27719.0,-6903.3259772360325
27720.0,-6903.313381910324
27721.0,-6903.300786584616
27722.0,-6903.288191258907
27723.0,-6903.275595933199
27724.0,-6903.2630006074905
27725.0,-6903.250405281782
27726.0,-6903.237809956074
27727.0,-6903.225214630365
27728.0,-6903.212619304657
27729.0,-6903.200023978949
27730.0,-6903.18742865324
27731.0,-6903.174833327532
27732.0,-6903.162238001823
27733.0,-6903.149642676115
27734.0,-6903.137047350407
27735.0,-6903.124452024698
27736.0,-6903.11185669899
27737.0,-6903.0992613732815
27738.0,-6903.086666047573
27739.0,-6903.074070721865
27740.0,-6903.061475396156
27741.0,-6903.048880070448
27742.0,-6903.0362847447395
27743.0,-6903.023689419031
27744.0,-6903.011094093323
27745.0,-6902.998498767614
27746.0,-6902.985903441906
27747.0,-6902.973308116198
27748.0,-6902.960712790489
27749.0,-6902.948117464781
27750.0,-6902.935522139072
27751.0,-6902.922926813364
27752.0,-6902.910331487656
27753.0,-6902.897736161947
27754.0,-6902.885140836239
27755.0,-6902.8725455105305
27756.0,-6902.859950184822
27757.0,-6902.847354859114
27758.0,-6902.834759533405
27759.0,-6902.822164207697
27760.0,-6902.8095688819885
27761.0,-6902.79697355628
27762.0,-6902.784378230572
27763.0,-6902.771782904863
27764.0,-6902.759187579155
27765.0,-6902.746592253447
27766.0,-6902.733996927738
27767.0,-6902.72140160203
27768.0,-6902.708806276321
27769.0,-6902.696210950613
27770.0,-6902.683615624905
27771.0,-6902.671020299196
27772.0,-6902.658424973488
27773.0,-6902.6458296477795
27774.0,-6902.633234322071
27775.0,-6902.620638996363
27776.0,-6902.608043670654
27777.0,-6902.595448344946
27778.0,-6902.5828530192375
27779.0,-6902.570257693529
27780.0,-6902.557662367821
27781.0,-6902.545067042112
27782.0,-6902.532471716404
27783.0,-6902.519876390696
27784.0,-6902.507281064987
27785.0,-6902.494685739279
27786.0,-6902.48209041357
27787.0,-6902.469495087862
27788.0,-6902.456899762154
27789.0,-6902.444304436445
27790.0,-6902.431709110737
27791.0,-6902.4191137850285
27792.0,-6902.40651845932
27793.0,-6902.393923133612
27794.0,-6902.381327807903
27795.0,-6902.368732482195
27796.0,-6902.3561371564865
27797.0,-6902.343541830778
27798.0,-6902.33094650507
27799.0,-6902.318351179361
27800.0,-6902.305755853653
27801.0,-6902.293160527945
27802.0,-6902.280565202236
27803.0,-6902.267969876528
27804.0,-6902.255374550819
27805.0,-6902.242779225111
27806.0,-6902.230183899403
27807.0,-6902.217588573694
27808.0,-6902.204993247986
27809.0,-6902.192397922277
27810.0,-6902.179802596569
27811.0,-6902.167207270861
27812.0,-6902.154611945152
27813.0,-6902.142016619444
27814.0,-6902.1294212937355
27815.0,-6902.116825968027
27816.0,-6902.104230642319
27817.0,-6902.09163531661
27818.0,-6902.079039990902
27819.0,-6902.066444665194
27820.0,-6902.053849339485
27821.0,-6902.041254013777
27822.0,-6902.028658688068
27823.0,-6902.01606336236
27824.0,-6902.003468036652
27825.0,-6901.990872710943
27826.0,-6901.978277385235
27827.0,-6901.965682059526
27828.0,-6901.953086733818
27829.0,-6901.94049140811
27830.0,-6901.927896082401
27831.0,-6901.915300756693
27832.0,-6901.9027054309845
27833.0,-6901.890110105276
27834.0,-6901.877514779568
27835.0,-6901.864919453859
27836.0,-6901.852324128151
27837.0,-6901.839728802443
27838.0,-6901.827133476734
27839.0,-6901.814538151026
27840.0,-6901.801942825317
27841.0,-6901.789347499609
27842.0,-6901.776752173901
27843.0,-6901.764156848192
27844.0,-6901.751561522484
27845.0,-6901.738966196775
27846.0,-6901.726370871067
27847.0,-6901.713775545359
27848.0,-6901.70118021965
27849.0,-6901.688584893942
27850.0,-6901.6759895682335
27851.0,-6901.663394242525
27852.0,-6901.650798916817
27853.0,-6901.638203591108
27854.0,-6901.6256082654
27855.0,-6901.6130129396915
27856.0,-6901.600417613983
27857.0,-6901.587822288275
27858.0,-6901.575226962566
27859.0,-6901.562631636858
27860.0,-6901.55003631115
27861.0,-6901.537440985441
27862.0,-6901.524845659733
27863.0,-6901.512250334024
27864.0,-6901.499655008316
27865.0,-6901.487059682608
27866.0,-6901.474464356899
27867.0,-6901.461869031191
27868.0,-6901.4492737054825
27869.0,-6901.436678379774
27870.0,-6901.424083054066
27871.0,-6901.411487728357
27872.0,-6901.398892402649
27873.0,-6901.3862970769405
27874.0,-6901.373701751232
27875.0,-6901.361106425524
27876.0,-6901.348511099815
27877.0,-6901.335915774107
27878.0,-6901.323320448399
27879.0,-6901.31072512269
27880.0,-6901.298129796982
27881.0,-6901.285534471273
27882.0,-6901.272939145565
27883.0,-6901.260343819857
27884.0,-6901.247748494148
27885.0,-6901.23515316844
27886.0,-6901.2225578427315
27887.0,-6901.209962517023
27888.0,-6901.197367191315
27889.0,-6901.184771865606
27890.0,-6901.172176539898
27891.0,-6901.1595812141895
27892.0,-6901.146985888481
27893.0,-6901.134390562773
27894.0,-6901.121795237064
27895.0,-6901.109199911356
27896.0,-6901.096604585648
27897.0,-6901.084009259939
27898.0,-6901.071413934231
27899.0,-6901.058818608522
27900.0,-6901.046223282814
27901.0,-6901.033627957106
27902.0,-6901.021032631397
27903.0,-6901.008437305689
27904.0,-6900.9958419799805
27905.0,-6900.983246654272
27906.0,-6900.970651328564
27907.0,-6900.958056002855
27908.0,-6900.945460677147
27909.0,-6900.9328653514385
27910.0,-6900.92027002573
27911.0,-6900.907674700022
27912.0,-6900.895079374313
27913.0,-6900.882484048605
27914.0,-6900.869888722897
27915.0,-6900.857293397188
27916.0,-6900.84469807148
27917.0,-6900.832102745771
27918.0,-6900.819507420063
27919.0,-6900.806912094355
27920.0,-6900.794316768646
27921.0,-6900.781721442938
27922.0,-6900.7691261172295
27923.0,-6900.756530791521
27924.0,-6900.743935465813
27925.0,-6900.731340140104
27926.0,-6900.718744814396
27927.0,-6900.7061494886875
27928.0,-6900.693554162979
27929.0,-6900.680958837271
27930.0,-6900.668363511562
27931.0,-6900.655768185854
27932.0,-6900.643172860146
27933.0,-6900.630577534437
27934.0,-6900.617982208729
27935.0,-6900.60538688302
27936.0,-6900.592791557312
27937.0,-6900.580196231604
27938.0,-6900.567600905895
27939.0,-6900.555005580187
27940.0,-6900.542410254478
27941.0,-6900.52981492877
27942.0,-6900.517219603062
27943.0,-6900.504624277353
27944.0,-6900.492028951645
27945.0,-6900.4794336259365
27946.0,-6900.466838300228
27947.0,-6900.45424297452
27948.0,-6900.441647648811
27949.0,-6900.429052323103
27950.0,-6900.416456997395
27951.0,-6900.403861671686
27952.0,-6900.391266345978
27953.0,-6900.378671020269
27954.0,-6900.366075694561
27955.0,-6900.353480368853
27956.0,-6900.340885043144
27957.0,-6900.328289717436
27958.0,-6900.315694391727
27959.0,-6900.303099066019
27960.0,-6900.290503740311
27961.0,-6900.277908414602
27962.0,-6900.265313088894
27963.0,-6900.2527177631855
27964.0,-6900.240122437477
27965.0,-6900.227527111769
27966.0,-6900.21493178606
27967.0,-6900.202336460352
27968.0,-6900.189741134644
27969.0,-6900.177145808935
27970.0,-6900.164550483227
27971.0,-6900.151955157518
27972.0,-6900.13935983181
27973.0,-6900.126764506102
27974.0,-6900.114169180393
27975.0,-6900.101573854685
27976.0,-6900.088978528976
27977.0,-6900.076383203268
27978.0,-6900.06378787756
27979.0,-6900.051192551851
27980.0,-6900.038597226143
27981.0,-6900.0260019004345
27982.0,-6900.013406574726
27983.0,-6900.000811249018
27984.0,-6899.988215923309
27985.0,-6899.975620597601
27986.0,-6899.963025271893
27987.0,-6899.950429946184
27988.0,-6899.937834620476
27989.0,-6899.925239294767
27990.0,-6899.912643969059
27991.0,-6899.900048643351
27992.0,-6899.887453317642
27993.0,-6899.874857991934
27994.0,-6899.862262666225
27995.0,-6899.849667340517
27996.0,-6899.837072014809
27997.0,-6899.8244766891
27998.0,-6899.811881363392
27999.0,-6899.7992860376835
28000.0,-6899.786690711975
28001.0,-6899.774095386267
28002.0,-6899.761500060558
28003.0,-6899.74890473485
28004.0,-6899.7363094091415
28005.0,-6899.723714083433
28006.0,-6899.711118757725
28007.0,-6899.698523432016
28008.0,-6899.685928106308
28009.0,-6899.6733327806
28010.0,-6899.660737454891
28011.0,-6899.648142129183
28012.0,-6899.635546803474
28013.0,-6899.622951477766
28014.0,-6899.610356152058
28015.0,-6899.597760826349
28016.0,-6899.585165500641
28017.0,-6899.5725701749325
28018.0,-6899.559974849224
28019.0,-6899.547379523516
28020.0,-6899.534784197807
28021.0,-6899.522188872099
28022.0,-6899.5095935463905
28023.0,-6899.496998220682
28024.0,-6899.484402894974
28025.0,-6899.471807569265
28026.0,-6899.459212243557
28027.0,-6899.446616917849
28028.0,-6899.43402159214
28029.0,-6899.421426266432
28030.0,-6899.408830940723
28031.0,-6899.396235615015
28032.0,-6899.383640289307
28033.0,-6899.371044963598
28034.0,-6899.35844963789
28035.0,-6899.3458543121815
28036.0,-6899.333258986473
28037.0,-6899.320663660765
28038.0,-6899.308068335056
28039.0,-6899.295473009348
28040.0,-6899.2828776836395
28041.0,-6899.270282357931
28042.0,-6899.257687032223
28043.0,-6899.245091706514
28044.0,-6899.232496380806
28045.0,-6899.219901055098
28046.0,-6899.207305729389
28047.0,-6899.194710403681
28048.0,-6899.182115077972
28049.0,-6899.169519752264
28050.0,-6899.156924426556
28051.0,-6899.144329100847
28052.0,-6899.131733775139
28053.0,-6899.1191384494305
28054.0,-6899.106543123722
28055.0,-6899.093947798014
28056.0,-6899.081352472305
28057.0,-6899.068757146597
28058.0,-6899.0561618208885
28059.0,-6899.04356649518
28060.0,-6899.030971169472
28061.0,-6899.018375843763
28062.0,-6899.005780518055
28063.0,-6898.993185192347
28064.0,-6898.980589866638
28065.0,-6898.96799454093
28066.0,-6898.955399215221
28067.0,-6898.942803889513
28068.0,-6898.930208563805
28069.0,-6898.917613238096
28070.0,-6898.905017912388
28071.0,-6898.8924225866795
28072.0,-6898.879827260971
28073.0,-6898.867231935263
28074.0,-6898.854636609554
28075.0,-6898.842041283846
28076.0,-6898.8294459581375
28077.0,-6898.816850632429
28078.0,-6898.804255306721
28079.0,-6898.791659981012
28080.0,-6898.779064655304
28081.0,-6898.766469329596
28082.0,-6898.753874003887
28083.0,-6898.741278678179
28084.0,-6898.72868335247
28085.0,-6898.716088026762
28086.0,-6898.703492701054
28087.0,-6898.690897375345
28088.0,-6898.678302049637
28089.0,-6898.665706723928
28090.0,-6898.65311139822
28091.0,-6898.640516072512
28092.0,-6898.627920746803
28093.0,-6898.615325421095
28094.0,-6898.6027300953865
28095.0,-6898.590134769678
28096.0,-6898.57753944397
28097.0,-6898.564944118261
28098.0,-6898.552348792553
28099.0,-6898.539753466845
28100.0,-6898.527158141136
28101.0,-6898.514562815428
28102.0,-6898.501967489719
28103.0,-6898.489372164011
28104.0,-6898.476776838303
28105.0,-6898.464181512594
28106.0,-6898.451586186886
28107.0,-6898.438990861177
28108.0,-6898.426395535469
28109.0,-6898.413800209761
28110.0,-6898.401204884052
28111.0,-6898.388609558344
28112.0,-6898.3760142326355
28113.0,-6898.363418906927
28114.0,-6898.350823581219
28115.0,-6898.33822825551
28116.0,-6898.325632929802
28117.0,-6898.313037604094
28118.0,-6898.300442278385
28119.0,-6898.287846952677
28120.0,-6898.275251626968
28121.0,-6898.26265630126
28122.0,-6898.250060975552
28123.0,-6898.237465649843
28124.0,-6898.224870324135
28125.0,-6898.212274998426
28126.0,-6898.199679672718
28127.0,-6898.18708434701
28128.0,-6898.174489021301
28129.0,-6898.161893695593
28130.0,-6898.1492983698845
28131.0,-6898.136703044176
28132.0,-6898.124107718468
28133.0,-6898.111512392759
28134.0,-6898.098917067051
28135.0,-6898.0863217413425
28136.0,-6898.073726415634
28137.0,-6898.061131089926
28138.0,-6898.048535764217
28139.0,-6898.035940438509
28140.0,-6898.023345112801
28141.0,-6898.010749787092
28142.0,-6897.998154461384
28143.0,-6897.985559135675
28144.0,-6897.972963809967
28145.0,-6897.960368484259
28146.0,-6897.94777315855
28147.0,-6897.935177832842
28148.0,-6897.9225825071335
28149.0,-6897.909987181425
28150.0,-6897.897391855717
28151.0,-6897.884796530008
28152.0,-6897.8722012043
28153.0,-6897.8596058785915
28154.0,-6897.847010552883
28155.0,-6897.834415227175
28156.0,-6897.821819901466
28157.0,-6897.809224575758
28158.0,-6897.79662925005
28159.0,-6897.784033924341
28160.0,-6897.771438598633
28161.0,-6897.758843272924
28162.0,-6897.746247947216
28163.0,-6897.733652621508
28164.0,-6897.721057295799
28165.0,-6897.708461970091
28166.0,-6897.6958666443825
28167.0,-6897.683271318674
28168.0,-6897.670675992966
28169.0,-6897.658080667257
28170.0,-6897.645485341549
28171.0,-6897.6328900158405
28172.0,-6897.620294690132
28173.0,-6897.607699364424
28174.0,-6897.595104038715
28175.0,-6897.582508713007
28176.0,-6897.569913387299
28177.0,-6897.55731806159
28178.0,-6897.544722735882
28179.0,-6897.532127410173
28180.0,-6897.519532084465
28181.0,-6897.506936758757
28182.0,-6897.494341433048
28183.0,-6897.48174610734
28184.0,-6897.4691507816315
28185.0,-6897.456555455923
28186.0,-6897.443960130215
28187.0,-6897.431364804506
28188.0,-6897.418769478798
28189.0,-6897.4061741530895
28190.0,-6897.393578827381
28191.0,-6897.380983501673
28192.0,-6897.368388175964
28193.0,-6897.355792850256
28194.0,-6897.343197524548
28195.0,-6897.330602198839
28196.0,-6897.318006873131
28197.0,-6897.305411547422
28198.0,-6897.292816221714
28199.0,-6897.280220896006
28200.0,-6897.267625570297
28201.0,-6897.255030244589
28202.0,-6897.2424349188805
28203.0,-6897.229839593172
28204.0,-6897.217244267464
28205.0,-6897.204648941755
28206.0,-6897.192053616047
28207.0,-6897.1794582903385
28208.0,-6897.16686296463
28209.0,-6897.154267638922
28210.0,-6897.141672313213
28211.0,-6897.129076987505
28212.0,-6897.116481661797
28213.0,-6897.103886336088
28214.0,-6897.09129101038
28215.0,-6897.078695684671
28216.0,-6897.066100358963
28217.0,-6897.053505033255
28218.0,-6897.040909707546
28219.0,-6897.028314381838
28220.0,-6897.0157190561295
28221.0,-6897.003123730421
28222.0,-6896.990528404713
28223.0,-6896.977933079004
28224.0,-6896.965337753296
28225.0,-6896.9527424275875
28226.0,-6896.940147101879
28227.0,-6896.927551776171
28228.0,-6896.914956450462
28229.0,-6896.902361124754
28230.0,-6896.889765799046
28231.0,-6896.877170473337
28232.0,-6896.864575147629
28233.0,-6896.85197982192
28234.0,-6896.839384496212
28235.0,-6896.826789170504
28236.0,-6896.814193844795
28237.0,-6896.801598519087
28238.0,-6896.789003193378
28239.0,-6896.77640786767
28240.0,-6896.763812541962
28241.0,-6896.751217216253
28242.0,-6896.738621890545
28243.0,-6896.7260265648365
28244.0,-6896.713431239128
28245.0,-6896.70083591342
28246.0,-6896.688240587711
28247.0,-6896.675645262003
28248.0,-6896.663049936295
28249.0,-6896.650454610586
28250.0,-6896.637859284878
28251.0,-6896.625263959169
28252.0,-6896.612668633461
28253.0,-6896.600073307753
28254.0,-6896.587477982044
28255.0,-6896.574882656336
28256.0,-6896.562287330627
28257.0,-6896.549692004919
28258.0,-6896.537096679211
28259.0,-6896.524501353502
28260.0,-6896.511906027794
28261.0,-6896.4993107020855
28262.0,-6896.486715376377
28263.0,-6896.474120050669
28264.0,-6896.46152472496
28265.0,-6896.448929399252
28266.0,-6896.436334073544
28267.0,-6896.423738747835
28268.0,-6896.411143422127
28269.0,-6896.398548096418
28270.0,-6896.38595277071
28271.0,-6896.373357445002
28272.0,-6896.360762119293
28273.0,-6896.348166793585
28274.0,-6896.335571467876
28275.0,-6896.322976142168
28276.0,-6896.31038081646
28277.0,-6896.297785490751
28278.0,-6896.285190165043
28279.0,-6896.2725948393345
28280.0,-6896.259999513626
28281.0,-6896.247404187918
28282.0,-6896.234808862209
28283.0,-6896.222213536501
28284.0,-6896.2096182107925
28285.0,-6896.197022885084
28286.0,-6896.184427559376
28287.0,-6896.171832233667
28288.0,-6896.159236907959
28289.0,-6896.146641582251
28290.0,-6896.134046256542
28291.0,-6896.121450930834
28292.0,-6896.108855605125
28293.0,-6896.096260279417
28294.0,-6896.083664953709
28295.0,-6896.071069628
28296.0,-6896.058474302292
28297.0,-6896.0458789765835
28298.0,-6896.033283650875
28299.0,-6896.020688325167
28300.0,-6896.008092999458
28301.0,-6895.99549767375
28302.0,-6895.9829023480415
28303.0,-6895.970307022333
28304.0,-6895.957711696625
28305.0,-6895.945116370916
28306.0,-6895.932521045208
28307.0,-6895.9199257195
28308.0,-6895.907330393791
28309.0,-6895.894735068083
28310.0,-6895.882139742374
28311.0,-6895.869544416666
28312.0,-6895.856949090958
28313.0,-6895.844353765249
28314.0,-6895.831758439541
28315.0,-6895.8191631138325
28316.0,-6895.806567788124
28317.0,-6895.793972462416
28318.0,-6895.781377136707
28319.0,-6895.768781810999
28320.0,-6895.7561864852905
28321.0,-6895.743591159582
28322.0,-6895.730995833874
28323.0,-6895.718400508165
28324.0,-6895.705805182457
28325.0,-6895.693209856749
28326.0,-6895.68061453104
28327.0,-6895.668019205332
28328.0,-6895.655423879623
28329.0,-6895.642828553915
28330.0,-6895.630233228207
28331.0,-6895.617637902498
28332.0,-6895.60504257679
28333.0,-6895.5924472510815
28334.0,-6895.579851925373
28335.0,-6895.567256599665
28336.0,-6895.554661273956
28337.0,-6895.542065948248
28338.0,-6895.5294706225395
28339.0,-6895.516875296831
28340.0,-6895.504279971123
28341.0,-6895.491684645414
28342.0,-6895.479089319706
28343.0,-6895.466493993998
28344.0,-6895.453898668289
28345.0,-6895.441303342581
28346.0,-6895.428708016872
28347.0,-6895.416112691164
28348.0,-6895.403517365456
28349.0,-6895.390922039747
28350.0,-6895.378326714039
28351.0,-6895.3657313883305
28352.0,-6895.353136062622
28353.0,-6895.340540736914
28354.0,-6895.327945411205
28355.0,-6895.315350085497
28356.0,-6895.3027547597885
28357.0,-6895.29015943408
28358.0,-6895.277564108372
28359.0,-6895.264968782663
28360.0,-6895.252373456955
28361.0,-6895.239778131247
28362.0,-6895.227182805538
28363.0,-6895.21458747983
28364.0,-6895.201992154121
28365.0,-6895.189396828413
28366.0,-6895.176801502705
28367.0,-6895.164206176996
28368.0,-6895.151610851288
28369.0,-6895.139015525579
28370.0,-6895.126420199871
28371.0,-6895.113824874163
28372.0,-6895.101229548454
28373.0,-6895.088634222746
28374.0,-6895.0760388970375
28375.0,-6895.063443571329
28376.0,-6895.050848245621
28377.0,-6895.038252919912
28378.0,-6895.025657594204
28379.0,-6895.013062268496
28380.0,-6895.000466942787
28381.0,-6894.987871617079
28382.0,-6894.97527629137
28383.0,-6894.962680965662
28384.0,-6894.950085639954
28385.0,-6894.937490314245
28386.0,-6894.924894988537
28387.0,-6894.912299662828
28388.0,-6894.89970433712
28389.0,-6894.887109011412
28390.0,-6894.874513685703
28391.0,-6894.861918359995
28392.0,-6894.8493230342865
28393.0,-6894.836727708578
28394.0,-6894.82413238287
28395.0,-6894.811537057161
28396.0,-6894.798941731453
28397.0,-6894.786346405745
28398.0,-6894.773751080036
28399.0,-6894.761155754328
28400.0,-6894.748560428619
28401.0,-6894.735965102911
28402.0,-6894.723369777203
28403.0,-6894.710774451494
28404.0,-6894.698179125786
28405.0,-6894.685583800077
28406.0,-6894.672988474369
28407.0,-6894.660393148661
28408.0,-6894.647797822952
28409.0,-6894.635202497244
28410.0,-6894.6226071715355
28411.0,-6894.610011845827
28412.0,-6894.597416520119
28413.0,-6894.58482119441
28414.0,-6894.572225868702
28415.0,-6894.559630542994
28416.0,-6894.547035217285
28417.0,-6894.534439891577
28418.0,-6894.521844565868
28419.0,-6894.50924924016
28420.0,-6894.496653914452
28421.0,-6894.484058588743
28422.0,-6894.471463263035
28423.0,-6894.458867937326
28424.0,-6894.446272611618
28425.0,-6894.43367728591
28426.0,-6894.421081960201
28427.0,-6894.408486634493
28428.0,-6894.3958913087845
28429.0,-6894.383295983076
28430.0,-6894.370700657368
28431.0,-6894.358105331659
28432.0,-6894.345510005951
28433.0,-6894.3329146802425
28434.0,-6894.320319354534
28435.0,-6894.307724028826
28436.0,-6894.295128703117
28437.0,-6894.282533377409
28438.0,-6894.269938051701
28439.0,-6894.257342725992
28440.0,-6894.244747400284
28441.0,-6894.232152074575
28442.0,-6894.219556748867
28443.0,-6894.206961423159
28444.0,-6894.19436609745
28445.0,-6894.181770771742
28446.0,-6894.1691754460335
28447.0,-6894.156580120325
28448.0,-6894.143984794617
28449.0,-6894.131389468908
28450.0,-6894.1187941432
28451.0,-6894.1061988174915
28452.0,-6894.093603491783
28453.0,-6894.081008166075
28454.0,-6894.068412840366
28455.0,-6894.055817514658
28456.0,-6894.04322218895
28457.0,-6894.030626863241
28458.0,-6894.018031537533
28459.0,-6894.005436211824
28460.0,-6893.992840886116
28461.0,-6893.980245560408
28462.0,-6893.967650234699
28463.0,-6893.955054908991
28464.0,-6893.9424595832825
28465.0,-6893.929864257574
28466.0,-6893.917268931866
28467.0,-6893.904673606157
28468.0,-6893.892078280449
28469.0,-6893.8794829547405
28470.0,-6893.866887629032
28471.0,-6893.854292303324
28472.0,-6893.841696977615
28473.0,-6893.829101651907
28474.0,-6893.816506326199
28475.0,-6893.80391100049
28476.0,-6893.791315674782
28477.0,-6893.778720349073
28478.0,-6893.766125023365
28479.0,-6893.753529697657
28480.0,-6893.740934371948
28481.0,-6893.72833904624
28482.0,-6893.7157437205315
28483.0,-6893.703148394823
28484.0,-6893.690553069115
28485.0,-6893.677957743406
28486.0,-6893.665362417698
28487.0,-6893.6527670919895
28488.0,-6893.640171766281
28489.0,-6893.627576440573
28490.0,-6893.614981114864
28491.0,-6893.602385789156
28492.0,-6893.589790463448
28493.0,-6893.577195137739
28494.0,-6893.564599812031
28495.0,-6893.552004486322
28496.0,-6893.539409160614
28497.0,-6893.526813834906
28498.0,-6893.514218509197
28499.0,-6893.501623183489
28500.0,-6893.4890278577805
28501.0,-6893.476432532072
28502.0,-6893.463837206364
28503.0,-6893.451241880655
28504.0,-6893.438646554947
28505.0,-6893.4260512292385
28506.0,-6893.41345590353
28507.0,-6893.400860577822
28508.0,-6893.388265252113
28509.0,-6893.375669926405
28510.0,-6893.363074600697
28511.0,-6893.350479274988
28512.0,-6893.33788394928
28513.0,-6893.325288623571
28514.0,-6893.312693297863
28515.0,-6893.300097972155
28516.0,-6893.287502646446
28517.0,-6893.274907320738
28518.0,-6893.262311995029
28519.0,-6893.249716669321
28520.0,-6893.237121343613
28521.0,-6893.224526017904
28522.0,-6893.211930692196
28523.0,-6893.1993353664875
28524.0,-6893.186740040779
28525.0,-6893.174144715071
28526.0,-6893.161549389362
28527.0,-6893.148954063654
28528.0,-6893.136358737946
28529.0,-6893.123763412237
28530.0,-6893.111168086529
28531.0,-6893.09857276082
28532.0,-6893.085977435112
28533.0,-6893.073382109404
28534.0,-6893.060786783695
28535.0,-6893.048191457987
28536.0,-6893.035596132278
28537.0,-6893.02300080657
28538.0,-6893.010405480862
28539.0,-6892.997810155153
28540.0,-6892.985214829445
28541.0,-6892.9726195037365
28542.0,-6892.960024178028
28543.0,-6892.94742885232
28544.0,-6892.934833526611
28545.0,-6892.922238200903
28546.0,-6892.909642875195
28547.0,-6892.897047549486
28548.0,-6892.884452223778
28549.0,-6892.871856898069
28550.0,-6892.859261572361
28551.0,-6892.846666246653
28552.0,-6892.834070920944
28553.0,-6892.821475595236
28554.0,-6892.808880269527
28555.0,-6892.796284943819
28556.0,-6892.783689618111
28557.0,-6892.771094292402
28558.0,-6892.758498966694
28559.0,-6892.7459036409855
28560.0,-6892.733308315277
28561.0,-6892.720712989569
28562.0,-6892.70811766386
28563.0,-6892.695522338152
28564.0,-6892.6829270124435
28565.0,-6892.670331686735
28566.0,-6892.657736361027
28567.0,-6892.645141035318
28568.0,-6892.63254570961
28569.0,-6892.619950383902
28570.0,-6892.607355058193
28571.0,-6892.594759732485
28572.0,-6892.582164406776
28573.0,-6892.569569081068
28574.0,-6892.55697375536
28575.0,-6892.544378429651
28576.0,-6892.531783103943
28577.0,-6892.5191877782345
28578.0,-6892.506592452526
28579.0,-6892.493997126818
28580.0,-6892.481401801109
28581.0,-6892.468806475401
28582.0,-6892.4562111496925
28583.0,-6892.443615823984
28584.0,-6892.431020498276
28585.0,-6892.418425172567
28586.0,-6892.405829846859
28587.0,-6892.393234521151
28588.0,-6892.380639195442
28589.0,-6892.368043869734
28590.0,-6892.355448544025
28591.0,-6892.342853218317
28592.0,-6892.330257892609
28593.0,-6892.3176625669
28594.0,-6892.305067241192
28595.0,-6892.2924719154835
28596.0,-6892.279876589775
28597.0,-6892.267281264067
28598.0,-6892.254685938358
28599.0,-6892.24209061265
28600.0,-6892.2294952869415
28601.0,-6892.216899961233
28602.0,-6892.204304635525
28603.0,-6892.191709309816
28604.0,-6892.179113984108
28605.0,-6892.1665186584
28606.0,-6892.153923332691
28607.0,-6892.141328006983
28608.0,-6892.128732681274
28609.0,-6892.116137355566
28610.0,-6892.103542029858
28611.0,-6892.090946704149
28612.0,-6892.078351378441
28613.0,-6892.0657560527325
28614.0,-6892.053160727024
28615.0,-6892.040565401316
28616.0,-6892.027970075607
28617.0,-6892.015374749899
28618.0,-6892.0027794241905
28619.0,-6891.990184098482
28620.0,-6891.977588772774
28621.0,-6891.964993447065
28622.0,-6891.952398121357
28623.0,-6891.939802795649
28624.0,-6891.92720746994
28625.0,-6891.914612144232
28626.0,-6891.902016818523
28627.0,-6891.889421492815
28628.0,-6891.876826167107
28629.0,-6891.864230841398
28630.0,-6891.85163551569
28631.0,-6891.8390401899815
28632.0,-6891.826444864273
28633.0,-6891.813849538565
28634.0,-6891.801254212856
28635.0,-6891.788658887148
28636.0,-6891.7760635614395
28637.0,-6891.763468235731
28638.0,-6891.750872910023
28639.0,-6891.738277584314
28640.0,-6891.725682258606
28641.0,-6891.713086932898
28642.0,-6891.700491607189
28643.0,-6891.687896281481
28644.0,-6891.675300955772
28645.0,-6891.662705630064
28646.0,-6891.650110304356
28647.0,-6891.637514978647
28648.0,-6891.624919652939
28649.0,-6891.61232432723
28650.0,-6891.599729001522
28651.0,-6891.587133675814
28652.0,-6891.574538350105
28653.0,-6891.561943024397
28654.0,-6891.5493476986885
28655.0,-6891.53675237298
28656.0,-6891.524157047272
28657.0,-6891.511561721563
28658.0,-6891.498966395855
28659.0,-6891.486371070147
28660.0,-6891.473775744438
28661.0,-6891.46118041873
28662.0,-6891.448585093021
28663.0,-6891.435989767313
28664.0,-6891.423394441605
28665.0,-6891.410799115896
28666.0,-6891.398203790188
28667.0,-6891.385608464479
28668.0,-6891.373013138771
28669.0,-6891.360417813063
28670.0,-6891.347822487354
28671.0,-6891.335227161646
28672.0,-6891.3226318359375
28673.0,-6891.291122977932
28674.0,-6891.259614119927
28675.0,-6891.228105261922
28676.0,-6891.196596403916
28677.0,-6891.165087545912
28678.0,-6891.133578687906
28679.0,-6891.102069829901
28680.0,-6891.070560971896
28681.0,-6891.039052113891
28682.0,-6891.007543255885
28683.0,-6890.9760343978805
28684.0,-6890.944525539875
28685.0,-6890.9130166818695
28686.0,-6890.881507823865
28687.0,-6890.849998965859
28688.0,-6890.818490107854
28689.0,-6890.786981249849
28690.0,-6890.755472391844
28691.0,-6890.723963533838
28692.0,-6890.692454675834
28693.0,-6890.660945817828
28694.0,-6890.629436959823
28695.0,-6890.597928101818
28696.0,-6890.566419243813
28697.0,-6890.534910385807
28698.0,-6890.503401527802
28699.0,-6890.471892669797
28700.0,-6890.440383811791
28701.0,-6890.408874953787
28702.0,-6890.377366095781
28703.0,-6890.345857237776
28704.0,-6890.314348379771
28705.0,-6890.282839521766
28706.0,-6890.25133066376
28707.0,-6890.219821805756
28708.0,-6890.18831294775
28709.0,-6890.156804089745
28710.0,-6890.12529523174
28711.0,-6890.0937863737345
28712.0,-6890.062277515729
28713.0,-6890.030768657724
28714.0,-6889.999259799719
28715.0,-6889.967750941713
28716.0,-6889.936242083709
28717.0,-6889.904733225703
28718.0,-6889.873224367698
28719.0,-6889.841715509693
28720.0,-6889.810206651688
28721.0,-6889.778697793682
28722.0,-6889.7471889356775
28723.0,-6889.715680077672
28724.0,-6889.6841712196665
28725.0,-6889.652662361662
28726.0,-6889.621153503656
28727.0,-6889.589644645651
28728.0,-6889.558135787646
28729.0,-6889.526626929641
28730.0,-6889.495118071635
28731.0,-6889.463609213631
28732.0,-6889.432100355625
28733.0,-6889.40059149762
28734.0,-6889.369082639615
28735.0,-6889.3375737816095
28736.0,-6889.306064923604
28737.0,-6889.274556065599
28738.0,-6889.243047207594
28739.0,-6889.211538349588
28740.0,-6889.180029491584
28741.0,-6889.148520633578
28742.0,-6889.117011775573
28743.0,-6889.085502917568
28744.0,-6889.053994059563
28745.0,-6889.022485201557
28746.0,-6888.990976343553
28747.0,-6888.959467485547
28748.0,-6888.927958627542
28749.0,-6888.896449769537
28750.0,-6888.864940911531
28751.0,-6888.833432053526
28752.0,-6888.801923195521
28753.0,-6888.770414337516
28754.0,-6888.73890547951
28755.0,-6888.707396621506
28756.0,-6888.6758877635
28757.0,-6888.644378905495
28758.0,-6888.61287004749
28759.0,-6888.581361189485
28760.0,-6888.549852331479
28761.0,-6888.5183434734745
28762.0,-6888.486834615469
28763.0,-6888.4553257574635
28764.0,-6888.423816899459
28765.0,-6888.392308041453
28766.0,-6888.360799183448
28767.0,-6888.329290325443
28768.0,-6888.297781467438
28769.0,-6888.266272609432
28770.0,-6888.234763751428
28771.0,-6888.203254893422
28772.0,-6888.171746035417
28773.0,-6888.140237177412
28774.0,-6888.1087283194065
28775.0,-6888.077219461401
28776.0,-6888.045710603396
28777.0,-6888.014201745391
28778.0,-6887.982692887385
28779.0,-6887.951184029381
28780.0,-6887.919675171375
28781.0,-6887.88816631337
28782.0,-6887.856657455365
28783.0,-6887.82514859736
28784.0,-6887.793639739354
28785.0,-6887.76213088135
28786.0,-6887.730622023344
28787.0,-6887.6991131653385
28788.0,-6887.667604307334
28789.0,-6887.636095449328
28790.0,-6887.604586591323
28791.0,-6887.573077733318
28792.0,-6887.541568875313
28793.0,-6887.510060017307
28794.0,-6887.478551159303
28795.0,-6887.447042301297
28796.0,-6887.415533443292
28797.0,-6887.384024585287
28798.0,-6887.352515727282
28799.0,-6887.321006869276
28800.0,-6887.2894980112715
28801.0,-6887.257989153266
28802.0,-6887.22648029526
28803.0,-6887.194971437256
28804.0,-6887.16346257925
28805.0,-6887.131953721245
28806.0,-6887.10044486324
28807.0,-6887.068936005235
28808.0,-6887.037427147229
28809.0,-6887.005918289225
28810.0,-6886.974409431219
28811.0,-6886.942900573214
28812.0,-6886.911391715209
28813.0,-6886.8798828572035
28814.0,-6886.848373999198
28815.0,-6886.816865141193
28816.0,-6886.785356283188
28817.0,-6886.753847425182
28818.0,-6886.722338567178
28819.0,-6886.690829709172
28820.0,-6886.659320851167
28821.0,-6886.627811993162
28822.0,-6886.596303135157
28823.0,-6886.564794277151
28824.0,-6886.5332854191465
28825.0,-6886.501776561141
28826.0,-6886.4702677031355
28827.0,-6886.438758845131
28828.0,-6886.407249987125
28829.0,-6886.37574112912
28830.0,-6886.344232271115
28831.0,-6886.31272341311
28832.0,-6886.281214555104
28833.0,-6886.2497056971
28834.0,-6886.218196839094
28835.0,-6886.186687981089
28836.0,-6886.155179123084
28837.0,-6886.1236702650785
28838.0,-6886.092161407073
28839.0,-6886.060652549068
28840.0,-6886.029143691063
28841.0,-6885.997634833057
28842.0,-6885.966125975053
28843.0,-6885.934617117047
28844.0,-6885.903108259042
28845.0,-6885.871599401037
28846.0,-6885.840090543032
28847.0,-6885.808581685026
28848.0,-6885.777072827022
28849.0,-6885.745563969016
28850.0,-6885.714055111011
28851.0,-6885.682546253006
28852.0,-6885.6510373950005
28853.0,-6885.619528536995
28854.0,-6885.58801967899
28855.0,-6885.556510820985
28856.0,-6885.525001962979
28857.0,-6885.493493104975
28858.0,-6885.461984246969
28859.0,-6885.430475388964
28860.0,-6885.398966530959
28861.0,-6885.367457672954
28862.0,-6885.335948814948
28863.0,-6885.3044399569435
28864.0,-6885.272931098938
28865.0,-6885.2414222409325
28866.0,-6885.209913382928
28867.0,-6885.178404524922
28868.0,-6885.146895666917
28869.0,-6885.115386808912
28870.0,-6885.083877950907
28871.0,-6885.052369092901
28872.0,-6885.020860234897
28873.0,-6884.989351376891
28874.0,-6884.957842518886
28875.0,-6884.926333660881
28876.0,-6884.8948248028755
28877.0,-6884.86331594487
28878.0,-6884.831807086865
28879.0,-6884.80029822886
28880.0,-6884.768789370854
28881.0,-6884.73728051285
28882.0,-6884.705771654844
28883.0,-6884.674262796839
28884.0,-6884.642753938834
28885.0,-6884.611245080829
28886.0,-6884.579736222823
28887.0,-6884.548227364819
28888.0,-6884.516718506813
28889.0,-6884.4852096488075
28890.0,-6884.453700790803
28891.0,-6884.422191932797
28892.0,-6884.390683074792
28893.0,-6884.359174216787
28894.0,-6884.327665358782
28895.0,-6884.296156500776
28896.0,-6884.264647642772
28897.0,-6884.233138784766
28898.0,-6884.201629926761
28899.0,-6884.170121068756
28900.0,-6884.138612210751
28901.0,-6884.107103352745
28902.0,-6884.0755944947405
28903.0,-6884.044085636735
28904.0,-6884.012576778729
28905.0,-6883.981067920725
28906.0,-6883.949559062719
28907.0,-6883.918050204714
28908.0,-6883.886541346709
28909.0,-6883.855032488704
28910.0,-6883.823523630698
28911.0,-6883.792014772694
28912.0,-6883.760505914688
28913.0,-6883.728997056683
28914.0,-6883.697488198678
28915.0,-6883.6659793406725
28916.0,-6883.634470482667
28917.0,-6883.602961624662
28918.0,-6883.571452766657
28919.0,-6883.539943908651
28920.0,-6883.508435050647
28921.0,-6883.476926192641
28922.0,-6883.445417334636
28923.0,-6883.413908476631
28924.0,-6883.382399618626
28925.0,-6883.35089076062
28926.0,-6883.3193819026155
28927.0,-6883.28787304461
28928.0,-6883.2563641866045
28929.0,-6883.2248553286
28930.0,-6883.193346470594
28931.0,-6883.161837612589
28932.0,-6883.130328754584
28933.0,-6883.098819896579
28934.0,-6883.067311038573
28935.0,-6883.035802180569
28936.0,-6883.004293322563
28937.0,-6882.972784464558
28938.0,-6882.941275606553
28939.0,-6882.909766748548
28940.0,-6882.878257890542
28941.0,-6882.846749032537
28942.0,-6882.815240174532
28943.0,-6882.783731316526
28944.0,-6882.752222458522
28945.0,-6882.720713600516
28946.0,-6882.689204742511
28947.0,-6882.657695884506
28948.0,-6882.626187026501
28949.0,-6882.594678168495
28950.0,-6882.563169310491
28951.0,-6882.531660452485
28952.0,-6882.50015159448
28953.0,-6882.468642736475
28954.0,-6882.4371338784695
28955.0,-6882.405625020464
28956.0,-6882.374116162459
28957.0,-6882.342607304454
28958.0,-6882.311098446448
28959.0,-6882.279589588444
28960.0,-6882.248080730438
28961.0,-6882.216571872433
28962.0,-6882.185063014428
28963.0,-6882.153554156423
28964.0,-6882.122045298417
28965.0,-6882.0905364404125
28966.0,-6882.059027582407
28967.0,-6882.0275187244015
28968.0,-6881.996009866397
28969.0,-6881.964501008391
28970.0,-6881.932992150386
28971.0,-6881.901483292381
28972.0,-6881.869974434376
28973.0,-6881.83846557637
28974.0,-6881.806956718366
28975.0,-6881.77544786036
28976.0,-6881.743939002355
28977.0,-6881.71243014435
28978.0,-6881.6809212863445
28979.0,-6881.649412428339
28980.0,-6881.617903570334
28981.0,-6881.586394712329
28982.0,-6881.554885854323
28983.0,-6881.523376996319
28984.0,-6881.491868138313
28985.0,-6881.460359280308
28986.0,-6881.428850422303
28987.0,-6881.397341564298
28988.0,-6881.365832706292
28989.0,-6881.334323848288
28990.0,-6881.302814990282
28991.0,-6881.271306132277
28992.0,-6881.239797274272
28993.0,-6881.208288416266
28994.0,-6881.176779558261
28995.0,-6881.145270700256
28996.0,-6881.113761842251
28997.0,-6881.082252984245
28998.0,-6881.050744126241
28999.0,-6881.019235268235
29000.0,-6880.98772641023
29001.0,-6880.956217552225
29002.0,-6880.92470869422
29003.0,-6880.893199836214
29004.0,-6880.8616909782095
29005.0,-6880.830182120204
29006.0,-6880.7986732621985
29007.0,-6880.767164404194
29008.0,-6880.735655546188
29009.0,-6880.704146688183
29010.0,-6880.672637830178
29011.0,-6880.641128972173
29012.0,-6880.609620114167
29013.0,-6880.578111256163
29014.0,-6880.546602398157
29015.0,-6880.515093540152
29016.0,-6880.483584682147
29017.0,-6880.4520758241415
29018.0,-6880.420566966136
29019.0,-6880.389058108131
29020.0,-6880.357549250126
29021.0,-6880.32604039212
29022.0,-6880.294531534116
29023.0,-6880.26302267611
29024.0,-6880.231513818105
29025.0,-6880.2000049601
29026.0,-6880.168496102095
29027.0,-6880.136987244089
29028.0,-6880.1054783860845
29029.0,-6880.073969528079
29030.0,-6880.0424606700735
29031.0,-6880.010951812069
29032.0,-6879.979442954063
29033.0,-6879.947934096058
29034.0,-6879.916425238053
29035.0,-6879.884916380048
29036.0,-6879.853407522042
29037.0,-6879.821898664038
29038.0,-6879.790389806032
29039.0,-6879.758880948027
29040.0,-6879.727372090022
29041.0,-6879.695863232017
29042.0,-6879.664354374011
29043.0,-6879.6328455160065
29044.0,-6879.601336658001
29045.0,-6879.569827799995
29046.0,-6879.538318941991
29047.0,-6879.506810083985
29048.0,-6879.47530122598
29049.0,-6879.443792367975
29050.0,-6879.41228350997
29051.0,-6879.380774651964
29052.0,-6879.34926579396
29053.0,-6879.317756935954
29054.0,-6879.286248077949
29055.0,-6879.254739219944
29056.0,-6879.2232303619385
29057.0,-6879.191721503933
29058.0,-6879.160212645928
29059.0,-6879.128703787923
29060.0,-6879.097194929917
29061.0,-6879.065686071913
29062.0,-6879.034177213907
29063.0,-6879.002668355902
29064.0,-6878.971159497897
29065.0,-6878.939650639892
29066.0,-6878.908141781886
29067.0,-6878.8766329238815
29068.0,-6878.845124065876
29069.0,-6878.8136152078705
29070.0,-6878.782106349866
29071.0,-6878.75059749186
29072.0,-6878.719088633855
29073.0,-6878.68757977585
29074.0,-6878.656070917845
29075.0,-6878.624562059839
29076.0,-6878.593053201835
29077.0,-6878.561544343829
29078.0,-6878.530035485824
29079.0,-6878.498526627819
29080.0,-6878.4670177698135
29081.0,-6878.435508911808
29082.0,-6878.404000053803
29083.0,-6878.372491195798
29084.0,-6878.340982337792
29085.0,-6878.309473479788
29086.0,-6878.277964621782
29087.0,-6878.246455763777
29088.0,-6878.214946905772
29089.0,-6878.183438047767
29090.0,-6878.151929189761
29091.0,-6878.120420331757
29092.0,-6878.088911473751
29093.0,-6878.057402615746
29094.0,-6878.025893757741
29095.0,-6877.994384899735
29096.0,-6877.96287604173
29097.0,-6877.931367183725
29098.0,-6877.89985832572
29099.0,-6877.868349467714
29100.0,-6877.83684060971
29101.0,-6877.805331751704
29102.0,-6877.773822893699
29103.0,-6877.742314035694
29104.0,-6877.710805177689
29105.0,-6877.679296319683
29106.0,-6877.6477874616785
29107.0,-6877.616278603673
29108.0,-6877.5847697456675
29109.0,-6877.553260887663
29110.0,-6877.521752029657
29111.0,-6877.490243171652
29112.0,-6877.458734313647
29113.0,-6877.427225455642
29114.0,-6877.395716597636
29115.0,-6877.364207739632
29116.0,-6877.332698881626
29117.0,-6877.301190023621
29118.0,-6877.269681165616
29119.0,-6877.2381723076105
29120.0,-6877.206663449605
29121.0,-6877.1751545916
29122.0,-6877.143645733595
29123.0,-6877.112136875589
29124.0,-6877.080628017585
29125.0,-6877.049119159579
29126.0,-6877.017610301574
29127.0,-6876.986101443569
29128.0,-6876.954592585564
29129.0,-6876.923083727558
29130.0,-6876.891574869554
29131.0,-6876.860066011548
29132.0,-6876.8285571535425
29133.0,-6876.797048295538
29134.0,-6876.765539437532
29135.0,-6876.734030579527
29136.0,-6876.702521721522
29137.0,-6876.671012863517
29138.0,-6876.639504005511
29139.0,-6876.607995147507
29140.0,-6876.576486289501
29141.0,-6876.544977431496
29142.0,-6876.513468573491
29143.0,-6876.481959715486
29144.0,-6876.45045085748
29145.0,-6876.4189419994755
29146.0,-6876.38743314147
29147.0,-6876.355924283464
29148.0,-6876.32441542546
29149.0,-6876.292906567454
29150.0,-6876.261397709449
29151.0,-6876.229888851444
29152.0,-6876.198379993439
29153.0,-6876.166871135433
29154.0,-6876.135362277429
29155.0,-6876.103853419423
29156.0,-6876.072344561418
29157.0,-6876.040835703413
29158.0,-6876.0093268454075
29159.0,-6875.977817987402
29160.0,-6875.946309129397
29161.0,-6875.914800271392
29162.0,-6875.883291413386
29163.0,-6875.851782555382
29164.0,-6875.820273697376
29165.0,-6875.788764839371
29166.0,-6875.757255981366
29167.0,-6875.725747123361
29168.0,-6875.694238265355
29169.0,-6875.6627294073505
29170.0,-6875.631220549345
29171.0,-6875.5997116913395
29172.0,-6875.568202833335
29173.0,-6875.536693975329
29174.0,-6875.505185117324
29175.0,-6875.473676259319
29176.0,-6875.442167401314
29177.0,-6875.410658543308
29178.0,-6875.379149685304
29179.0,-6875.347640827298
29180.0,-6875.316131969293
29181.0,-6875.284623111288
29182.0,-6875.253114253283
29183.0,-6875.221605395277
29184.0,-6875.190096537272
29185.0,-6875.158587679267
29186.0,-6875.127078821261
29187.0,-6875.095569963257
29188.0,-6875.064061105251
29189.0,-6875.032552247246
29190.0,-6875.001043389241
29191.0,-6874.969534531236
29192.0,-6874.93802567323
29193.0,-6874.906516815226
29194.0,-6874.87500795722
29195.0,-6874.843499099215
29196.0,-6874.81199024121
29197.0,-6874.7804813832045
29198.0,-6874.748972525199
29199.0,-6874.717463667194
29200.0,-6874.685954809189
29201.0,-6874.654445951183
29202.0,-6874.622937093179
29203.0,-6874.591428235173
29204.0,-6874.559919377168
29205.0,-6874.528410519163
29206.0,-6874.496901661158
29207.0,-6874.465392803152
29208.0,-6874.4338839451475
29209.0,-6874.402375087142
29210.0,-6874.3708662291365
29211.0,-6874.339357371132
29212.0,-6874.307848513126
29213.0,-6874.276339655121
29214.0,-6874.244830797116
29215.0,-6874.213321939111
29216.0,-6874.181813081105
29217.0,-6874.150304223101
29218.0,-6874.118795365095
29219.0,-6874.08728650709
29220.0,-6874.055777649085
29221.0,-6874.0242687910795
29222.0,-6873.992759933074
29223.0,-6873.961251075069
29224.0,-6873.929742217064
29225.0,-6873.898233359058
29226.0,-6873.866724501054
29227.0,-6873.835215643048
29228.0,-6873.803706785043
29229.0,-6873.772197927038
29230.0,-6873.740689069033
29231.0,-6873.709180211027
29232.0,-6873.677671353023
29233.0,-6873.646162495017
29234.0,-6873.6146536370115
29235.0,-6873.583144779007
29236.0,-6873.551635921001
29237.0,-6873.520127062996
29238.0,-6873.488618204991
29239.0,-6873.457109346986
29240.0,-6873.42560048898
29241.0,-6873.394091630976
29242.0,-6873.36258277297
29243.0,-6873.331073914965
29244.0,-6873.29956505696
29245.0,-6873.268056198955
29246.0,-6873.236547340949
29247.0,-6873.2050384829445
29248.0,-6873.173529624939
29249.0,-6873.1420207669335
29250.0,-6873.110511908929
29251.0,-6873.079003050923
29252.0,-6873.047494192918
29253.0,-6873.015985334913
29254.0,-6872.984476476908
29255.0,-6872.952967618902
29256.0,-6872.921458760898
29257.0,-6872.889949902892
29258.0,-6872.858441044887
29259.0,-6872.826932186882
29260.0,-6872.7954233288765
29261.0,-6872.763914470871
29262.0,-6872.732405612866
29263.0,-6872.700896754861
29264.0,-6872.669387896855
29265.0,-6872.637879038851
29266.0,-6872.606370180845
29267.0,-6872.57486132284
29268.0,-6872.543352464835
29269.0,-6872.51184360683
29270.0,-6872.480334748824
29271.0,-6872.4488258908195
29272.0,-6872.417317032814
29273.0,-6872.3858081748085
29274.0,-6872.354299316804
29275.0,-6872.322790458798
29276.0,-6872.291281600793
29277.0,-6872.259772742788
29278.0,-6872.228263884783
29279.0,-6872.196755026777
29280.0,-6872.165246168773
29281.0,-6872.133737310767
29282.0,-6872.102228452762
29283.0,-6872.070719594757
29284.0,-6872.039210736752
29285.0,-6872.007701878746
29286.0,-6871.976193020741
29287.0,-6871.944684162736
29288.0,-6871.91317530473
29289.0,-6871.881666446726
29290.0,-6871.85015758872
29291.0,-6871.818648730715
29292.0,-6871.78713987271
29293.0,-6871.755631014705
29294.0,-6871.724122156699
29295.0,-6871.692613298695
29296.0,-6871.661104440689
29297.0,-6871.629595582684
29298.0,-6871.598086724679
29299.0,-6871.5665778666735
29300.0,-6871.535069008668
29301.0,-6871.503560150663
29302.0,-6871.472051292658
29303.0,-6871.440542434652
29304.0,-6871.409033576648
29305.0,-6871.377524718642
29306.0,-6871.346015860637
29307.0,-6871.314507002632
29308.0,-6871.282998144627
29309.0,-6871.251489286621
29310.0,-6871.2199804286165
29311.0,-6871.188471570611
29312.0,-6871.1569627126055
29313.0,-6871.125453854601
29314.0,-6871.093944996595
29315.0,-6871.06243613859
29316.0,-6871.030927280585
29317.0,-6870.99941842258
29318.0,-6870.967909564574
29319.0,-6870.93640070657
29320.0,-6870.904891848564
29321.0,-6870.873382990559
29322.0,-6870.841874132554
29323.0,-6870.8103652745485
29324.0,-6870.778856416543
29325.0,-6870.747347558538
29326.0,-6870.715838700533
29327.0,-6870.684329842527
29328.0,-6870.652820984523
29329.0,-6870.621312126517
29330.0,-6870.589803268512
29331.0,-6870.558294410507
29332.0,-6870.526785552502
29333.0,-6870.495276694496
29334.0,-6870.463767836492
29335.0,-6870.432258978486
29336.0,-6870.400750120481
29337.0,-6870.369241262476
29338.0,-6870.33773240447
29339.0,-6870.306223546465
29340.0,-6870.27471468846
29341.0,-6870.243205830455
29342.0,-6870.211696972449
29343.0,-6870.180188114445
29344.0,-6870.148679256439
29345.0,-6870.117170398434
29346.0,-6870.085661540429
29347.0,-6870.054152682424
29348.0,-6870.022643824418
29349.0,-6869.9911349664135
29350.0,-6869.959626108408
29351.0,-6869.9281172504025
29352.0,-6869.896608392398
29353.0,-6869.865099534392
29354.0,-6869.833590676387
29355.0,-6869.802081818382
29356.0,-6869.770572960377
29357.0,-6869.739064102371
29358.0,-6869.707555244367
29359.0,-6869.676046386361
29360.0,-6869.644537528356
29361.0,-6869.613028670351
29362.0,-6869.5815198123455
29363.0,-6869.55001095434
29364.0,-6869.518502096335
29365.0,-6869.48699323833
29366.0,-6869.455484380324
29367.0,-6869.42397552232
29368.0,-6869.392466664314
29369.0,-6869.360957806309
29370.0,-6869.329448948304
29371.0,-6869.297940090299
29372.0,-6869.266431232293
29373.0,-6869.2349223742885
29374.0,-6869.203413516283
29375.0,-6869.1719046582775
29376.0,-6869.140395800273
29377.0,-6869.108886942267
29378.0,-6869.077378084262
29379.0,-6869.045869226257
29380.0,-6869.014360368252
29381.0,-6868.982851510246
29382.0,-6868.951342652242
29383.0,-6868.919833794236
29384.0,-6868.888324936231
29385.0,-6868.856816078226
29386.0,-6868.825307220221
29387.0,-6868.793798362215
29388.0,-6868.7622895042105
29389.0,-6868.730780646205
29390.0,-6868.699271788199
29391.0,-6868.667762930195
29392.0,-6868.636254072189
29393.0,-6868.604745214184
29394.0,-6868.573236356179
29395.0,-6868.541727498174
29396.0,-6868.510218640168
29397.0,-6868.478709782164
29398.0,-6868.447200924158
29399.0,-6868.415692066153
29400.0,-6868.384183208148
29401.0,-6868.3526743501425
29402.0,-6868.321165492137
29403.0,-6868.289656634132
29404.0,-6868.258147776127
29405.0,-6868.226638918121
29406.0,-6868.195130060117
29407.0,-6868.163621202111
29408.0,-6868.132112344106
29409.0,-6868.100603486101
29410.0,-6868.069094628096
29411.0,-6868.03758577009
29412.0,-6868.0060769120855
29413.0,-6867.97456805408
29414.0,-6867.9430591960745
29415.0,-6867.91155033807
29416.0,-6867.880041480064
29417.0,-6867.848532622059
29418.0,-6867.817023764054
29419.0,-6867.785514906049
29420.0,-6867.754006048043
29421.0,-6867.722497190039
29422.0,-6867.690988332033
29423.0,-6867.659479474028
29424.0,-6867.627970616023
29425.0,-6867.5964617580175
29426.0,-6867.564952900012
29427.0,-6867.533444042007
29428.0,-6867.501935184002
29429.0,-6867.470426325996
29430.0,-6867.438917467992
29431.0,-6867.407408609986
29432.0,-6867.375899751981
29433.0,-6867.344390893976
29434.0,-6867.312882035971
29435.0,-6867.281373177965
29436.0,-6867.249864319961
29437.0,-6867.218355461955
29438.0,-6867.18684660395
29439.0,-6867.155337745945
29440.0,-6867.123828887939
29441.0,-6867.092320029934
29442.0,-6867.060811171929
29443.0,-6867.029302313924
29444.0,-6866.997793455918
29445.0,-6866.966284597914
29446.0,-6866.934775739908
29447.0,-6866.903266881903
29448.0,-6866.871758023898
29449.0,-6866.840249165893
29450.0,-6866.808740307887
29451.0,-6866.7772314498825
29452.0,-6866.745722591877
29453.0,-6866.7142137338715
29454.0,-6866.682704875867
29455.0,-6866.651196017861
29456.0,-6866.619687159856
29457.0,-6866.588178301851
29458.0,-6866.556669443846
29459.0,-6866.52516058584
29460.0,-6866.493651727836
29461.0,-6866.46214286983
29462.0,-6866.430634011825
29463.0,-6866.39912515382
29464.0,-6866.3676162958145
29465.0,-6866.336107437809
29466.0,-6866.304598579804
29467.0,-6866.273089721799
29468.0,-6866.241580863793
29469.0,-6866.210072005789
29470.0,-6866.178563147783
29471.0,-6866.147054289778
29472.0,-6866.115545431773
29473.0,-6866.084036573768
29474.0,-6866.052527715762
29475.0,-6866.021018857758
29476.0,-6865.989509999752
29477.0,-6865.9580011417465
29478.0,-6865.926492283742
29479.0,-6865.894983425736
29480.0,-6865.863474567731
29481.0,-6865.831965709726
29482.0,-6865.800456851721
29483.0,-6865.768947993715
29484.0,-6865.737439135711
29485.0,-6865.705930277705
29486.0,-6865.6744214197
29487.0,-6865.642912561695
29488.0,-6865.61140370369
29489.0,-6865.579894845684
29490.0,-6865.5483859876795
29491.0,-6865.516877129674
29492.0,-6865.485368271668
29493.0,-6865.453859413664
29494.0,-6865.422350555658
29495.0,-6865.390841697653
29496.0,-6865.359332839648
29497.0,-6865.327823981643
29498.0,-6865.296315123637
29499.0,-6865.264806265633
29500.0,-6865.233297407627
29501.0,-6865.201788549622
29502.0,-6865.170279691617
29503.0,-6865.1387708336115
29504.0,-6865.107261975606
29505.0,-6865.075753117601
29506.0,-6865.044244259596
29507.0,-6865.01273540159
29508.0,-6864.981226543586
29509.0,-6864.94971768558
29510.0,-6864.918208827575
29511.0,-6864.88669996957
29512.0,-6864.855191111565
29513.0,-6864.823682253559
29514.0,-6864.7921733955545
29515.0,-6864.760664537549
29516.0,-6864.7291556795435
29517.0,-6864.697646821539
29518.0,-6864.666137963533
29519.0,-6864.634629105528
29520.0,-6864.603120247523
29521.0,-6864.571611389518
29522.0,-6864.540102531512
29523.0,-6864.508593673508
29524.0,-6864.477084815502
29525.0,-6864.445575957497
29526.0,-6864.414067099492
29527.0,-6864.382558241487
29528.0,-6864.351049383481
29529.0,-6864.319540525476
29530.0,-6864.288031667471
29531.0,-6864.256522809465
29532.0,-6864.225013951461
29533.0,-6864.193505093455
29534.0,-6864.16199623545
29535.0,-6864.130487377445
29536.0,-6864.09897851944
29537.0,-6864.067469661434
29538.0,-6864.03596080343
29539.0,-6864.004451945424
29540.0,-6863.972943087419
29541.0,-6863.941434229414
29542.0,-6863.9099253714085
29543.0,-6863.878416513403
29544.0,-6863.846907655398
29545.0,-6863.815398797393
29546.0,-6863.783889939387
29547.0,-6863.752381081383
29548.0,-6863.720872223377
29549.0,-6863.689363365372
29550.0,-6863.657854507367
29551.0,-6863.626345649362
29552.0,-6863.594836791356
29553.0,-6863.5633279333515
29554.0,-6863.531819075346
29555.0,-6863.5003102173405
29556.0,-6863.468801359336
29557.0,-6863.43729250133
29558.0,-6863.405783643325
29559.0,-6863.37427478532
29560.0,-6863.342765927315
29561.0,-6863.311257069309
29562.0,-6863.279748211305
29563.0,-6863.248239353299
29564.0,-6863.216730495294
29565.0,-6863.185221637289
29566.0,-6863.1537127792835
29567.0,-6863.122203921278
29568.0,-6863.090695063273
29569.0,-6863.059186205268
29570.0,-6863.027677347262
29571.0,-6862.996168489258
29572.0,-6862.964659631252
29573.0,-6862.933150773247
29574.0,-6862.901641915242
29575.0,-6862.870133057237
29576.0,-6862.838624199231
29577.0,-6862.807115341227
29578.0,-6862.775606483221
29579.0,-6862.7440976252155
29580.0,-6862.712588767211
29581.0,-6862.681079909205
29582.0,-6862.6495710512
29583.0,-6862.618062193195
29584.0,-6862.58655333519
29585.0,-6862.555044477184
29586.0,-6862.52353561918
29587.0,-6862.492026761174
29588.0,-6862.460517903169
29589.0,-6862.429009045164
29590.0,-6862.397500187159
29591.0,-6862.365991329153
29592.0,-6862.3344824711485
29593.0,-6862.302973613143
29594.0,-6862.2714647551375
29595.0,-6862.239955897133
29596.0,-6862.208447039127
29597.0,-6862.176938181122
29598.0,-6862.145429323117
29599.0,-6862.113920465112
29600.0,-6862.082411607106
29601.0,-6862.050902749102
29602.0,-6862.019393891096
29603.0,-6861.987885033091
29604.0,-6861.956376175086
29605.0,-6861.9248673170805
29606.0,-6861.893358459075
29607.0,-6861.86184960107
29608.0,-6861.830340743065
29609.0,-6861.798831885059
29610.0,-6861.767323027055
29611.0,-6861.735814169049
29612.0,-6861.704305311044
29613.0,-6861.672796453039
29614.0,-6861.641287595034
29615.0,-6861.609778737028
29616.0,-6861.5782698790235
29617.0,-6861.546761021018
29618.0,-6861.5152521630125
29619.0,-6861.483743305008
29620.0,-6861.452234447002
29621.0,-6861.420725588997
29622.0,-6861.389216730992
29623.0,-6861.357707872987
29624.0,-6861.326199014981
29625.0,-6861.294690156977
29626.0,-6861.263181298971
29627.0,-6861.231672440966
29628.0,-6861.200163582961
29629.0,-6861.168654724956
29630.0,-6861.13714586695
29631.0,-6861.105637008945
29632.0,-6861.07412815094
29633.0,-6861.042619292934
29634.0,-6861.01111043493
29635.0,-6860.979601576924
29636.0,-6860.948092718919
29637.0,-6860.916583860914
29638.0,-6860.885075002909
29639.0,-6860.853566144903
29640.0,-6860.822057286899
29641.0,-6860.790548428893
29642.0,-6860.759039570888
29643.0,-6860.727530712883
29644.0,-6860.6960218548775
29645.0,-6860.664512996872
29646.0,-6860.633004138867
29647.0,-6860.601495280862
29648.0,-6860.569986422856
29649.0,-6860.538477564852
29650.0,-6860.506968706846
29651.0,-6860.475459848841
29652.0,-6860.443950990836
29653.0,-6860.412442132831
29654.0,-6860.380933274825
29655.0,-6860.3494244168205
29656.0,-6860.317915558815
29657.0,-6860.2864067008095
29658.0,-6860.254897842805
29659.0,-6860.223388984799
29660.0,-6860.191880126794
29661.0,-6860.160371268789
29662.0,-6860.128862410784
29663.0,-6860.097353552778
29664.0,-6860.065844694774
29665.0,-6860.034335836768
29666.0,-6860.002826978763
29667.0,-6859.971318120758
29668.0,-6859.9398092627525
29669.0,-6859.908300404747
29670.0,-6859.876791546742
29671.0,-6859.845282688737
29672.0,-6859.813773830731
29673.0,-6859.782264972727
29674.0,-6859.750756114721
29675.0,-6859.719247256716
29676.0,-6859.687738398711
29677.0,-6859.656229540706
29678.0,-6859.6247206827
29679.0,-6859.593211824696
29680.0,-6859.56170296669
29681.0,-6859.530194108685
29682.0,-6859.49868525068
29683.0,-6859.467176392674
29684.0,-6859.435667534669
29685.0,-6859.404158676664
29686.0,-6859.372649818659
29687.0,-6859.341140960653
29688.0,-6859.309632102649
29689.0,-6859.278123244643
29690.0,-6859.246614386638
29691.0,-6859.215105528633
29692.0,-6859.183596670628
29693.0,-6859.152087812622
29694.0,-6859.1205789546175
29695.0,-6859.089070096612
29696.0,-6859.0575612386065
29697.0,-6859.095676864187
29698.0,-6859.133792489767
29699.0,-6859.171908115347
29700.0,-6859.210023740928
29701.0,-6859.2481393665075
29702.0,-6859.286254992087
29703.0,-6859.324370617668
29704.0,-6859.362486243248
29705.0,-6859.400601868828
29706.0,-6859.438717494409
29707.0,-6859.476833119988
29708.0,-6859.514948745568
29709.0,-6859.553064371149
29710.0,-6859.591179996729
29711.0,-6859.629295622309
29712.0,-6859.6674112478895
29713.0,-6859.705526873469
29714.0,-6859.743642499049
29715.0,-6859.78175812463
29716.0,-6859.81987375021
29717.0,-6859.85798937579
29718.0,-6859.89610500137
29719.0,-6859.93422062695
29720.0,-6859.97233625253
29721.0,-6860.010451878111
29722.0,-6860.048567503691
29723.0,-6860.086683129271
29724.0,-6860.124798754851
29725.0,-6860.162914380431
29726.0,-6860.201030006011
29727.0,-6860.239145631592
29728.0,-6860.277261257172
29729.0,-6860.3153768827515
29730.0,-6860.353492508332
29731.0,-6860.391608133912
29732.0,-6860.429723759492
29733.0,-6860.467839385073
29734.0,-6860.5059550106525
29735.0,-6860.544070636232
29736.0,-6860.582186261813
29737.0,-6860.620301887393
29738.0,-6860.658417512973
29739.0,-6860.696533138554
29740.0,-6860.734648764133
29741.0,-6860.772764389713
29742.0,-6860.810880015294
29743.0,-6860.848995640874
29744.0,-6860.887111266454
29745.0,-6860.9252268920345
29746.0,-6860.963342517614
29747.0,-6861.001458143194
29748.0,-6861.039573768775
29749.0,-6861.077689394355
29750.0,-6861.115805019935
29751.0,-6861.153920645515
29752.0,-6861.192036271095
29753.0,-6861.230151896675
29754.0,-6861.268267522256
29755.0,-6861.306383147836
29756.0,-6861.344498773416
29757.0,-6861.382614398996
29758.0,-6861.420730024576
29759.0,-6861.458845650156
29760.0,-6861.496961275737
29761.0,-6861.535076901317
29762.0,-6861.5731925268965
29763.0,-6861.611308152477
29764.0,-6861.649423778057
29765.0,-6861.687539403637
29766.0,-6861.725655029218
29767.0,-6861.763770654798
29768.0,-6861.801886280377
29769.0,-6861.840001905958
29770.0,-6861.878117531538
29771.0,-6861.916233157118
29772.0,-6861.954348782699
29773.0,-6861.9924644082785
29774.0,-6862.030580033858
29775.0,-6862.068695659439
29776.0,-6862.106811285019
29777.0,-6862.144926910599
29778.0,-6862.1830425361795
29779.0,-6862.221158161759
29780.0,-6862.259273787339
29781.0,-6862.29738941292
29782.0,-6862.3355050385
29783.0,-6862.37362066408
29784.0,-6862.41173628966
29785.0,-6862.44985191524
29786.0,-6862.48796754082
29787.0,-6862.526083166401
29788.0,-6862.564198791981
29789.0,-6862.602314417561
29790.0,-6862.640430043141
29791.0,-6862.678545668721
29792.0,-6862.716661294301
29793.0,-6862.754776919882
29794.0,-6862.792892545462
29795.0,-6862.8310081710415
29796.0,-6862.869123796622
29797.0,-6862.907239422202
29798.0,-6862.945355047782
29799.0,-6862.983470673363
29800.0,-6863.021586298943
29801.0,-6863.059701924522
29802.0,-6863.097817550103
29803.0,-6863.135933175683
29804.0,-6863.174048801263
29805.0,-6863.212164426844
29806.0,-6863.2502800524235
29807.0,-6863.288395678003
29808.0,-6863.326511303584
29809.0,-6863.364626929164
29810.0,-6863.402742554744
29811.0,-6863.4408581803245
29812.0,-6863.478973805904
29813.0,-6863.517089431484
29814.0,-6863.555205057065
29815.0,-6863.593320682645
29816.0,-6863.631436308225
29817.0,-6863.669551933805
29818.0,-6863.707667559385
29819.0,-6863.745783184965
29820.0,-6863.783898810546
29821.0,-6863.822014436126
29822.0,-6863.860130061706
29823.0,-6863.898245687286
29824.0,-6863.936361312866
29825.0,-6863.974476938446
29826.0,-6864.012592564027
29827.0,-6864.050708189607
29828.0,-6864.0888238151865
29829.0,-6864.126939440767
29830.0,-6864.165055066347
29831.0,-6864.203170691927
29832.0,-6864.241286317508
29833.0,-6864.279401943088
29834.0,-6864.317517568667
29835.0,-6864.355633194248
29836.0,-6864.393748819828
29837.0,-6864.431864445408
29838.0,-6864.469980070989
29839.0,-6864.5080956965685
29840.0,-6864.546211322148
29841.0,-6864.584326947729
29842.0,-6864.622442573309
29843.0,-6864.660558198889
29844.0,-6864.69867382447
29845.0,-6864.736789450049
29846.0,-6864.774905075629
29847.0,-6864.81302070121
29848.0,-6864.85113632679
29849.0,-6864.88925195237
29850.0,-6864.9273675779505
29851.0,-6864.96548320353
29852.0,-6865.00359882911
29853.0,-6865.041714454691
29854.0,-6865.079830080271
29855.0,-6865.117945705851
29856.0,-6865.156061331431
29857.0,-6865.194176957011
29858.0,-6865.232292582591
29859.0,-6865.270408208172
29860.0,-6865.308523833752
29861.0,-6865.3466394593315
29862.0,-6865.384755084912
29863.0,-6865.422870710492
29864.0,-6865.460986336072
29865.0,-6865.499101961653
29866.0,-6865.537217587233
29867.0,-6865.575333212812
29868.0,-6865.613448838393
29869.0,-6865.651564463973
29870.0,-6865.689680089553
29871.0,-6865.727795715134
29872.0,-6865.7659113407135
29873.0,-6865.804026966293
29874.0,-6865.842142591874
29875.0,-6865.880258217454
29876.0,-6865.918373843034
29877.0,-6865.956489468615
29878.0,-6865.994605094194
29879.0,-6866.032720719774
29880.0,-6866.070836345355
29881.0,-6866.108951970935
29882.0,-6866.147067596515
29883.0,-6866.1851832220955
29884.0,-6866.223298847675
29885.0,-6866.261414473255
29886.0,-6866.299530098836
29887.0,-6866.337645724416
29888.0,-6866.375761349996
29889.0,-6866.413876975576
29890.0,-6866.451992601156
29891.0,-6866.490108226736
29892.0,-6866.528223852317
29893.0,-6866.566339477897
29894.0,-6866.6044551034765
29895.0,-6866.642570729057
29896.0,-6866.680686354637
29897.0,-6866.718801980217
29898.0,-6866.756917605798
29899.0,-6866.795033231378
29900.0,-6866.833148856957
29901.0,-6866.871264482538
29902.0,-6866.909380108118
29903.0,-6866.947495733698
29904.0,-6866.985611359279
29905.0,-6867.0237269848585
29906.0,-6867.061842610438
29907.0,-6867.099958236019
29908.0,-6867.138073861599
29909.0,-6867.176189487179
29910.0,-6867.21430511276
29911.0,-6867.252420738339
29912.0,-6867.290536363919
29913.0,-6867.3286519895
29914.0,-6867.36676761508
29915.0,-6867.40488324066
29916.0,-6867.4429988662405
29917.0,-6867.48111449182
29918.0,-6867.5192301174
29919.0,-6867.557345742981
29920.0,-6867.595461368561
29921.0,-6867.633576994141
29922.0,-6867.671692619721
29923.0,-6867.709808245301
29924.0,-6867.747923870881
29925.0,-6867.786039496462
29926.0,-6867.824155122042
29927.0,-6867.862270747622
29928.0,-6867.900386373202
29929.0,-6867.938501998782
29930.0,-6867.976617624362
29931.0,-6868.014733249943
29932.0,-6868.052848875523
29933.0,-6868.0909645011025
29934.0,-6868.129080126683
29935.0,-6868.167195752263
29936.0,-6868.205311377843
29937.0,-6868.243427003424
29938.0,-6868.2815426290035
29939.0,-6868.319658254583
29940.0,-6868.357773880164
29941.0,-6868.395889505744
29942.0,-6868.434005131324
29943.0,-6868.472120756905
29944.0,-6868.510236382484
29945.0,-6868.548352008064
29946.0,-6868.586467633645
29947.0,-6868.624583259225
29948.0,-6868.662698884805
29949.0,-6868.7008145103855
29950.0,-6868.738930135965
29951.0,-6868.777045761545
29952.0,-6868.815161387126
29953.0,-6868.853277012706
29954.0,-6868.891392638286
29955.0,-6868.929508263866
29956.0,-6868.967623889446
29957.0,-6869.005739515026
29958.0,-6869.043855140607
29959.0,-6869.081970766187
29960.0,-6869.120086391767
29961.0,-6869.158202017347
29962.0,-6869.196317642927
29963.0,-6869.234433268507
29964.0,-6869.272548894088
29965.0,-6869.310664519668
29966.0,-6869.3487801452475
29967.0,-6869.386895770828
29968.0,-6869.425011396408
29969.0,-6869.463127021988
29970.0,-6869.501242647569
29971.0,-6869.5393582731485
29972.0,-6869.577473898728
29973.0,-6869.615589524309
29974.0,-6869.653705149889
29975.0,-6869.691820775469
29976.0,-6869.72993640105
29977.0,-6869.768052026629
29978.0,-6869.806167652209
29979.0,-6869.84428327779
29980.0,-6869.88239890337
29981.0,-6869.92051452895
29982.0,-6869.9586301545305
29983.0,-6869.99674578011
29984.0,-6870.03486140569
29985.0,-6870.072977031271
29986.0,-6870.111092656851
29987.0,-6870.149208282431
29988.0,-6870.187323908011
29989.0,-6870.225439533591
29990.0,-6870.263555159171
29991.0,-6870.301670784752
29992.0,-6870.339786410332
29993.0,-6870.377902035912
29994.0,-6870.416017661492
29995.0,-6870.454133287072
29996.0,-6870.492248912652
29997.0,-6870.530364538233
29998.0,-6870.568480163813
29999.0,-6870.6065957893925
30000.0,-6870.644711414973
30001.0,-6870.682827040553
30002.0,-6870.720942666133
30003.0,-6870.759058291714
30004.0,-6870.797173917294
30005.0,-6870.835289542873
30006.0,-6870.873405168454
30007.0,-6870.911520794034
30008.0,-6870.949636419614
30009.0,-6870.987752045195
30010.0,-6871.0258676707745
30011.0,-6871.063983296354
30012.0,-6871.102098921935
30013.0,-6871.140214547515
30014.0,-6871.178330173095
30015.0,-6871.2164457986755
30016.0,-6871.254561424255
30017.0,-6871.292677049835
30018.0,-6871.330792675416
30019.0,-6871.368908300996
30020.0,-6871.407023926576
30021.0,-6871.445139552156
30022.0,-6871.483255177736
30023.0,-6871.521370803316
30024.0,-6871.559486428897
30025.0,-6871.597602054477
30026.0,-6871.635717680057
30027.0,-6871.673833305637
30028.0,-6871.711948931217
30029.0,-6871.750064556797
30030.0,-6871.788180182378
30031.0,-6871.826295807958
30032.0,-6871.8644114335375
30033.0,-6871.902527059118
30034.0,-6871.940642684698
30035.0,-6871.978758310278
30036.0,-6872.016873935859
30037.0,-6872.054989561439
30038.0,-6872.093105187018
30039.0,-6872.131220812599
30040.0,-6872.169336438179
30041.0,-6872.207452063759
30042.0,-6872.24556768934
30043.0,-6872.2836833149195
30044.0,-6872.321798940499
30045.0,-6872.35991456608
30046.0,-6872.39803019166
30047.0,-6872.43614581724
30048.0,-6872.4742614428205
30049.0,-6872.5123770684
30050.0,-6872.55049269398
30051.0,-6872.588608319561
30052.0,-6872.626723945141
30053.0,-6872.664839570721
30054.0,-6872.702955196301
30055.0,-6872.741070821881
30056.0,-6872.779186447461
30057.0,-6872.817302073042
30058.0,-6872.855417698622
30059.0,-6872.893533324202
30060.0,-6872.931648949782
30061.0,-6872.969764575362
30062.0,-6873.007880200942
30063.0,-6873.045995826523
30064.0,-6873.084111452103
30065.0,-6873.1222270776825
30066.0,-6873.160342703263
30067.0,-6873.198458328843
30068.0,-6873.236573954423
30069.0,-6873.274689580004
30070.0,-6873.312805205584
30071.0,-6873.350920831163
30072.0,-6873.389036456744
30073.0,-6873.427152082324
30074.0,-6873.465267707904
30075.0,-6873.503383333485
30076.0,-6873.5414989590645
30077.0,-6873.579614584644
30078.0,-6873.617730210225
30079.0,-6873.655845835805
30080.0,-6873.693961461385
30081.0,-6873.732077086966
30082.0,-6873.770192712545
30083.0,-6873.808308338125
30084.0,-6873.846423963706
30085.0,-6873.884539589286
30086.0,-6873.922655214866
30087.0,-6873.9607708404465
30088.0,-6873.998886466026
30089.0,-6874.037002091606
30090.0,-6874.075117717187
30091.0,-6874.113233342767
30092.0,-6874.151348968347
30093.0,-6874.189464593927
30094.0,-6874.227580219507
30095.0,-6874.265695845087
30096.0,-6874.303811470668
30097.0,-6874.341927096248
30098.0,-6874.3800427218275
30099.0,-6874.418158347408
30100.0,-6874.456273972988
30101.0,-6874.494389598568
30102.0,-6874.532505224149
30103.0,-6874.570620849729
30104.0,-6874.608736475308
30105.0,-6874.646852100889
30106.0,-6874.684967726469
30107.0,-6874.723083352049
30108.0,-6874.76119897763
30109.0,-6874.7993146032095
30110.0,-6874.837430228789
30111.0,-6874.87554585437
30112.0,-6874.91366147995
30113.0,-6874.95177710553
30114.0,-6874.989892731111
30115.0,-6875.02800835669
30116.0,-6875.06612398227
30117.0,-6875.104239607851
30118.0,-6875.142355233431
30119.0,-6875.180470859011
30120.0,-6875.2185864845915
30121.0,-6875.256702110171
30122.0,-6875.294817735751
30123.0,-6875.332933361332
30124.0,-6875.371048986912
30125.0,-6875.409164612492
30126.0,-6875.447280238072
30127.0,-6875.485395863652
30128.0,-6875.523511489232
30129.0,-6875.561627114813
30130.0,-6875.599742740393
30131.0,-6875.6378583659725
30132.0,-6875.675973991553
30133.0,-6875.714089617133
30134.0,-6875.752205242713
30135.0,-6875.790320868294
30136.0,-6875.828436493874
30137.0,-6875.866552119453
30138.0,-6875.904667745034
30139.0,-6875.942783370614
30140.0,-6875.980898996194
30141.0,-6876.019014621775
30142.0,-6876.0571302473545
30143.0,-6876.095245872934
30144.0,-6876.133361498515
30145.0,-6876.171477124095
30146.0,-6876.209592749675
30147.0,-6876.247708375256
30148.0,-6876.285824000835
30149.0,-6876.323939626415
30150.0,-6876.362055251996
30151.0,-6876.400170877576
30152.0,-6876.438286503156
30153.0,-6876.4764021287365
30154.0,-6876.514517754316
30155.0,-6876.552633379896
30156.0,-6876.590749005477
30157.0,-6876.628864631057
30158.0,-6876.666980256637
30159.0,-6876.705095882217
30160.0,-6876.743211507797
30161.0,-6876.781327133377
30162.0,-6876.819442758958
30163.0,-6876.857558384538
30164.0,-6876.895674010118
30165.0,-6876.933789635698
30166.0,-6876.971905261278
30167.0,-6877.010020886858
30168.0,-6877.048136512439
30169.0,-6877.086252138019
30170.0,-6877.1243677635985
30171.0,-6877.162483389179
30172.0,-6877.200599014759
30173.0,-6877.238714640339
30174.0,-6877.27683026592
30175.0,-6877.3149458914995
30176.0,-6877.353061517079
30177.0,-6877.39117714266
30178.0,-6877.42929276824
30179.0,-6877.46740839382
30180.0,-6877.505524019401
30181.0,-6877.54363964498
30182.0,-6877.58175527056
30183.0,-6877.619870896141
30184.0,-6877.657986521721
30185.0,-6877.696102147301
30186.0,-6877.7342177728815
30187.0,-6877.772333398461
30188.0,-6877.810449024041
30189.0,-6877.848564649622
30190.0,-6877.886680275202
30191.0,-6877.924795900782
30192.0,-6877.962911526362
30193.0,-6878.001027151942
30194.0,-6878.039142777522
30195.0,-6878.077258403103
30196.0,-6878.115374028683
30197.0,-6878.153489654263
30198.0,-6878.191605279843
30199.0,-6878.229720905423
30200.0,-6878.267836531003
30201.0,-6878.305952156584
30202.0,-6878.344067782164
30203.0,-6878.3821834077435
30204.0,-6878.420299033324
30205.0,-6878.458414658904
30206.0,-6878.496530284484
30207.0,-6878.534645910065
30208.0,-6878.5727615356445
30209.0,-6878.610877161224
30210.0,-6878.648992786805
30211.0,-6878.687108412385
30212.0,-6878.725224037965
30213.0,-6878.763339663546
30214.0,-6878.801455289125
30215.0,-6878.839570914705
30216.0,-6878.877686540286
30217.0,-6878.915802165866
30218.0,-6878.953917791446
30219.0,-6878.9920334170265
30220.0,-6879.030149042606
30221.0,-6879.068264668186
30222.0,-6879.106380293767
30223.0,-6879.144495919347
30224.0,-6879.182611544927
30225.0,-6879.220727170507
30226.0,-6879.258842796087
30227.0,-6879.296958421667
30228.0,-6879.335074047248
30229.0,-6879.373189672828
30230.0,-6879.411305298408
30231.0,-6879.449420923988
30232.0,-6879.487536549568
30233.0,-6879.525652175148
30234.0,-6879.563767800729
30235.0,-6879.601883426309
30236.0,-6879.6399990518885
30237.0,-6879.678114677469
30238.0,-6879.716230303049
30239.0,-6879.754345928629
30240.0,-6879.79246155421
30241.0,-6879.8305771797895
30242.0,-6879.868692805369
30243.0,-6879.90680843095
30244.0,-6879.94492405653
30245.0,-6879.98303968211
30246.0,-6880.021155307691
30247.0,-6880.05927093327
30248.0,-6880.09738655885
30249.0,-6880.135502184431
30250.0,-6880.173617810011
30251.0,-6880.211733435591
30252.0,-6880.2498490611715
30253.0,-6880.287964686751
30254.0,-6880.326080312331
30255.0,-6880.364195937912
30256.0,-6880.402311563492
30257.0,-6880.440427189072
30258.0,-6880.478542814652
30259.0,-6880.516658440232
30260.0,-6880.554774065812
30261.0,-6880.592889691393
30262.0,-6880.631005316973
30263.0,-6880.669120942553
30264.0,-6880.707236568133
30265.0,-6880.745352193713
30266.0,-6880.783467819293
30267.0,-6880.821583444874
30268.0,-6880.859699070454
30269.0,-6880.8978146960335
30270.0,-6880.935930321614
30271.0,-6880.974045947194
30272.0,-6881.012161572774
30273.0,-6881.050277198355
30274.0,-6881.088392823935
30275.0,-6881.126508449514
30276.0,-6881.164624075095
30277.0,-6881.202739700675
30278.0,-6881.240855326255
30279.0,-6881.278970951836
30280.0,-6881.3170865774155
30281.0,-6881.355202202995
30282.0,-6881.393317828576
30283.0,-6881.431433454156
30284.0,-6881.469549079736
30285.0,-6881.5076647053165
30286.0,-6881.545780330896
30287.0,-6881.583895956476
30288.0,-6881.622011582057
30289.0,-6881.660127207637
30290.0,-6881.698242833217
30291.0,-6881.736358458797
30292.0,-6881.774474084377
30293.0,-6881.812589709957
30294.0,-6881.850705335538
30295.0,-6881.888820961118
30296.0,-6881.926936586698
30297.0,-6881.965052212278
30298.0,-6882.003167837858
30299.0,-6882.041283463438
30300.0,-6882.079399089019
30301.0,-6882.117514714599
30302.0,-6882.1556303401785
30303.0,-6882.193745965759
30304.0,-6882.231861591339
30305.0,-6882.269977216919
30306.0,-6882.3080928425
30307.0,-6882.34620846808
30308.0,-6882.384324093659
30309.0,-6882.42243971924
30310.0,-6882.46055534482
30311.0,-6882.4986709704
30312.0,-6882.536786595981
30313.0,-6882.5749022215605
30314.0,-6882.61301784714
30315.0,-6882.651133472721
30316.0,-6882.689249098301
30317.0,-6882.727364723881
30318.0,-6882.7654803494615
30319.0,-6882.803595975041
30320.0,-6882.841711600621
30321.0,-6882.879827226202
30322.0,-6882.917942851782
30323.0,-6882.956058477362
30324.0,-6882.994174102942
30325.0,-6883.032289728522
30326.0,-6883.070405354102
30327.0,-6883.108520979683
30328.0,-6883.146636605263
30329.0,-6883.184752230843
30330.0,-6883.222867856423
30331.0,-6883.260983482003
30332.0,-6883.299099107583
30333.0,-6883.337214733164
30334.0,-6883.375330358744
30335.0,-6883.4134459843235
30336.0,-6883.451561609904
30337.0,-6883.489677235484
30338.0,-6883.527792861064
30339.0,-6883.565908486645
30340.0,-6883.604024112225
30341.0,-6883.642139737804
30342.0,-6883.680255363385
30343.0,-6883.718370988965
30344.0,-6883.756486614545
30345.0,-6883.794602240126
30346.0,-6883.8327178657055
30347.0,-6883.870833491285
30348.0,-6883.908949116866
30349.0,-6883.947064742446
30350.0,-6883.985180368026
30351.0,-6884.023295993607
30352.0,-6884.061411619186
30353.0,-6884.099527244766
30354.0,-6884.137642870347
30355.0,-6884.175758495927
30356.0,-6884.213874121507
30357.0,-6884.2519897470875
30358.0,-6884.290105372667
30359.0,-6884.328220998247
30360.0,-6884.366336623828
30361.0,-6884.404452249408
30362.0,-6884.442567874988
30363.0,-6884.480683500568
30364.0,-6884.518799126148
30365.0,-6884.556914751728
30366.0,-6884.595030377309
30367.0,-6884.633146002889
30368.0,-6884.6712616284685
30369.0,-6884.709377254049
30370.0,-6884.747492879629
30371.0,-6884.785608505209
30372.0,-6884.82372413079
30373.0,-6884.86183975637
30374.0,-6884.899955381949
30375.0,-6884.93807100753
30376.0,-6884.97618663311
30377.0,-6885.01430225869
30378.0,-6885.052417884271
30379.0,-6885.0905335098505
30380.0,-6885.12864913543
30381.0,-6885.166764761011
30382.0,-6885.204880386591
30383.0,-6885.242996012171
30384.0,-6885.281111637752
30385.0,-6885.319227263331
30386.0,-6885.357342888911
30387.0,-6885.395458514492
30388.0,-6885.433574140072
30389.0,-6885.471689765652
30390.0,-6885.5098053912325
30391.0,-6885.547921016812
30392.0,-6885.586036642392
30393.0,-6885.624152267973
30394.0,-6885.662267893553
30395.0,-6885.700383519133
30396.0,-6885.738499144713
30397.0,-6885.776614770293
30398.0,-6885.814730395873
30399.0,-6885.852846021454
30400.0,-6885.890961647034
30401.0,-6885.9290772726135
30402.0,-6885.967192898194
30403.0,-6886.005308523774
30404.0,-6886.043424149354
30405.0,-6886.081539774935
30406.0,-6886.119655400515
30407.0,-6886.157771026094
30408.0,-6886.195886651675
30409.0,-6886.234002277255
30410.0,-6886.272117902835
30411.0,-6886.310233528416
30412.0,-6886.3483491539955
30413.0,-6886.386464779575
30414.0,-6886.424580405156
30415.0,-6886.462696030736
30416.0,-6886.500811656316
30417.0,-6886.538927281897
30418.0,-6886.577042907476
30419.0,-6886.615158533056
30420.0,-6886.653274158637
30421.0,-6886.691389784217
30422.0,-6886.729505409797
30423.0,-6886.7676210353775
30424.0,-6886.805736660957
30425.0,-6886.843852286537
30426.0,-6886.881967912118
30427.0,-6886.920083537698
30428.0,-6886.958199163278
30429.0,-6886.996314788858
30430.0,-6887.034430414438
30431.0,-6887.072546040018
30432.0,-6887.110661665599
30433.0,-6887.148777291179
30434.0,-6887.186892916759
30435.0,-6887.225008542339
30436.0,-6887.263124167919
30437.0,-6887.301239793499
30438.0,-6887.33935541908
30439.0,-6887.37747104466
30440.0,-6887.4155866702395
30441.0,-6887.45370229582
30442.0,-6887.4918179214
30443.0,-6887.52993354698
30444.0,-6887.568049172561
30445.0,-6887.6061647981405
30446.0,-6887.64428042372
30447.0,-6887.682396049301
30448.0,-6887.720511674881
30449.0,-6887.758627300461
30450.0,-6887.796742926042
30451.0,-6887.834858551621
30452.0,-6887.872974177201
30453.0,-6887.911089802782
30454.0,-6887.949205428362
30455.0,-6887.987321053942
30456.0,-6888.0254366795225
30457.0,-6888.063552305102
30458.0,-6888.101667930682
30459.0,-6888.139783556263
30460.0,-6888.177899181843
30461.0,-6888.216014807423
30462.0,-6888.254130433003
30463.0,-6888.292246058583
30464.0,-6888.330361684163
30465.0,-6888.368477309744
30466.0,-6888.406592935324
30467.0,-6888.444708560904
30468.0,-6888.482824186484
30469.0,-6888.520939812064
30470.0,-6888.559055437644
30471.0,-6888.597171063225
30472.0,-6888.635286688805
30473.0,-6888.6734023143845
30474.0,-6888.711517939965
30475.0,-6888.749633565545
30476.0,-6888.787749191125
30477.0,-6888.825864816706
30478.0,-6888.8639804422855
30479.0,-6888.902096067865
30480.0,-6888.940211693446
30481.0,-6888.978327319026
30482.0,-6889.016442944606
30483.0,-6889.054558570187
30484.0,-6889.092674195766
30485.0,-6889.130789821346
30486.0,-6889.168905446927
30487.0,-6889.207021072507
30488.0,-6889.245136698087
30489.0,-6889.2832523236675
30490.0,-6889.321367949247
30491.0,-6889.359483574827
30492.0,-6889.397599200408
30493.0,-6889.435714825988
30494.0,-6889.473830451568
30495.0,-6889.511946077148
30496.0,-6889.550061702728
30497.0,-6889.588177328308
30498.0,-6889.626292953889
30499.0,-6889.664408579469
30500.0,-6889.702524205049
30501.0,-6889.740639830629
30502.0,-6889.778755456209
30503.0,-6889.816871081789
30504.0,-6889.85498670737
30505.0,-6889.89310233295
30506.0,-6889.9312179585295
30507.0,-6889.96933358411
30508.0,-6890.00744920969
30509.0,-6890.04556483527
30510.0,-6890.083680460851
30511.0,-6890.121796086431
30512.0,-6890.15991171201
30513.0,-6890.198027337591
30514.0,-6890.236142963171
30515.0,-6890.274258588751
30516.0,-6890.312374214332
30517.0,-6890.3504898399115
30518.0,-6890.388605465491
30519.0,-6890.426721091072
30520.0,-6890.464836716652
30521.0,-6890.502952342232
30522.0,-6890.5410679678125
30523.0,-6890.579183593392
30524.0,-6890.617299218972
30525.0,-6890.655414844553
30526.0,-6890.693530470133
30527.0,-6890.731646095713
30528.0,-6890.769761721293
30529.0,-6890.807877346873
30530.0,-6890.845992972453
30531.0,-6890.884108598034
30532.0,-6890.922224223614
30533.0,-6890.960339849194
30534.0,-6890.998455474774
30535.0,-6891.036571100354
30536.0,-6891.074686725934
30537.0,-6891.112802351515
30538.0,-6891.150917977095
30539.0,-6891.1890336026745
30540.0,-6891.227149228255
30541.0,-6891.265264853835
30542.0,-6891.303380479415
30543.0,-6891.341496104996
30544.0,-6891.379611730576
30545.0,-6891.417727356155
30546.0,-6891.455842981736
30547.0,-6891.493958607316
30548.0,-6891.532074232896
30549.0,-6891.570189858477
30550.0,-6891.6083054840565
30551.0,-6891.646421109636
30552.0,-6891.684536735217
30553.0,-6891.722652360797
30554.0,-6891.760767986377
30555.0,-6891.7988836119575
30556.0,-6891.836999237537
30557.0,-6891.875114863117
30558.0,-6891.913230488698
30559.0,-6891.951346114278
30560.0,-6891.989461739858
30561.0,-6892.027577365438
30562.0,-6892.065692991018
30563.0,-6892.103808616598
30564.0,-6892.141924242179
30565.0,-6892.180039867759
30566.0,-6892.218155493339
30567.0,-6892.256271118919
30568.0,-6892.294386744499
30569.0,-6892.332502370079
30570.0,-6892.37061799566
30571.0,-6892.40873362124
30572.0,-6892.4468492468195
30573.0,-6892.4849648724
30574.0,-6892.52308049798
30575.0,-6892.56119612356
30576.0,-6892.599311749141
30577.0,-6892.637427374721
30578.0,-6892.6755430003
30579.0,-6892.713658625881
30580.0,-6892.751774251461
30581.0,-6892.789889877041
30582.0,-6892.828005502622
30583.0,-6892.8661211282015
30584.0,-6892.904236753781
30585.0,-6892.942352379362
30586.0,-6892.980468004942
30587.0,-6893.018583630522
30588.0,-6893.056699256103
30589.0,-6893.094814881682
30590.0,-6893.132930507262
30591.0,-6893.171046132843
30592.0,-6893.209161758423
30593.0,-6893.247277384003
30594.0,-6893.2853930095835
30595.0,-6893.323508635163
30596.0,-6893.361624260743
30597.0,-6893.399739886324
30598.0,-6893.437855511904
30599.0,-6893.475971137484
30600.0,-6893.514086763064
30601.0,-6893.552202388644
30602.0,-6893.590318014224
30603.0,-6893.628433639805
30604.0,-6893.666549265385
30605.0,-6893.7046648909645
30606.0,-6893.742780516545
30607.0,-6893.780896142125
30608.0,-6893.819011767705
30609.0,-6893.857127393286
30610.0,-6893.895243018866
30611.0,-6893.933358644445
30612.0,-6893.971474270026
30613.0,-6894.009589895606
30614.0,-6894.047705521186
30615.0,-6894.085821146767
30616.0,-6894.1239367723465
30617.0,-6894.162052397926
30618.0,-6894.200168023507
30619.0,-6894.238283649087
30620.0,-6894.276399274667
30621.0,-6894.314514900248
30622.0,-6894.352630525827
30623.0,-6894.390746151407
30624.0,-6894.428861776988
30625.0,-6894.466977402568
30626.0,-6894.505093028148
30627.0,-6894.5432086537285
30628.0,-6894.581324279308
30629.0,-6894.619439904888
30630.0,-6894.657555530469
30631.0,-6894.695671156049
30632.0,-6894.733786781629
30633.0,-6894.771902407209
30634.0,-6894.810018032789
30635.0,-6894.848133658369
30636.0,-6894.88624928395
30637.0,-6894.92436490953
30638.0,-6894.9624805351095
30639.0,-6895.00059616069
30640.0,-6895.03871178627
30641.0,-6895.07682741185
30642.0,-6895.114943037431
30643.0,-6895.153058663011
30644.0,-6895.19117428859
30645.0,-6895.229289914171
30646.0,-6895.267405539751
30647.0,-6895.305521165331
30648.0,-6895.343636790912
30649.0,-6895.3817524164915
30650.0,-6895.419868042071
30651.0,-6895.457983667652
30652.0,-6895.496099293232
30653.0,-6895.534214918812
30654.0,-6895.572330544393
30655.0,-6895.610446169972
30656.0,-6895.648561795552
30657.0,-6895.686677421133
30658.0,-6895.724793046713
30659.0,-6895.762908672293
30660.0,-6895.8010242978735
30661.0,-6895.839139923453
30662.0,-6895.877255549033
30663.0,-6895.915371174614
30664.0,-6895.953486800194
30665.0,-6895.991602425774
30666.0,-6896.029718051354
30667.0,-6896.067833676934
30668.0,-6896.105949302514
30669.0,-6896.144064928095
30670.0,-6896.182180553675
30671.0,-6896.220296179255
30672.0,-6896.258411804835
30673.0,-6896.296527430415
30674.0,-6896.334643055995
30675.0,-6896.372758681576
30676.0,-6896.410874307156
30677.0,-6896.4489899327355
30678.0,-6896.487105558316
30679.0,-6896.525221183896
30680.0,-6896.563336809476
30681.0,-6896.601452435057
30682.0,-6896.6395680606365
30683.0,-6896.677683686216
30684.0,-6896.715799311797
30685.0,-6896.753914937377
30686.0,-6896.792030562957
30687.0,-6896.830146188538
30688.0,-6896.868261814117
30689.0,-6896.906377439697
30690.0,-6896.944493065278
30691.0,-6896.982608690858
30692.0,-6897.020724316438
30693.0,-6897.0588399420185
30694.0,-6897.096955567598
30695.0,-6897.135071193178
30696.0,-6897.173186818759
30697.0,-6897.211302444339
30698.0,-6897.249418069919
30699.0,-6897.287533695499
30700.0,-6897.325649321079
30701.0,-6897.363764946659
30702.0,-6897.40188057224
30703.0,-6897.43999619782
30704.0,-6897.4781118234
30705.0,-6897.51622744898
30706.0,-6897.55434307456
30707.0,-6897.59245870014
30708.0,-6897.630574325721
30709.0,-6897.668689951301
30710.0,-6897.7068055768805
30711.0,-6897.744921202461
30712.0,-6897.783036828041
30713.0,-6897.821152453621
30714.0,-6897.859268079202
30715.0,-6897.8973837047815
30716.0,-6897.935499330361
30717.0,-6897.973614955942
30718.0,-6898.011730581522
30719.0,-6898.049846207102
30720.0,-6898.087961832683
30721.0,-6898.070431937774
30722.0,-6898.052902042866
30723.0,-6898.035372147958
30724.0,-6898.017842253049
30725.0,-6898.000312358141
30726.0,-6897.982782463233
30727.0,-6897.965252568324
30728.0,-6897.947722673416
30729.0,-6897.930192778508
30730.0,-6897.912662883599
30731.0,-6897.895132988691
30732.0,-6897.877603093783
30733.0,-6897.8600731988745
30734.0,-6897.8425433039665
30735.0,-6897.825013409059
30736.0,-6897.80748351415
30737.0,-6897.789953619242
30738.0,-6897.772423724334
30739.0,-6897.754893829425
30740.0,-6897.737363934517
30741.0,-6897.719834039609
30742.0,-6897.7023041447
30743.0,-6897.684774249792
30744.0,-6897.667244354884
30745.0,-6897.649714459975
30746.0,-6897.632184565067
30747.0,-6897.614654670159
30748.0,-6897.59712477525
30749.0,-6897.5795948803425
30750.0,-6897.5620649854345
30751.0,-6897.544535090526
30752.0,-6897.527005195618
30753.0,-6897.50947530071
30754.0,-6897.491945405801
30755.0,-6897.474415510893
30756.0,-6897.456885615985
30757.0,-6897.439355721076
30758.0,-6897.421825826168
30759.0,-6897.40429593126
30760.0,-6897.386766036351
30761.0,-6897.369236141443
30762.0,-6897.351706246535
30763.0,-6897.334176351626
30764.0,-6897.316646456718
30765.0,-6897.2991165618105
30766.0,-6897.281586666902
30767.0,-6897.264056771994
30768.0,-6897.246526877086
30769.0,-6897.228996982177
30770.0,-6897.211467087269
30771.0,-6897.193937192361
30772.0,-6897.176407297452
30773.0,-6897.158877402544
30774.0,-6897.141347507636
30775.0,-6897.123817612727
30776.0,-6897.106287717819
30777.0,-6897.088757822911
30778.0,-6897.071227928002
30779.0,-6897.053698033094
30780.0,-6897.036168138186
30781.0,-6897.018638243278
30782.0,-6897.00110834837
30783.0,-6896.983578453462
30784.0,-6896.966048558553
30785.0,-6896.948518663645
30786.0,-6896.930988768737
30787.0,-6896.913458873828
30788.0,-6896.89592897892
30789.0,-6896.878399084012
30790.0,-6896.860869189103
30791.0,-6896.843339294195
30792.0,-6896.825809399287
30793.0,-6896.808279504378
30794.0,-6896.79074960947
30795.0,-6896.773219714562
30796.0,-6896.7556898196535
30797.0,-6896.738159924746
30798.0,-6896.720630029838
30799.0,-6896.703100134929
30800.0,-6896.685570240021
30801.0,-6896.668040345113
30802.0,-6896.650510450204
30803.0,-6896.632980555296
30804.0,-6896.615450660388
30805.0,-6896.597920765479
30806.0,-6896.580390870571
30807.0,-6896.562860975663
30808.0,-6896.545331080754
30809.0,-6896.527801185846
30810.0,-6896.510271290938
30811.0,-6896.4927413960295
30812.0,-6896.4752115011215
30813.0,-6896.457681606214
30814.0,-6896.440151711305
30815.0,-6896.422621816397
30816.0,-6896.405091921489
30817.0,-6896.38756202658
30818.0,-6896.370032131672
30819.0,-6896.352502236764
30820.0,-6896.334972341855
30821.0,-6896.317442446947
30822.0,-6896.299912552039
30823.0,-6896.28238265713
30824.0,-6896.264852762222
30825.0,-6896.247322867314
30826.0,-6896.229792972405
30827.0,-6896.2122630774975
30828.0,-6896.1947331825895
30829.0,-6896.177203287681
30830.0,-6896.159673392773
30831.0,-6896.142143497865
30832.0,-6896.124613602956
30833.0,-6896.107083708048
30834.0,-6896.08955381314
30835.0,-6896.072023918231
30836.0,-6896.054494023323
30837.0,-6896.036964128415
30838.0,-6896.019434233506
30839.0,-6896.001904338598
30840.0,-6895.98437444369
30841.0,-6895.966844548781
30842.0,-6895.949314653873
30843.0,-6895.9317847589655
30844.0,-6895.914254864057
30845.0,-6895.896724969149
30846.0,-6895.879195074241
30847.0,-6895.861665179332
30848.0,-6895.844135284424
30849.0,-6895.826605389516
30850.0,-6895.809075494607
30851.0,-6895.791545599699
30852.0,-6895.774015704791
30853.0,-6895.756485809882
30854.0,-6895.738955914974
30855.0,-6895.721426020066
30856.0,-6895.703896125157
30857.0,-6895.686366230249
30858.0,-6895.668836335341
30859.0,-6895.651306440433
30860.0,-6895.633776545525
30861.0,-6895.616246650617
30862.0,-6895.598716755708
30863.0,-6895.5811868608
30864.0,-6895.563656965892
30865.0,-6895.546127070983
30866.0,-6895.528597176075
30867.0,-6895.511067281167
30868.0,-6895.493537386258
30869.0,-6895.47600749135
30870.0,-6895.458477596442
30871.0,-6895.440947701533
30872.0,-6895.423417806625
30873.0,-6895.405887911717
30874.0,-6895.3883580168085
30875.0,-6895.370828121901
30876.0,-6895.353298226993
30877.0,-6895.335768332084
30878.0,-6895.318238437176
30879.0,-6895.300708542268
30880.0,-6895.283178647359
30881.0,-6895.265648752451
30882.0,-6895.248118857543
30883.0,-6895.230588962634
30884.0,-6895.213059067726
30885.0,-6895.195529172818
30886.0,-6895.177999277909
30887.0,-6895.160469383001
30888.0,-6895.142939488093
30889.0,-6895.1254095931845
30890.0,-6895.1078796982765
30891.0,-6895.090349803369
30892.0,-6895.07281990846
30893.0,-6895.055290013552
30894.0,-6895.037760118644
30895.0,-6895.020230223735
30896.0,-6895.002700328827
30897.0,-6894.985170433919
30898.0,-6894.96764053901
30899.0,-6894.950110644102
30900.0,-6894.932580749194
30901.0,-6894.915050854285
30902.0,-6894.897520959377
30903.0,-6894.879991064469
30904.0,-6894.86246116956
30905.0,-6894.8449312746525
30906.0,-6894.8274013797445
30907.0,-6894.809871484836
30908.0,-6894.792341589928
30909.0,-6894.77481169502
30910.0,-6894.757281800111
30911.0,-6894.739751905203
30912.0,-6894.722222010295
30913.0,-6894.704692115386
30914.0,-6894.687162220478
30915.0,-6894.66963232557
30916.0,-6894.652102430661
30917.0,-6894.634572535753
30918.0,-6894.617042640845
30919.0,-6894.599512745936
30920.0,-6894.581982851028
30921.0,-6894.5644529561205
30922.0,-6894.546923061212
30923.0,-6894.529393166304
30924.0,-6894.511863271396
30925.0,-6894.494333376487
30926.0,-6894.476803481579
30927.0,-6894.459273586671
30928.0,-6894.441743691762
30929.0,-6894.424213796854
30930.0,-6894.406683901946
30931.0,-6894.389154007037
30932.0,-6894.371624112129
30933.0,-6894.354094217221
30934.0,-6894.336564322312
30935.0,-6894.319034427404
30936.0,-6894.301504532496
30937.0,-6894.283974637588
30938.0,-6894.26644474268
30939.0,-6894.248914847772
30940.0,-6894.231384952863
30941.0,-6894.213855057955
30942.0,-6894.196325163047
30943.0,-6894.178795268138
30944.0,-6894.16126537323
30945.0,-6894.143735478322
30946.0,-6894.126205583413
30947.0,-6894.108675688505
30948.0,-6894.091145793597
30949.0,-6894.073615898688
30950.0,-6894.05608600378
30951.0,-6894.038556108872
30952.0,-6894.0210262139635
30953.0,-6894.003496319056
30954.0,-6893.985966424148
30955.0,-6893.968436529239
30956.0,-6893.950906634331
30957.0,-6893.933376739423
30958.0,-6893.915846844514
30959.0,-6893.898316949606
30960.0,-6893.880787054698
30961.0,-6893.863257159789
30962.0,-6893.845727264881
30963.0,-6893.828197369973
30964.0,-6893.810667475064
30965.0,-6893.793137580156
30966.0,-6893.775607685248
30967.0,-6893.7580777903395
30968.0,-6893.7405478954315
30969.0,-6893.723018000524
30970.0,-6893.705488105615
30971.0,-6893.687958210707
30972.0,-6893.670428315799
30973.0,-6893.65289842089
30974.0,-6893.635368525982
30975.0,-6893.617838631074
30976.0,-6893.600308736165
30977.0,-6893.582778841257
30978.0,-6893.565248946349
30979.0,-6893.54771905144
30980.0,-6893.530189156532
30981.0,-6893.512659261624
30982.0,-6893.495129366715
30983.0,-6893.4775994718075
30984.0,-6893.4600695768995
30985.0,-6893.442539681991
30986.0,-6893.425009787083
30987.0,-6893.407479892175
30988.0,-6893.389949997266
30989.0,-6893.372420102358
30990.0,-6893.35489020745
30991.0,-6893.337360312541
30992.0,-6893.319830417633
30993.0,-6893.302300522725
30994.0,-6893.284770627816
30995.0,-6893.267240732908
30996.0,-6893.249710838
30997.0,-6893.232180943091
30998.0,-6893.214651048183
30999.0,-6893.1971211532755
31000.0,-6893.179591258367
31001.0,-6893.162061363459
31002.0,-6893.144531468551
31003.0,-6893.127001573642
31004.0,-6893.109471678734
31005.0,-6893.091941783826
31006.0,-6893.074411888917
31007.0,-6893.056881994009
31008.0,-6893.039352099101
31009.0,-6893.021822204192
31010.0,-6893.004292309284
31011.0,-6892.986762414376
31012.0,-6892.969232519467
31013.0,-6892.951702624559
31014.0,-6892.934172729651
31015.0,-6892.916642834743
31016.0,-6892.899112939835
31017.0,-6892.881583044927
31018.0,-6892.864053150018
31019.0,-6892.84652325511
31020.0,-6892.828993360202
31021.0,-6892.811463465293
31022.0,-6892.793933570385
31023.0,-6892.776403675477
31024.0,-6892.758873780568
31025.0,-6892.74134388566
31026.0,-6892.723813990752
31027.0,-6892.706284095843
31028.0,-6892.688754200935
31029.0,-6892.671224306027
31030.0,-6892.6536944111185
31031.0,-6892.636164516211
31032.0,-6892.618634621303
31033.0,-6892.601104726394
31034.0,-6892.583574831486
31035.0,-6892.566044936578
31036.0,-6892.548515041669
31037.0,-6892.530985146761
31038.0,-6892.513455251853
31039.0,-6892.495925356944
31040.0,-6892.478395462036
31041.0,-6892.460865567128
31042.0,-6892.443335672219
31043.0,-6892.425805777311
31044.0,-6892.408275882403
31045.0,-6892.3907459874945
31046.0,-6892.3732160925865
31047.0,-6892.355686197679
31048.0,-6892.33815630277
31049.0,-6892.320626407862
31050.0,-6892.303096512954
31051.0,-6892.285566618045
31052.0,-6892.268036723137
31053.0,-6892.250506828229
31054.0,-6892.23297693332
31055.0,-6892.215447038412
31056.0,-6892.197917143504
31057.0,-6892.180387248595
31058.0,-6892.162857353687
31059.0,-6892.145327458779
31060.0,-6892.12779756387
31061.0,-6892.1102676689625
31062.0,-6892.0927377740545
31063.0,-6892.075207879146
31064.0,-6892.057677984238
31065.0,-6892.04014808933
31066.0,-6892.022618194421
31067.0,-6892.005088299513
31068.0,-6891.987558404605
31069.0,-6891.970028509696
31070.0,-6891.952498614788
31071.0,-6891.93496871988
31072.0,-6891.917438824971
31073.0,-6891.899908930063
31074.0,-6891.882379035155
31075.0,-6891.864849140246
31076.0,-6891.847319245338
31077.0,-6891.8297893504305
31078.0,-6891.812259455522
31079.0,-6891.794729560614
31080.0,-6891.777199665706
31081.0,-6891.759669770797
31082.0,-6891.742139875889
31083.0,-6891.724609980981
31084.0,-6891.707080086072
31085.0,-6891.689550191164
31086.0,-6891.672020296256
31087.0,-6891.654490401347
31088.0,-6891.636960506439
31089.0,-6891.619430611531
31090.0,-6891.601900716622
31091.0,-6891.584370821714
31092.0,-6891.566840926806
31093.0,-6891.549311031898
31094.0,-6891.53178113699
31095.0,-6891.514251242082
31096.0,-6891.496721347173
31097.0,-6891.479191452265
31098.0,-6891.461661557357
31099.0,-6891.444131662448
31100.0,-6891.42660176754
31101.0,-6891.409071872632
31102.0,-6891.391541977723
31103.0,-6891.374012082815
31104.0,-6891.356482187907
31105.0,-6891.338952292998
31106.0,-6891.32142239809
31107.0,-6891.303892503182
31108.0,-6891.2863626082735
31109.0,-6891.268832713366
31110.0,-6891.251302818458
31111.0,-6891.233772923549
31112.0,-6891.216243028641
31113.0,-6891.198713133733
31114.0,-6891.181183238824
31115.0,-6891.163653343916
31116.0,-6891.146123449008
31117.0,-6891.128593554099
31118.0,-6891.111063659191
31119.0,-6891.093533764283
31120.0,-6891.076003869374
31121.0,-6891.058473974466
31122.0,-6891.040944079558
31123.0,-6891.0234141846495
31124.0,-6891.0058842897415
31125.0,-6890.988354394834
31126.0,-6890.970824499925
31127.0,-6890.953294605017
31128.0,-6890.935764710109
31129.0,-6890.9182348152
31130.0,-6890.900704920292
31131.0,-6890.883175025384
31132.0,-6890.865645130475
31133.0,-6890.848115235567
31134.0,-6890.830585340659
31135.0,-6890.81305544575
31136.0,-6890.795525550842
31137.0,-6890.777995655934
31138.0,-6890.760465761025
31139.0,-6890.7429358661175
31140.0,-6890.7254059712095
31141.0,-6890.707876076301
31142.0,-6890.690346181393
31143.0,-6890.672816286485
31144.0,-6890.655286391576
31145.0,-6890.637756496668
31146.0,-6890.62022660176
31147.0,-6890.602696706851
31148.0,-6890.585166811943
31149.0,-6890.567636917035
31150.0,-6890.550107022126
31151.0,-6890.532577127218
31152.0,-6890.51504723231
31153.0,-6890.497517337401
31154.0,-6890.479987442493
31155.0,-6890.4624575475855
31156.0,-6890.444927652677
31157.0,-6890.427397757769
31158.0,-6890.409867862861
31159.0,-6890.392337967952
31160.0,-6890.374808073044
31161.0,-6890.357278178136
31162.0,-6890.339748283227
31163.0,-6890.322218388319
31164.0,-6890.304688493411
31165.0,-6890.287158598502
31166.0,-6890.269628703594
31167.0,-6890.252098808686
31168.0,-6890.234568913777
31169.0,-6890.217039018869
31170.0,-6890.199509123961
31171.0,-6890.181979229053
31172.0,-6890.164449334145
31173.0,-6890.146919439237
31174.0,-6890.129389544328
31175.0,-6890.11185964942
31176.0,-6890.094329754512
31177.0,-6890.076799859603
31178.0,-6890.059269964695
31179.0,-6890.041740069787
31180.0,-6890.024210174878
31181.0,-6890.00668027997
31182.0,-6889.989150385062
31183.0,-6889.971620490153
31184.0,-6889.954090595245
31185.0,-6889.936560700337
31186.0,-6889.9190308054285
31187.0,-6889.901500910521
31188.0,-6889.883971015613
31189.0,-6889.866441120704
31190.0,-6889.848911225796
31191.0,-6889.831381330888
31192.0,-6889.813851435979
31193.0,-6889.796321541071
31194.0,-6889.778791646163
31195.0,-6889.761261751254
31196.0,-6889.743731856346
31197.0,-6889.726201961438
31198.0,-6889.708672066529
31199.0,-6889.691142171621
31200.0,-6889.673612276713
31201.0,-6889.6560823818045
31202.0,-6889.6385524868965
31203.0,-6889.621022591989
31204.0,-6889.60349269708
31205.0,-6889.585962802172
31206.0,-6889.568432907264
31207.0,-6889.550903012355
31208.0,-6889.533373117447
31209.0,-6889.515843222539
31210.0,-6889.49831332763
31211.0,-6889.480783432722
31212.0,-6889.463253537814
31213.0,-6889.445723642905
31214.0,-6889.428193747997
31215.0,-6889.410663853089
31216.0,-6889.39313395818
31217.0,-6889.3756040632725
31218.0,-6889.3580741683645
31219.0,-6889.340544273456
31220.0,-6889.323014378548
31221.0,-6889.30548448364
31222.0,-6889.287954588731
31223.0,-6889.270424693823
31224.0,-6889.252894798915
31225.0,-6889.235364904006
31226.0,-6889.217835009098
31227.0,-6889.20030511419
31228.0,-6889.182775219281
31229.0,-6889.165245324373
31230.0,-6889.147715429465
31231.0,-6889.130185534556
31232.0,-6889.112655639648
31233.0,-6889.0951257447405
31234.0,-6889.077595849832
31235.0,-6889.060065954924
31236.0,-6889.042536060016
31237.0,-6889.025006165107
31238.0,-6889.007476270199
31239.0,-6888.989946375291
31240.0,-6888.972416480382
31241.0,-6888.954886585474
31242.0,-6888.937356690566
31243.0,-6888.919826795657
31244.0,-6888.902296900749
31245.0,-6888.884767005841
31246.0,-6888.867237110932
31247.0,-6888.849707216024
31248.0,-6888.832177321116
31249.0,-6888.814647426208
31250.0,-6888.7971175313
31251.0,-6888.779587636392
31252.0,-6888.762057741483
31253.0,-6888.744527846575
31254.0,-6888.726997951667
31255.0,-6888.709468056758
31256.0,-6888.69193816185
31257.0,-6888.674408266942
31258.0,-6888.656878372033
31259.0,-6888.639348477125
31260.0,-6888.621818582217
31261.0,-6888.604288687308
31262.0,-6888.5867587924
31263.0,-6888.569228897492
31264.0,-6888.5516990025835
31265.0,-6888.534169107676
31266.0,-6888.516639212768
31267.0,-6888.499109317859
31268.0,-6888.481579422951
31269.0,-6888.464049528043
31270.0,-6888.446519633134
31271.0,-6888.428989738226
31272.0,-6888.411459843318
31273.0,-6888.393929948409
31274.0,-6888.376400053501
31275.0,-6888.358870158593
31276.0,-6888.341340263684
31277.0,-6888.323810368776
31278.0,-6888.306280473868
31279.0,-6888.2887505789595
31280.0,-6888.2712206840515
31281.0,-6888.253690789144
31282.0,-6888.236160894235
31283.0,-6888.218630999327
31284.0,-6888.201101104419
31285.0,-6888.18357120951
31286.0,-6888.166041314602
31287.0,-6888.148511419694
31288.0,-6888.130981524785
31289.0,-6888.113451629877
31290.0,-6888.095921734969
31291.0,-6888.07839184006
31292.0,-6888.060861945152
31293.0,-6888.043332050244
31294.0,-6888.025802155335
31295.0,-6888.0082722604275
31296.0,-6887.9907423655195
31297.0,-6887.973212470611
31298.0,-6887.955682575703
31299.0,-6887.938152680795
31300.0,-6887.920622785886
31301.0,-6887.903092890978
31302.0,-6887.88556299607
31303.0,-6887.868033101161
31304.0,-6887.850503206253
31305.0,-6887.832973311345
31306.0,-6887.815443416436
31307.0,-6887.797913521528
31308.0,-6887.78038362662
31309.0,-6887.762853731711
31310.0,-6887.745323836803
31311.0,-6887.7277939418955
31312.0,-6887.710264046987
31313.0,-6887.692734152079
31314.0,-6887.675204257171
31315.0,-6887.657674362262
31316.0,-6887.640144467354
31317.0,-6887.622614572446
31318.0,-6887.605084677537
31319.0,-6887.587554782629
31320.0,-6887.570024887721
31321.0,-6887.552494992812
31322.0,-6887.534965097904
31323.0,-6887.517435202996
31324.0,-6887.499905308087
31325.0,-6887.482375413179
31326.0,-6887.464845518271
31327.0,-6887.447315623363
31328.0,-6887.429785728455
31329.0,-6887.412255833547
31330.0,-6887.394725938638
31331.0,-6887.37719604373
31332.0,-6887.359666148822
31333.0,-6887.342136253913
31334.0,-6887.324606359005
31335.0,-6887.307076464097
31336.0,-6887.289546569188
31337.0,-6887.27201667428
31338.0,-6887.254486779372
31339.0,-6887.236956884463
31340.0,-6887.219426989555
31341.0,-6887.201897094647
31342.0,-6887.1843671997385
31343.0,-6887.166837304831
31344.0,-6887.149307409923
31345.0,-6887.131777515014
31346.0,-6887.114247620106
31347.0,-6887.096717725198
31348.0,-6887.079187830289
31349.0,-6887.061657935381
31350.0,-6887.044128040473
31351.0,-6887.026598145564
31352.0,-6887.009068250656
31353.0,-6886.991538355748
31354.0,-6886.974008460839
31355.0,-6886.956478565931
31356.0,-6886.938948671023
31357.0,-6886.9214187761145
31358.0,-6886.9038888812065
31359.0,-6886.886358986299
31360.0,-6886.86882909139
31361.0,-6886.851299196482
31362.0,-6886.833769301574
31363.0,-6886.816239406665
31364.0,-6886.798709511757
31365.0,-6886.781179616849
31366.0,-6886.76364972194
31367.0,-6886.746119827032
31368.0,-6886.728589932124
31369.0,-6886.711060037215
31370.0,-6886.693530142307
31371.0,-6886.676000247399
31372.0,-6886.65847035249
31373.0,-6886.6409404575825
31374.0,-6886.6234105626745
31375.0,-6886.605880667766
31376.0,-6886.588350772858
31377.0,-6886.57082087795
31378.0,-6886.553290983041
31379.0,-6886.535761088133
31380.0,-6886.518231193225
31381.0,-6886.500701298316
31382.0,-6886.483171403408
31383.0,-6886.4656415085
31384.0,-6886.448111613591
31385.0,-6886.430581718683
31386.0,-6886.413051823775
31387.0,-6886.395521928866
31388.0,-6886.377992033958
31389.0,-6886.3604621390505
31390.0,-6886.342932244142
31391.0,-6886.325402349234
31392.0,-6886.307872454326
31393.0,-6886.290342559417
31394.0,-6886.272812664509
31395.0,-6886.255282769601
31396.0,-6886.237752874692
31397.0,-6886.220222979784
31398.0,-6886.202693084876
31399.0,-6886.185163189967
31400.0,-6886.167633295059
31401.0,-6886.150103400151
31402.0,-6886.132573505242
31403.0,-6886.115043610334
31404.0,-6886.097513715426
31405.0,-6886.079983820518
31406.0,-6886.06245392561
31407.0,-6886.044924030702
31408.0,-6886.027394135793
31409.0,-6886.009864240885
31410.0,-6885.992334345977
31411.0,-6885.974804451068
31412.0,-6885.95727455616
31413.0,-6885.939744661252
31414.0,-6885.922214766343
31415.0,-6885.904684871435
31416.0,-6885.887154976527
31417.0,-6885.869625081618
31418.0,-6885.85209518671
31419.0,-6885.834565291802
31420.0,-6885.8170353968935
31421.0,-6885.799505501986
31422.0,-6885.781975607078
31423.0,-6885.764445712169
31424.0,-6885.746915817261
31425.0,-6885.729385922353
31426.0,-6885.711856027444
31427.0,-6885.694326132536
31428.0,-6885.676796237628
31429.0,-6885.659266342719
31430.0,-6885.641736447811
31431.0,-6885.624206552903
31432.0,-6885.606676657994
31433.0,-6885.589146763086
31434.0,-6885.571616868178
31435.0,-6885.5540869732695
31436.0,-6885.5365570783615
31437.0,-6885.5190271834535
31438.0,-6885.501497288545
31439.0,-6885.483967393637
31440.0,-6885.466437498729
31441.0,-6885.44890760382
31442.0,-6885.431377708912
31443.0,-6885.413847814004
31444.0,-6885.396317919095
31445.0,-6885.378788024187
31446.0,-6885.361258129279
31447.0,-6885.34372823437
31448.0,-6885.326198339462
31449.0,-6885.308668444554
31450.0,-6885.291138549645
31451.0,-6885.2736086547375
31452.0,-6885.2560787598295
31453.0,-6885.238548864921
31454.0,-6885.221018970013
31455.0,-6885.203489075105
31456.0,-6885.185959180196
31457.0,-6885.168429285288
31458.0,-6885.15089939038
31459.0,-6885.133369495471
31460.0,-6885.115839600563
31461.0,-6885.098309705655
31462.0,-6885.080779810746
31463.0,-6885.063249915838
31464.0,-6885.04572002093
31465.0,-6885.028190126021
31466.0,-6885.010660231113
31467.0,-6884.9931303362055
31468.0,-6884.975600441297
31469.0,-6884.958070546389
31470.0,-6884.940540651481
31471.0,-6884.923010756572
31472.0,-6884.905480861664
31473.0,-6884.887950966756
31474.0,-6884.870421071847
31475.0,-6884.852891176939
31476.0,-6884.835361282031
31477.0,-6884.817831387122
31478.0,-6884.800301492214
31479.0,-6884.782771597306
31480.0,-6884.765241702397
31481.0,-6884.747711807489
31482.0,-6884.730181912581
31483.0,-6884.712652017673
31484.0,-6884.695122122765
31485.0,-6884.677592227857
31486.0,-6884.660062332948
31487.0,-6884.64253243804
31488.0,-6884.625002543132
31489.0,-6884.607472648223
31490.0,-6884.589942753315
31491.0,-6884.572412858407
31492.0,-6884.554882963498
31493.0,-6884.53735306859
31494.0,-6884.519823173682
31495.0,-6884.502293278773
31496.0,-6884.484763383865
31497.0,-6884.467233488957
31498.0,-6884.4497035940485
31499.0,-6884.432173699141
31500.0,-6884.414643804233
31501.0,-6884.397113909324
31502.0,-6884.379584014416
31503.0,-6884.362054119508
31504.0,-6884.344524224599
31505.0,-6884.326994329691
31506.0,-6884.309464434783
31507.0,-6884.291934539874
31508.0,-6884.274404644966
31509.0,-6884.256874750058
31510.0,-6884.239344855149
31511.0,-6884.221814960241
31512.0,-6884.204285065333
31513.0,-6884.1867551704245
31514.0,-6884.1692252755165
31515.0,-6884.1516953806085
31516.0,-6884.1341654857
31517.0,-6884.116635590792
31518.0,-6884.099105695884
31519.0,-6884.081575800975
31520.0,-6884.064045906067
31521.0,-6884.046516011159
31522.0,-6884.02898611625
31523.0,-6884.011456221342
31524.0,-6883.993926326434
31525.0,-6883.976396431525
31526.0,-6883.958866536617
31527.0,-6883.941336641709
31528.0,-6883.9238067468
31529.0,-6883.9062768518925
31530.0,-6883.8887469569845
31531.0,-6883.871217062076
31532.0,-6883.853687167168
31533.0,-6883.83615727226
31534.0,-6883.818627377351
31535.0,-6883.801097482443
31536.0,-6883.783567587535
31537.0,-6883.766037692626
31538.0,-6883.748507797718
31539.0,-6883.73097790281
31540.0,-6883.713448007901
31541.0,-6883.695918112993
31542.0,-6883.678388218085
31543.0,-6883.660858323176
31544.0,-6883.643328428268
31545.0,-6883.6257985333605
31546.0,-6883.608268638452
31547.0,-6883.590738743544
31548.0,-6883.573208848636
31549.0,-6883.555678953727
31550.0,-6883.538149058819
31551.0,-6883.520619163911
31552.0,-6883.503089269002
31553.0,-6883.485559374094
31554.0,-6883.468029479186
31555.0,-6883.450499584277
31556.0,-6883.432969689369
31557.0,-6883.415439794461
31558.0,-6883.397909899552
31559.0,-6883.380380004644
31560.0,-6883.362850109736
31561.0,-6883.345320214828
31562.0,-6883.32779031992
31563.0,-6883.310260425012
31564.0,-6883.292730530103
31565.0,-6883.275200635195
31566.0,-6883.257670740287
31567.0,-6883.240140845378
31568.0,-6883.22261095047
31569.0,-6883.205081055562
31570.0,-6883.187551160653
31571.0,-6883.170021265745
31572.0,-6883.152491370837
31573.0,-6883.134961475928
31574.0,-6883.11743158102
31575.0,-6883.099901686112
31576.0,-6883.0823717912035
31577.0,-6883.064841896296
31578.0,-6883.047312001388
31579.0,-6883.029782106479
31580.0,-6883.012252211571
31581.0,-6882.994722316663
31582.0,-6882.977192421754
31583.0,-6882.959662526846
31584.0,-6882.942132631938
31585.0,-6882.924602737029
31586.0,-6882.907072842121
31587.0,-6882.889542947213
31588.0,-6882.872013052304
31589.0,-6882.854483157396
31590.0,-6882.836953262488
31591.0,-6882.8194233675795
31592.0,-6882.8018934726715
31593.0,-6882.7843635777635
31594.0,-6882.766833682855
31595.0,-6882.749303787947
31596.0,-6882.731773893039
31597.0,-6882.71424399813
31598.0,-6882.696714103222
31599.0,-6882.679184208314
31600.0,-6882.661654313405
31601.0,-6882.644124418497
31602.0,-6882.626594523589
31603.0,-6882.60906462868
31604.0,-6882.591534733772
31605.0,-6882.574004838864
31606.0,-6882.556474943955
31607.0,-6882.5389450490475
31608.0,-6882.5214151541395
31609.0,-6882.503885259231
31610.0,-6882.486355364323
31611.0,-6882.468825469415
31612.0,-6882.451295574506
31613.0,-6882.433765679598
31614.0,-6882.41623578469
31615.0,-6882.398705889781
31616.0,-6882.381175994873
31617.0,-6882.363646099965
31618.0,-6882.346116205056
31619.0,-6882.328586310148
31620.0,-6882.31105641524
31621.0,-6882.293526520331
31622.0,-6882.275996625423
31623.0,-6882.2584667305155
31624.0,-6882.240936835607
31625.0,-6882.223406940699
31626.0,-6882.205877045791
31627.0,-6882.188347150882
31628.0,-6882.170817255974
31629.0,-6882.153287361066
31630.0,-6882.135757466157
31631.0,-6882.118227571249
31632.0,-6882.100697676341
31633.0,-6882.083167781432
31634.0,-6882.065637886524
31635.0,-6882.048107991616
31636.0,-6882.030578096707
31637.0,-6882.013048201799
31638.0,-6881.995518306891
31639.0,-6881.977988411983
31640.0,-6881.960458517075
31641.0,-6881.942928622167
31642.0,-6881.925398727258
31643.0,-6881.90786883235
31644.0,-6881.890338937442
31645.0,-6881.872809042533
31646.0,-6881.855279147625
31647.0,-6881.837749252717
31648.0,-6881.820219357808
31649.0,-6881.8026894629
31650.0,-6881.785159567992
31651.0,-6881.767629673083
31652.0,-6881.750099778175
31653.0,-6881.732569883267
31654.0,-6881.7150399883585
31655.0,-6881.697510093451
31656.0,-6881.679980198543
31657.0,-6881.662450303634
31658.0,-6881.644920408726
31659.0,-6881.627390513818
31660.0,-6881.609860618909
31661.0,-6881.592330724001
31662.0,-6881.574800829093
31663.0,-6881.557270934184
31664.0,-6881.539741039276
31665.0,-6881.522211144368
31666.0,-6881.504681249459
31667.0,-6881.487151354551
31668.0,-6881.469621459643
31669.0,-6881.4520915647345
31670.0,-6881.4345616698265
31671.0,-6881.4170317749185
31672.0,-6881.39950188001
31673.0,-6881.381971985102
31674.0,-6881.364442090194
31675.0,-6881.346912195285
31676.0,-6881.329382300377
31677.0,-6881.311852405469
31678.0,-6881.29432251056
31679.0,-6881.276792615652
31680.0,-6881.259262720744
31681.0,-6881.241732825835
31682.0,-6881.224202930927
31683.0,-6881.206673036019
31684.0,-6881.18914314111
31685.0,-6881.1716132462025
31686.0,-6881.1540833512945
31687.0,-6881.136553456386
31688.0,-6881.119023561478
31689.0,-6881.10149366657
31690.0,-6881.083963771661
31691.0,-6881.066433876753
31692.0,-6881.048903981845
31693.0,-6881.031374086936
31694.0,-6881.013844192028
31695.0,-6880.99631429712
31696.0,-6880.978784402211
31697.0,-6880.961254507303
31698.0,-6880.943724612395
31699.0,-6880.926194717486
31700.0,-6880.908664822578
31701.0,-6880.8911349276705
31702.0,-6880.873605032762
31703.0,-6880.856075137854
31704.0,-6880.838545242946
31705.0,-6880.821015348037
31706.0,-6880.803485453129
31707.0,-6880.785955558221
31708.0,-6880.768425663312
31709.0,-6880.750895768404
31710.0,-6880.733365873496
31711.0,-6880.715835978587
31712.0,-6880.698306083679
31713.0,-6880.680776188771
31714.0,-6880.663246293862
31715.0,-6880.645716398954
31716.0,-6880.628186504046
31717.0,-6880.610656609138
31718.0,-6880.59312671423
31719.0,-6880.575596819322
31720.0,-6880.558066924413
31721.0,-6880.540537029505
31722.0,-6880.523007134597
31723.0,-6880.505477239688
31724.0,-6880.48794734478
31725.0,-6880.470417449872
31726.0,-6880.452887554963
31727.0,-6880.435357660055
31728.0,-6880.417827765147
31729.0,-6880.400297870238
31730.0,-6880.38276797533
31731.0,-6880.365238080422
31732.0,-6880.3477081855135
31733.0,-6880.3301782906055
31734.0,-6880.312648395698
31735.0,-6880.295118500789
31736.0,-6880.277588605881
31737.0,-6880.260058710973
31738.0,-6880.242528816064
31739.0,-6880.224998921156
31740.0,-6880.207469026248
31741.0,-6880.189939131339
31742.0,-6880.172409236431
31743.0,-6880.154879341523
31744.0,-6880.137349446614
31745.0,-6880.161808649699
31746.0,-6880.186267852783
31747.0,-6880.210727055867
31748.0,-6880.235186258952
31749.0,-6880.259645462036
31750.0,-6880.28410466512
31751.0,-6880.308563868205
31752.0,-6880.333023071289
31753.0,-6880.357482274373
31754.0,-6880.381941477458
31755.0,-6880.406400680542
31756.0,-6880.430859883626
31757.0,-6880.455319086711
31758.0,-6880.479778289795
31759.0,-6880.504237492879
31760.0,-6880.528696695964
31761.0,-6880.553155899048
31762.0,-6880.577615102132
31763.0,-6880.602074305217
31764.0,-6880.626533508301
31765.0,-6880.650992711385
31766.0,-6880.67545191447
31767.0,-6880.699911117554
31768.0,-6880.724370320638
31769.0,-6880.748829523723
31770.0,-6880.773288726807
31771.0,-6880.797747929891
31772.0,-6880.822207132976
31773.0,-6880.84666633606
31774.0,-6880.871125539144
31775.0,-6880.8955847422285
31776.0,-6880.9200439453125
31777.0,-6880.9445031483965
31778.0,-6880.968962351481
31779.0,-6880.993421554565
31780.0,-6881.017880757649
31781.0,-6881.042339960734
31782.0,-6881.066799163818
31783.0,-6881.091258366902
31784.0,-6881.115717569987
31785.0,-6881.140176773071
31786.0,-6881.164635976155
31787.0,-6881.18909517924
31788.0,-6881.213554382324
31789.0,-6881.238013585408
31790.0,-6881.262472788493
31791.0,-6881.286931991577
31792.0,-6881.311391194661
31793.0,-6881.335850397746
31794.0,-6881.36030960083
31795.0,-6881.384768803914
31796.0,-6881.409228006999
31797.0,-6881.433687210083
31798.0,-6881.458146413167
31799.0,-6881.482605616252
31800.0,-6881.507064819336
31801.0,-6881.53152402242
31802.0,-6881.555983225505
31803.0,-6881.580442428589
31804.0,-6881.604901631673
31805.0,-6881.629360834758
31806.0,-6881.653820037842
31807.0,-6881.678279240926
31808.0,-6881.702738444011
31809.0,-6881.727197647095
31810.0,-6881.751656850179
31811.0,-6881.776116053264
31812.0,-6881.800575256348
31813.0,-6881.825034459432
31814.0,-6881.849493662517
31815.0,-6881.873952865601
31816.0,-6881.898412068685
31817.0,-6881.9228712717695
31818.0,-6881.9473304748535
31819.0,-6881.9717896779375
31820.0,-6881.996248881022
31821.0,-6882.020708084106
31822.0,-6882.04516728719
31823.0,-6882.069626490275
31824.0,-6882.094085693359
31825.0,-6882.118544896443
31826.0,-6882.143004099528
31827.0,-6882.167463302612
31828.0,-6882.191922505696
31829.0,-6882.216381708781
31830.0,-6882.240840911865
31831.0,-6882.265300114949
31832.0,-6882.289759318034
31833.0,-6882.314218521118
31834.0,-6882.338677724202
31835.0,-6882.363136927287
31836.0,-6882.387596130371
31837.0,-6882.412055333455
31838.0,-6882.43651453654
31839.0,-6882.460973739624
31840.0,-6882.485432942708
31841.0,-6882.509892145793
31842.0,-6882.534351348877
31843.0,-6882.558810551961
31844.0,-6882.583269755046
31845.0,-6882.60772895813
31846.0,-6882.632188161214
31847.0,-6882.656647364299
31848.0,-6882.681106567383
31849.0,-6882.705565770467
31850.0,-6882.730024973552
31851.0,-6882.754484176636
31852.0,-6882.77894337972
31853.0,-6882.803402582805
31854.0,-6882.827861785889
31855.0,-6882.852320988973
31856.0,-6882.876780192058
31857.0,-6882.901239395142
31858.0,-6882.925698598226
31859.0,-6882.9501578013105
31860.0,-6882.9746170043945
31861.0,-6882.9990762074785
31862.0,-6883.023535410563
31863.0,-6883.0479946136475
31864.0,-6883.0724538167315
31865.0,-6883.096913019816
31866.0,-6883.1213722229
31867.0,-6883.145831425984
31868.0,-6883.170290629069
31869.0,-6883.194749832153
31870.0,-6883.219209035237
31871.0,-6883.243668238322
31872.0,-6883.268127441406
31873.0,-6883.29258664449
31874.0,-6883.317045847575
31875.0,-6883.341505050659
31876.0,-6883.365964253743
31877.0,-6883.390423456828
31878.0,-6883.414882659912
31879.0,-6883.439341862996
31880.0,-6883.463801066081
31881.0,-6883.488260269165
31882.0,-6883.512719472249
31883.0,-6883.537178675334
31884.0,-6883.561637878418
31885.0,-6883.586097081502
31886.0,-6883.610556284587
31887.0,-6883.635015487671
31888.0,-6883.659474690755
31889.0,-6883.68393389384
31890.0,-6883.708393096924
31891.0,-6883.732852300008
31892.0,-6883.757311503093
31893.0,-6883.781770706177
31894.0,-6883.806229909261
31895.0,-6883.830689112346
31896.0,-6883.85514831543
31897.0,-6883.879607518514
31898.0,-6883.904066721599
31899.0,-6883.928525924683
31900.0,-6883.952985127767
31901.0,-6883.9774443308515
31902.0,-6884.001903533936
31903.0,-6884.02636273702
31904.0,-6884.0508219401045
31905.0,-6884.0752811431885
31906.0,-6884.0997403462725
31907.0,-6884.124199549357
31908.0,-6884.148658752441
31909.0,-6884.173117955525
31910.0,-6884.19757715861
31911.0,-6884.222036361694
31912.0,-6884.246495564778
31913.0,-6884.270954767863
31914.0,-6884.295413970947
31915.0,-6884.319873174031
31916.0,-6884.344332377116
31917.0,-6884.3687915802
31918.0,-6884.393250783284
31919.0,-6884.417709986369
31920.0,-6884.442169189453
31921.0,-6884.466628392537
31922.0,-6884.491087595622
31923.0,-6884.515546798706
31924.0,-6884.54000600179
31925.0,-6884.564465204875
31926.0,-6884.588924407959
31927.0,-6884.613383611043
31928.0,-6884.637842814128
31929.0,-6884.662302017212
31930.0,-6884.686761220296
31931.0,-6884.711220423381
31932.0,-6884.735679626465
31933.0,-6884.760138829549
31934.0,-6884.784598032634
31935.0,-6884.809057235718
31936.0,-6884.833516438802
31937.0,-6884.857975641887
31938.0,-6884.882434844971
31939.0,-6884.906894048055
31940.0,-6884.93135325114
31941.0,-6884.955812454224
31942.0,-6884.980271657308
31943.0,-6885.004730860393
31944.0,-6885.029190063477
31945.0,-6885.053649266561
31946.0,-6885.0781084696455
31947.0,-6885.1025676727295
31948.0,-6885.1270268758135
31949.0,-6885.151486078898
31950.0,-6885.175945281982
31951.0,-6885.200404485066
31952.0,-6885.224863688151
31953.0,-6885.249322891235
31954.0,-6885.273782094319
31955.0,-6885.298241297404
31956.0,-6885.322700500488
31957.0,-6885.347159703572
31958.0,-6885.371618906657
31959.0,-6885.396078109741
31960.0,-6885.420537312825
31961.0,-6885.44499651591
31962.0,-6885.469455718994
31963.0,-6885.493914922078
31964.0,-6885.518374125163
31965.0,-6885.542833328247
31966.0,-6885.567292531331
31967.0,-6885.591751734416
31968.0,-6885.6162109375
31969.0,-6885.640670140584
31970.0,-6885.665129343669
31971.0,-6885.689588546753
31972.0,-6885.714047749837
31973.0,-6885.738506952922
31974.0,-6885.762966156006
31975.0,-6885.78742535909
31976.0,-6885.811884562175
31977.0,-6885.836343765259
31978.0,-6885.860802968343
31979.0,-6885.885262171428
31980.0,-6885.909721374512
31981.0,-6885.934180577596
31982.0,-6885.958639780681
31983.0,-6885.983098983765
31984.0,-6886.007558186849
31985.0,-6886.032017389934
31986.0,-6886.056476593018
31987.0,-6886.080935796102
31988.0,-6886.1053949991865
31989.0,-6886.1298542022705
31990.0,-6886.1543134053545
31991.0,-6886.178772608439
31992.0,-6886.203231811523
31993.0,-6886.227691014607
31994.0,-6886.252150217692
31995.0,-6886.276609420776
31996.0,-6886.30106862386
31997.0,-6886.325527826945
31998.0,-6886.349987030029
31999.0,-6886.374446233113
32000.0,-6886.398905436198
32001.0,-6886.423364639282
32002.0,-6886.447823842366
32003.0,-6886.472283045451
32004.0,-6886.496742248535
32005.0,-6886.521201451619
32006.0,-6886.545660654704
32007.0,-6886.570119857788
32008.0,-6886.594579060872
32009.0,-6886.619038263957
32010.0,-6886.643497467041
32011.0,-6886.667956670125
32012.0,-6886.69241587321
32013.0,-6886.716875076294
32014.0,-6886.741334279378
32015.0,-6886.765793482463
32016.0,-6886.790252685547
32017.0,-6886.814711888631
32018.0,-6886.839171091716
32019.0,-6886.8636302948
32020.0,-6886.888089497884
32021.0,-6886.912548700969
32022.0,-6886.937007904053
32023.0,-6886.961467107137
32024.0,-6886.985926310222
32025.0,-6887.010385513306
32026.0,-6887.03484471639
32027.0,-6887.059303919475
32028.0,-6887.083763122559
32029.0,-6887.108222325643
32030.0,-6887.1326815287275
32031.0,-6887.1571407318115
32032.0,-6887.1815999348955
32033.0,-6887.20605913798
32034.0,-6887.230518341064
32035.0,-6887.2549775441485
32036.0,-6887.279436747233
32037.0,-6887.303895950317
32038.0,-6887.328355153401
32039.0,-6887.352814356486
32040.0,-6887.37727355957
32041.0,-6887.401732762654
32042.0,-6887.426191965739
32043.0,-6887.450651168823
32044.0,-6887.475110371907
32045.0,-6887.499569574992
32046.0,-6887.524028778076
32047.0,-6887.54848798116
32048.0,-6887.572947184245
32049.0,-6887.597406387329
32050.0,-6887.621865590413
32051.0,-6887.646324793498
32052.0,-6887.670783996582
32053.0,-6887.695243199666
32054.0,-6887.719702402751
32055.0,-6887.744161605835
32056.0,-6887.768620808919
32057.0,-6887.793080012004
32058.0,-6887.817539215088
32059.0,-6887.841998418172
32060.0,-6887.866457621257
32061.0,-6887.890916824341
32062.0,-6887.915376027425
32063.0,-6887.93983523051
32064.0,-6887.964294433594
32065.0,-6887.988753636678
32066.0,-6888.013212839763
32067.0,-6888.037672042847
32068.0,-6888.062131245931
32069.0,-6888.086590449016
32070.0,-6888.1110496521
32071.0,-6888.135508855184
32072.0,-6888.1599680582685
32073.0,-6888.1844272613525
32074.0,-6888.208886464437
32075.0,-6888.2333456675215
32076.0,-6888.2578048706055
32077.0,-6888.2822640736895
32078.0,-6888.306723276774
32079.0,-6888.331182479858
32080.0,-6888.355641682942
32081.0,-6888.380100886027
32082.0,-6888.404560089111
32083.0,-6888.429019292195
32084.0,-6888.45347849528
32085.0,-6888.477937698364
32086.0,-6888.502396901448
32087.0,-6888.526856104533
32088.0,-6888.551315307617
32089.0,-6888.575774510701
32090.0,-6888.600233713786
32091.0,-6888.62469291687
32092.0,-6888.649152119954
32093.0,-6888.673611323039
32094.0,-6888.698070526123
32095.0,-6888.722529729207
32096.0,-6888.746988932292
32097.0,-6888.771448135376
32098.0,-6888.79590733846
32099.0,-6888.820366541545
32100.0,-6888.844825744629
32101.0,-6888.869284947713
32102.0,-6888.893744150798
32103.0,-6888.918203353882
32104.0,-6888.942662556966
32105.0,-6888.967121760051
32106.0,-6888.991580963135
32107.0,-6889.016040166219
32108.0,-6889.040499369304
32109.0,-6889.064958572388
32110.0,-6889.089417775472
32111.0,-6889.113876978557
32112.0,-6889.138336181641
32113.0,-6889.162795384725
32114.0,-6889.18725458781
32115.0,-6889.211713790894
32116.0,-6889.236172993978
32117.0,-6889.2606321970625
32118.0,-6889.2850914001465
32119.0,-6889.3095506032305
32120.0,-6889.334009806315
32121.0,-6889.358469009399
32122.0,-6889.382928212483
32123.0,-6889.407387415568
32124.0,-6889.431846618652
32125.0,-6889.456305821736
32126.0,-6889.480765024821
32127.0,-6889.505224227905
32128.0,-6889.529683430989
32129.0,-6889.554142634074
32130.0,-6889.578601837158
32131.0,-6889.603061040242
32132.0,-6889.627520243327
32133.0,-6889.651979446411
32134.0,-6889.676438649495
32135.0,-6889.70089785258
32136.0,-6889.725357055664
32137.0,-6889.749816258748
32138.0,-6889.774275461833
32139.0,-6889.798734664917
32140.0,-6889.823193868001
32141.0,-6889.847653071086
32142.0,-6889.87211227417
32143.0,-6889.896571477254
32144.0,-6889.921030680339
32145.0,-6889.945489883423
32146.0,-6889.969949086507
32147.0,-6889.994408289592
32148.0,-6890.018867492676
32149.0,-6890.04332669576
32150.0,-6890.067785898845
32151.0,-6890.092245101929
32152.0,-6890.116704305013
32153.0,-6890.141163508098
32154.0,-6890.165622711182
32155.0,-6890.190081914266
32156.0,-6890.214541117351
32157.0,-6890.239000320435
32158.0,-6890.263459523519
32159.0,-6890.2879187266035
32160.0,-6890.3123779296875
32161.0,-6890.3368371327715
32162.0,-6890.361296335856
32163.0,-6890.38575553894
32164.0,-6890.410214742024
32165.0,-6890.434673945109
32166.0,-6890.459133148193
32167.0,-6890.483592351277
32168.0,-6890.508051554362
32169.0,-6890.532510757446
32170.0,-6890.55696996053
32171.0,-6890.581429163615
32172.0,-6890.605888366699
32173.0,-6890.630347569783
32174.0,-6890.654806772868
32175.0,-6890.679265975952
32176.0,-6890.703725179036
32177.0,-6890.728184382121
32178.0,-6890.752643585205
32179.0,-6890.777102788289
32180.0,-6890.801561991374
32181.0,-6890.826021194458
32182.0,-6890.850480397542
32183.0,-6890.874939600627
32184.0,-6890.899398803711
32185.0,-6890.923858006795
32186.0,-6890.94831720988
32187.0,-6890.972776412964
32188.0,-6890.997235616048
32189.0,-6891.021694819133
32190.0,-6891.046154022217
32191.0,-6891.070613225301
32192.0,-6891.095072428386
32193.0,-6891.11953163147
32194.0,-6891.143990834554
32195.0,-6891.168450037639
32196.0,-6891.192909240723
32197.0,-6891.217368443807
32198.0,-6891.241827646892
32199.0,-6891.266286849976
32200.0,-6891.29074605306
32201.0,-6891.3152052561445
32202.0,-6891.3396644592285
32203.0,-6891.3641236623125
32204.0,-6891.388582865397
32205.0,-6891.413042068481
32206.0,-6891.437501271565
32207.0,-6891.46196047465
32208.0,-6891.486419677734
32209.0,-6891.510878880818
32210.0,-6891.535338083903
32211.0,-6891.559797286987
32212.0,-6891.584256490071
32213.0,-6891.608715693156
32214.0,-6891.63317489624
32215.0,-6891.657634099324
32216.0,-6891.682093302409
32217.0,-6891.706552505493
32218.0,-6891.731011708577
32219.0,-6891.755470911662
32220.0,-6891.779930114746
32221.0,-6891.80438931783
32222.0,-6891.828848520915
32223.0,-6891.853307723999
32224.0,-6891.877766927083
32225.0,-6891.902226130168
32226.0,-6891.926685333252
32227.0,-6891.951144536336
32228.0,-6891.975603739421
32229.0,-6892.000062942505
32230.0,-6892.024522145589
32231.0,-6892.048981348674
32232.0,-6892.073440551758
32233.0,-6892.097899754842
32234.0,-6892.122358957927
32235.0,-6892.146818161011
32236.0,-6892.171277364095
32237.0,-6892.19573656718
32238.0,-6892.220195770264
32239.0,-6892.244654973348
32240.0,-6892.269114176433
32241.0,-6892.293573379517
32242.0,-6892.318032582601
32243.0,-6892.3424917856855
32244.0,-6892.3669509887695
32245.0,-6892.3914101918535
32246.0,-6892.415869394938
32247.0,-6892.4403285980225
32248.0,-6892.4647878011065
32249.0,-6892.489247004191
32250.0,-6892.513706207275
32251.0,-6892.538165410359
32252.0,-6892.562624613444
32253.0,-6892.587083816528
32254.0,-6892.611543019612
32255.0,-6892.636002222697
32256.0,-6892.660461425781
32257.0,-6892.684920628865
32258.0,-6892.70937983195
32259.0,-6892.733839035034
32260.0,-6892.758298238118
32261.0,-6892.782757441203
32262.0,-6892.807216644287
32263.0,-6892.831675847371
32264.0,-6892.856135050456
32265.0,-6892.88059425354
32266.0,-6892.905053456624
32267.0,-6892.929512659709
32268.0,-6892.953971862793
32269.0,-6892.978431065877
32270.0,-6893.002890268962
32271.0,-6893.027349472046
32272.0,-6893.05180867513
32273.0,-6893.076267878215
32274.0,-6893.100727081299
32275.0,-6893.125186284383
32276.0,-6893.149645487468
32277.0,-6893.174104690552
32278.0,-6893.198563893636
32279.0,-6893.223023096721
32280.0,-6893.247482299805
32281.0,-6893.271941502889
32282.0,-6893.296400705974
32283.0,-6893.320859909058
32284.0,-6893.345319112142
32285.0,-6893.3697783152265
32286.0,-6893.394237518311
32287.0,-6893.418696721395
32288.0,-6893.4431559244795
32289.0,-6893.4676151275635
32290.0,-6893.4920743306475
32291.0,-6893.516533533732
32292.0,-6893.540992736816
32293.0,-6893.5654519399
32294.0,-6893.589911142985
32295.0,-6893.614370346069
32296.0,-6893.638829549153
32297.0,-6893.663288752238
32298.0,-6893.687747955322
32299.0,-6893.712207158406
32300.0,-6893.736666361491
32301.0,-6893.761125564575
32302.0,-6893.785584767659
32303.0,-6893.810043970744
32304.0,-6893.834503173828
32305.0,-6893.858962376912
32306.0,-6893.883421579997
32307.0,-6893.907880783081
32308.0,-6893.932339986165
32309.0,-6893.95679918925
32310.0,-6893.981258392334
32311.0,-6894.005717595418
32312.0,-6894.030176798503
32313.0,-6894.054636001587
32314.0,-6894.079095204671
32315.0,-6894.103554407756
32316.0,-6894.12801361084
32317.0,-6894.152472813924
32318.0,-6894.176932017009
32319.0,-6894.201391220093
32320.0,-6894.225850423177
32321.0,-6894.250309626262
32322.0,-6894.274768829346
32323.0,-6894.29922803243
32324.0,-6894.323687235515
32325.0,-6894.348146438599
32326.0,-6894.372605641683
32327.0,-6894.397064844768
32328.0,-6894.421524047852
32329.0,-6894.445983250936
32330.0,-6894.4704424540205
32331.0,-6894.4949016571045
32332.0,-6894.5193608601885
32333.0,-6894.543820063273
32334.0,-6894.568279266357
32335.0,-6894.592738469441
32336.0,-6894.617197672526
32337.0,-6894.64165687561
32338.0,-6894.666116078694
32339.0,-6894.690575281779
32340.0,-6894.715034484863
32341.0,-6894.739493687947
32342.0,-6894.763952891032
32343.0,-6894.788412094116
32344.0,-6894.8128712972
32345.0,-6894.837330500285
32346.0,-6894.861789703369
32347.0,-6894.886248906453
32348.0,-6894.910708109538
32349.0,-6894.935167312622
32350.0,-6894.959626515706
32351.0,-6894.984085718791
32352.0,-6895.008544921875
32353.0,-6895.033004124959
32354.0,-6895.057463328044
32355.0,-6895.081922531128
32356.0,-6895.106381734212
32357.0,-6895.130840937297
32358.0,-6895.155300140381
32359.0,-6895.179759343465
32360.0,-6895.20421854655
32361.0,-6895.228677749634
32362.0,-6895.253136952718
32363.0,-6895.277596155803
32364.0,-6895.302055358887
32365.0,-6895.326514561971
32366.0,-6895.350973765056
32367.0,-6895.37543296814
32368.0,-6895.399892171224
32369.0,-6895.424351374309
32370.0,-6895.448810577393
32371.0,-6895.473269780477
32372.0,-6895.4977289835615
32373.0,-6895.5221881866455
32374.0,-6895.5466473897295
32375.0,-6895.571106592814
32376.0,-6895.595565795898
32377.0,-6895.620024998982
32378.0,-6895.644484202067
32379.0,-6895.668943405151
32380.0,-6895.693402608235
32381.0,-6895.71786181132
32382.0,-6895.742321014404
32383.0,-6895.766780217488
32384.0,-6895.791239420573
32385.0,-6895.815698623657
32386.0,-6895.840157826741
32387.0,-6895.864617029826
32388.0,-6895.88907623291
32389.0,-6895.913535435994
32390.0,-6895.937994639079
32391.0,-6895.962453842163
32392.0,-6895.986913045247
32393.0,-6896.011372248332
32394.0,-6896.035831451416
32395.0,-6896.0602906545
32396.0,-6896.084749857585
32397.0,-6896.109209060669
32398.0,-6896.133668263753
32399.0,-6896.158127466838
32400.0,-6896.182586669922
32401.0,-6896.207045873006
32402.0,-6896.231505076091
32403.0,-6896.255964279175
32404.0,-6896.280423482259
32405.0,-6896.304882685344
32406.0,-6896.329341888428
32407.0,-6896.353801091512
32408.0,-6896.378260294597
32409.0,-6896.402719497681
32410.0,-6896.427178700765
32411.0,-6896.45163790385
32412.0,-6896.476097106934
32413.0,-6896.500556310018
32414.0,-6896.5250155131025
32415.0,-6896.5494747161865
32416.0,-6896.5739339192705
32417.0,-6896.598393122355
32418.0,-6896.622852325439
32419.0,-6896.6473115285235
32420.0,-6896.671770731608
32421.0,-6896.696229934692
32422.0,-6896.720689137776
32423.0,-6896.745148340861
32424.0,-6896.769607543945
32425.0,-6896.794066747029
32426.0,-6896.818525950114
32427.0,-6896.842985153198
32428.0,-6896.867444356282
32429.0,-6896.891903559367
32430.0,-6896.916362762451
32431.0,-6896.940821965535
32432.0,-6896.96528116862
32433.0,-6896.989740371704
32434.0,-6897.014199574788
32435.0,-6897.038658777873
32436.0,-6897.063117980957
32437.0,-6897.087577184041
32438.0,-6897.112036387126
32439.0,-6897.13649559021
32440.0,-6897.160954793294
32441.0,-6897.185413996379
32442.0,-6897.209873199463
32443.0,-6897.234332402547
32444.0,-6897.258791605632
32445.0,-6897.283250808716
32446.0,-6897.3077100118
32447.0,-6897.332169214885
32448.0,-6897.356628417969
32449.0,-6897.381087621053
32450.0,-6897.405546824138
32451.0,-6897.430006027222
32452.0,-6897.454465230306
32453.0,-6897.478924433391
32454.0,-6897.503383636475
32455.0,-6897.527842839559
32456.0,-6897.5523020426435
32457.0,-6897.5767612457275
32458.0,-6897.601220448812
32459.0,-6897.6256796518965
32460.0,-6897.6501388549805
32461.0,-6897.6745980580645
32462.0,-6897.699057261149
32463.0,-6897.723516464233
32464.0,-6897.747975667317
32465.0,-6897.772434870402
32466.0,-6897.796894073486
32467.0,-6897.82135327657
32468.0,-6897.845812479655
32469.0,-6897.870271682739
32470.0,-6897.894730885823
32471.0,-6897.919190088908
32472.0,-6897.943649291992
32473.0,-6897.968108495076
32474.0,-6897.992567698161
32475.0,-6898.017026901245
32476.0,-6898.041486104329
32477.0,-6898.065945307414
32478.0,-6898.090404510498
32479.0,-6898.114863713582
32480.0,-6898.139322916667
32481.0,-6898.163782119751
32482.0,-6898.188241322835
32483.0,-6898.21270052592
32484.0,-6898.237159729004
32485.0,-6898.261618932088
32486.0,-6898.286078135173
32487.0,-6898.310537338257
32488.0,-6898.334996541341
32489.0,-6898.359455744426
32490.0,-6898.38391494751
32491.0,-6898.408374150594
32492.0,-6898.432833353679
32493.0,-6898.457292556763
32494.0,-6898.481751759847
32495.0,-6898.506210962932
32496.0,-6898.530670166016
32497.0,-6898.5551293691
32498.0,-6898.579588572185
32499.0,-6898.604047775269
32500.0,-6898.628506978353
32501.0,-6898.6529661814375
32502.0,-6898.6774253845215
32503.0,-6898.7018845876055
32504.0,-6898.72634379069
32505.0,-6898.750802993774
32506.0,-6898.775262196858
32507.0,-6898.799721399943
32508.0,-6898.824180603027
32509.0,-6898.848639806111
32510.0,-6898.873099009196
32511.0,-6898.89755821228
32512.0,-6898.922017415364
32513.0,-6898.946476618449
32514.0,-6898.970935821533
32515.0,-6898.995395024617
32516.0,-6899.019854227702
32517.0,-6899.044313430786
32518.0,-6899.06877263387
32519.0,-6899.093231836955
32520.0,-6899.117691040039
32521.0,-6899.142150243123
32522.0,-6899.166609446208
32523.0,-6899.191068649292
32524.0,-6899.215527852376
32525.0,-6899.239987055461
32526.0,-6899.264446258545
32527.0,-6899.288905461629
32528.0,-6899.313364664714
32529.0,-6899.337823867798
32530.0,-6899.362283070882
32531.0,-6899.386742273967
32532.0,-6899.411201477051
32533.0,-6899.435660680135
32534.0,-6899.46011988322
32535.0,-6899.484579086304
32536.0,-6899.509038289388
32537.0,-6899.533497492473
32538.0,-6899.557956695557
32539.0,-6899.582415898641
32540.0,-6899.606875101726
32541.0,-6899.63133430481
32542.0,-6899.655793507894
32543.0,-6899.6802527109785
32544.0,-6899.7047119140625
32545.0,-6899.7291711171465
32546.0,-6899.753630320231
32547.0,-6899.778089523315
32548.0,-6899.802548726399
32549.0,-6899.827007929484
32550.0,-6899.851467132568
32551.0,-6899.875926335652
32552.0,-6899.900385538737
32553.0,-6899.924844741821
32554.0,-6899.949303944905
32555.0,-6899.97376314799
32556.0,-6899.998222351074
32557.0,-6900.022681554158
32558.0,-6900.047140757243
32559.0,-6900.071599960327
32560.0,-6900.096059163411
32561.0,-6900.120518366496
32562.0,-6900.14497756958
32563.0,-6900.169436772664
32564.0,-6900.193895975749
32565.0,-6900.218355178833
32566.0,-6900.242814381917
32567.0,-6900.267273585002
32568.0,-6900.291732788086
32569.0,-6900.31619199117
32570.0,-6900.340651194255
32571.0,-6900.365110397339
32572.0,-6900.389569600423
32573.0,-6900.414028803508
32574.0,-6900.438488006592
32575.0,-6900.462947209676
32576.0,-6900.487406412761
32577.0,-6900.511865615845
32578.0,-6900.536324818929
32579.0,-6900.560784022014
32580.0,-6900.585243225098
32581.0,-6900.609702428182
32582.0,-6900.634161631267
32583.0,-6900.658620834351
32584.0,-6900.683080037435
32585.0,-6900.7075392405195
32586.0,-6900.7319984436035
32587.0,-6900.7564576466875
32588.0,-6900.780916849772
32589.0,-6900.805376052856
32590.0,-6900.82983525594
32591.0,-6900.854294459025
32592.0,-6900.878753662109
32593.0,-6900.903212865193
32594.0,-6900.927672068278
32595.0,-6900.952131271362
32596.0,-6900.976590474446
32597.0,-6901.001049677531
32598.0,-6901.025508880615
32599.0,-6901.049968083699
32600.0,-6901.074427286784
32601.0,-6901.098886489868
32602.0,-6901.123345692952
32603.0,-6901.147804896037
32604.0,-6901.172264099121
32605.0,-6901.196723302205
32606.0,-6901.22118250529
32607.0,-6901.245641708374
32608.0,-6901.270100911458
32609.0,-6901.294560114543
32610.0,-6901.319019317627
32611.0,-6901.343478520711
32612.0,-6901.367937723796
32613.0,-6901.39239692688
32614.0,-6901.416856129964
32615.0,-6901.441315333049
32616.0,-6901.465774536133
32617.0,-6901.490233739217
32618.0,-6901.514692942302
32619.0,-6901.539152145386
32620.0,-6901.56361134847
32621.0,-6901.588070551555
32622.0,-6901.612529754639
32623.0,-6901.636988957723
32624.0,-6901.661448160808
32625.0,-6901.685907363892
32626.0,-6901.710366566976
32627.0,-6901.7348257700605
32628.0,-6901.7592849731445
32629.0,-6901.7837441762285
32630.0,-6901.808203379313
32631.0,-6901.8326625823975
32632.0,-6901.8571217854815
32633.0,-6901.881580988566
32634.0,-6901.90604019165
32635.0,-6901.930499394734
32636.0,-6901.954958597819
32637.0,-6901.979417800903
32638.0,-6902.003877003987
32639.0,-6902.028336207072
32640.0,-6902.052795410156
32641.0,-6902.07725461324
32642.0,-6902.101713816325
32643.0,-6902.126173019409
32644.0,-6902.150632222493
32645.0,-6902.175091425578
32646.0,-6902.199550628662
32647.0,-6902.224009831746
32648.0,-6902.248469034831
32649.0,-6902.272928237915
32650.0,-6902.297387440999
32651.0,-6902.321846644084
32652.0,-6902.346305847168
32653.0,-6902.370765050252
32654.0,-6902.395224253337
32655.0,-6902.419683456421
32656.0,-6902.444142659505
32657.0,-6902.46860186259
32658.0,-6902.493061065674
32659.0,-6902.517520268758
32660.0,-6902.541979471843
32661.0,-6902.566438674927
32662.0,-6902.590897878011
32663.0,-6902.615357081096
32664.0,-6902.63981628418
32665.0,-6902.664275487264
32666.0,-6902.688734690349
32667.0,-6902.713193893433
32668.0,-6902.737653096517
32669.0,-6902.7621122996015
32670.0,-6902.786571502686
32671.0,-6902.81103070577
32672.0,-6902.8354899088545
32673.0,-6902.8599491119385
32674.0,-6902.8844083150225
32675.0,-6902.908867518107
32676.0,-6902.933326721191
32677.0,-6902.957785924275
32678.0,-6902.98224512736
32679.0,-6903.006704330444
32680.0,-6903.031163533528
32681.0,-6903.055622736613
32682.0,-6903.080081939697
32683.0,-6903.104541142781
32684.0,-6903.129000345866
32685.0,-6903.15345954895
32686.0,-6903.177918752034
32687.0,-6903.202377955119
32688.0,-6903.226837158203
32689.0,-6903.251296361287
32690.0,-6903.275755564372
32691.0,-6903.300214767456
32692.0,-6903.32467397054
32693.0,-6903.349133173625
32694.0,-6903.373592376709
32695.0,-6903.398051579793
32696.0,-6903.422510782878
32697.0,-6903.446969985962
32698.0,-6903.471429189046
32699.0,-6903.495888392131
32700.0,-6903.520347595215
32701.0,-6903.544806798299
32702.0,-6903.569266001384
32703.0,-6903.593725204468
32704.0,-6903.618184407552
32705.0,-6903.642643610637
32706.0,-6903.667102813721
32707.0,-6903.691562016805
32708.0,-6903.71602121989
32709.0,-6903.740480422974
32710.0,-6903.764939626058
32711.0,-6903.789398829143
32712.0,-6903.813858032227
32713.0,-6903.838317235311
32714.0,-6903.8627764383955
32715.0,-6903.8872356414795
32716.0,-6903.9116948445635
32717.0,-6903.936154047648
32718.0,-6903.960613250732
32719.0,-6903.985072453816
32720.0,-6904.009531656901
32721.0,-6904.033990859985
32722.0,-6904.058450063069
32723.0,-6904.082909266154
32724.0,-6904.107368469238
32725.0,-6904.131827672322
32726.0,-6904.156286875407
32727.0,-6904.180746078491
32728.0,-6904.205205281575
32729.0,-6904.22966448466
32730.0,-6904.254123687744
32731.0,-6904.278582890828
32732.0,-6904.303042093913
32733.0,-6904.327501296997
32734.0,-6904.351960500081
32735.0,-6904.376419703166
32736.0,-6904.40087890625
32737.0,-6904.425338109334
32738.0,-6904.449797312419
32739.0,-6904.474256515503
32740.0,-6904.498715718587
32741.0,-6904.523174921672
32742.0,-6904.547634124756
32743.0,-6904.57209332784
32744.0,-6904.596552530925
32745.0,-6904.621011734009
32746.0,-6904.645470937093
32747.0,-6904.669930140178
32748.0,-6904.694389343262
32749.0,-6904.718848546346
32750.0,-6904.743307749431
32751.0,-6904.767766952515
32752.0,-6904.792226155599
32753.0,-6904.816685358684
32754.0,-6904.841144561768
32755.0,-6904.865603764852
32756.0,-6904.8900629679365
32757.0,-6904.9145221710205
32758.0,-6904.9389813741045
32759.0,-6904.963440577189
32760.0,-6904.987899780273
32761.0,-6905.012358983357
32762.0,-6905.036818186442
32763.0,-6905.061277389526
32764.0,-6905.08573659261
32765.0,-6905.110195795695
32766.0,-6905.134654998779
32767.0,-6905.159114201863
32768.0,-6905.183573404948
32769.0,-6905.207671791315
32770.0,-6905.231770177682
32771.0,-6905.25586856405
32772.0,-6905.279966950417
32773.0,-6905.304065336783
32774.0,-6905.328163723151
32775.0,-6905.352262109518
32776.0,-6905.376360495885
32777.0,-6905.400458882253
32778.0,-6905.4245572686195
32779.0,-6905.448655654986
32780.0,-6905.472754041354
32781.0,-6905.496852427721
32782.0,-6905.520950814088
32783.0,-6905.545049200456
32784.0,-6905.5691475868225
32785.0,-6905.593245973189
32786.0,-6905.617344359557
32787.0,-6905.641442745924
32788.0,-6905.665541132291
32789.0,-6905.689639518659
32790.0,-6905.7137379050255
32791.0,-6905.737836291392
32792.0,-6905.76193467776
32793.0,-6905.786033064127
32794.0,-6905.810131450494
32795.0,-6905.834229836862
32796.0,-6905.858328223228
32797.0,-6905.882426609595
32798.0,-6905.906524995963
32799.0,-6905.93062338233
32800.0,-6905.954721768697
32801.0,-6905.978820155065
32802.0,-6906.002918541431
32803.0,-6906.027016927798
32804.0,-6906.051115314166
32805.0,-6906.075213700533
32806.0,-6906.0993120869
32807.0,-6906.1234104732675
32808.0,-6906.147508859634
32809.0,-6906.171607246001
32810.0,-6906.195705632369
32811.0,-6906.219804018736
32812.0,-6906.243902405103
32813.0,-6906.2680007914705
32814.0,-6906.292099177837
32815.0,-6906.316197564204
32816.0,-6906.340295950572
32817.0,-6906.364394336939
32818.0,-6906.388492723306
32819.0,-6906.4125911096735
32820.0,-6906.43668949604
32821.0,-6906.460787882407
32822.0,-6906.484886268775
32823.0,-6906.508984655142
32824.0,-6906.533083041509
32825.0,-6906.5571814278765
32826.0,-6906.581279814243
32827.0,-6906.60537820061
32828.0,-6906.629476586978
32829.0,-6906.653574973345
32830.0,-6906.677673359712
32831.0,-6906.701771746079
32832.0,-6906.725870132446
32833.0,-6906.749968518813
32834.0,-6906.774066905181
32835.0,-6906.798165291548
32836.0,-6906.822263677915
32837.0,-6906.846362064282
32838.0,-6906.870460450649
32839.0,-6906.894558837016
32840.0,-6906.918657223384
32841.0,-6906.942755609751
32842.0,-6906.966853996118
32843.0,-6906.990952382485
32844.0,-6907.015050768852
32845.0,-6907.039149155219
32846.0,-6907.063247541587
32847.0,-6907.087345927954
32848.0,-6907.111444314321
32849.0,-6907.135542700688
32850.0,-6907.159641087055
32851.0,-6907.183739473422
32852.0,-6907.20783785979
32853.0,-6907.231936246157
32854.0,-6907.256034632524
32855.0,-6907.280133018891
32856.0,-6907.304231405258
32857.0,-6907.328329791625
32858.0,-6907.352428177993
32859.0,-6907.37652656436
32860.0,-6907.4006249507265
32861.0,-6907.424723337094
32862.0,-6907.448821723461
32863.0,-6907.472920109828
32864.0,-6907.497018496196
32865.0,-6907.521116882563
32866.0,-6907.5452152689295
32867.0,-6907.569313655297
32868.0,-6907.593412041664
32869.0,-6907.617510428031
32870.0,-6907.641608814399
32871.0,-6907.665707200766
32872.0,-6907.6898055871325
32873.0,-6907.7139039735
32874.0,-6907.738002359867
32875.0,-6907.762100746234
32876.0,-6907.786199132602
32877.0,-6907.810297518969
32878.0,-6907.834395905335
32879.0,-6907.858494291703
32880.0,-6907.88259267807
32881.0,-6907.906691064437
32882.0,-6907.930789450805
32883.0,-6907.954887837172
32884.0,-6907.978986223538
32885.0,-6908.003084609906
32886.0,-6908.027182996273
32887.0,-6908.05128138264
32888.0,-6908.075379769008
32889.0,-6908.0994781553745
32890.0,-6908.123576541741
32891.0,-6908.147674928109
32892.0,-6908.171773314476
32893.0,-6908.195871700843
32894.0,-6908.219970087211
32895.0,-6908.2440684735775
32896.0,-6908.268166859944
32897.0,-6908.292265246312
32898.0,-6908.316363632679
32899.0,-6908.340462019046
32900.0,-6908.364560405414
32901.0,-6908.3886587917805
32902.0,-6908.412757178147
32903.0,-6908.436855564515
32904.0,-6908.460953950882
32905.0,-6908.485052337249
32906.0,-6908.509150723617
32907.0,-6908.533249109983
32908.0,-6908.55734749635
32909.0,-6908.581445882718
32910.0,-6908.605544269085
32911.0,-6908.629642655452
32912.0,-6908.65374104182
32913.0,-6908.677839428186
32914.0,-6908.701937814553
32915.0,-6908.726036200921
32916.0,-6908.750134587288
32917.0,-6908.774232973655
32918.0,-6908.7983313600225
32919.0,-6908.822429746389
32920.0,-6908.846528132756
32921.0,-6908.870626519124
32922.0,-6908.894724905491
32923.0,-6908.918823291858
32924.0,-6908.9429216782255
32925.0,-6908.967020064592
32926.0,-6908.991118450959
32927.0,-6909.015216837327
32928.0,-6909.039315223694
32929.0,-6909.063413610061
32930.0,-6909.0875119964285
32931.0,-6909.111610382795
32932.0,-6909.135708769162
32933.0,-6909.15980715553
32934.0,-6909.183905541897
32935.0,-6909.208003928264
32936.0,-6909.232102314631
32937.0,-6909.256200700998
32938.0,-6909.280299087365
32939.0,-6909.304397473733
32940.0,-6909.3284958601
32941.0,-6909.352594246467
32942.0,-6909.376692632834
32943.0,-6909.400791019201
32944.0,-6909.424889405568
32945.0,-6909.448987791936
32946.0,-6909.473086178303
32947.0,-6909.49718456467
32948.0,-6909.521282951037
32949.0,-6909.545381337404
32950.0,-6909.569479723771
32951.0,-6909.593578110139
32952.0,-6909.617676496506
32953.0,-6909.641774882873
32954.0,-6909.66587326924
32955.0,-6909.689971655607
32956.0,-6909.714070041974
32957.0,-6909.738168428342
32958.0,-6909.762266814709
32959.0,-6909.786365201076
32960.0,-6909.810463587443
32961.0,-6909.83456197381
32962.0,-6909.858660360177
32963.0,-6909.882758746545
32964.0,-6909.906857132912
32965.0,-6909.9309555192785
32966.0,-6909.955053905646
32967.0,-6909.979152292013
32968.0,-6910.00325067838
32969.0,-6910.027349064748
32970.0,-6910.051447451115
32971.0,-6910.0755458374815
32972.0,-6910.099644223849
32973.0,-6910.123742610216
32974.0,-6910.147840996583
32975.0,-6910.171939382951
32976.0,-6910.196037769318
32977.0,-6910.2201361556845
32978.0,-6910.244234542052
32979.0,-6910.268332928419
32980.0,-6910.292431314786
32981.0,-6910.316529701154
32982.0,-6910.340628087521
32983.0,-6910.3647264738875
32984.0,-6910.388824860255
32985.0,-6910.412923246622
32986.0,-6910.437021632989
32987.0,-6910.461120019357
32988.0,-6910.485218405724
32989.0,-6910.50931679209
32990.0,-6910.533415178458
32991.0,-6910.557513564825
32992.0,-6910.581611951192
32993.0,-6910.60571033756
32994.0,-6910.6298087239265
32995.0,-6910.653907110293
32996.0,-6910.678005496661
32997.0,-6910.702103883028
32998.0,-6910.726202269395
32999.0,-6910.750300655763
33000.0,-6910.7743990421295
33001.0,-6910.798497428496
33002.0,-6910.822595814864
33003.0,-6910.846694201231
33004.0,-6910.870792587598
33005.0,-6910.894890973966
33006.0,-6910.9189893603325
33007.0,-6910.943087746699
33008.0,-6910.967186133067
33009.0,-6910.991284519434
33010.0,-6911.015382905801
33011.0,-6911.039481292169
33012.0,-6911.0635796785355
33013.0,-6911.087678064902
33014.0,-6911.11177645127
33015.0,-6911.135874837637
33016.0,-6911.159973224004
33017.0,-6911.184071610372
33018.0,-6911.208169996738
33019.0,-6911.232268383105
33020.0,-6911.256366769473
33021.0,-6911.28046515584
33022.0,-6911.304563542207
33023.0,-6911.328661928575
33024.0,-6911.352760314941
33025.0,-6911.376858701308
33026.0,-6911.400957087676
33027.0,-6911.425055474043
33028.0,-6911.44915386041
33029.0,-6911.4732522467775
33030.0,-6911.497350633144
33031.0,-6911.521449019511
33032.0,-6911.545547405879
33033.0,-6911.569645792246
33034.0,-6911.593744178613
33035.0,-6911.6178425649805
33036.0,-6911.641940951347
33037.0,-6911.666039337714
33038.0,-6911.690137724082
33039.0,-6911.714236110449
33040.0,-6911.738334496816
33041.0,-6911.7624328831835
33042.0,-6911.78653126955
33043.0,-6911.810629655917
33044.0,-6911.834728042285
33045.0,-6911.858826428652
33046.0,-6911.882924815019
33047.0,-6911.907023201386
33048.0,-6911.931121587753
33049.0,-6911.95521997412
33050.0,-6911.979318360488
33051.0,-6912.003416746855
33052.0,-6912.027515133222
33053.0,-6912.051613519589
33054.0,-6912.075711905956
33055.0,-6912.099810292323
33056.0,-6912.123908678691
33057.0,-6912.148007065058
33058.0,-6912.172105451425
33059.0,-6912.196203837792
33060.0,-6912.220302224159
33061.0,-6912.244400610526
33062.0,-6912.268498996894
33063.0,-6912.292597383261
33064.0,-6912.316695769628
33065.0,-6912.340794155995
33066.0,-6912.364892542362
33067.0,-6912.388990928729
33068.0,-6912.413089315097
33069.0,-6912.437187701464
33070.0,-6912.461286087831
33071.0,-6912.485384474198
33072.0,-6912.509482860565
33073.0,-6912.533581246932
33074.0,-6912.5576796333
33075.0,-6912.581778019667
33076.0,-6912.6058764060335
33077.0,-6912.629974792401
33078.0,-6912.654073178768
33079.0,-6912.678171565135
33080.0,-6912.702269951503
33081.0,-6912.72636833787
33082.0,-6912.7504667242365
33083.0,-6912.774565110604
33084.0,-6912.798663496971
33085.0,-6912.822761883338
33086.0,-6912.846860269706
33087.0,-6912.870958656073
33088.0,-6912.8950570424395
33089.0,-6912.919155428807
33090.0,-6912.943253815174
33091.0,-6912.967352201541
33092.0,-6912.991450587909
33093.0,-6913.015548974276
33094.0,-6913.039647360642
33095.0,-6913.06374574701
33096.0,-6913.087844133377
33097.0,-6913.111942519744
33098.0,-6913.136040906112
33099.0,-6913.160139292479
33100.0,-6913.184237678845
33101.0,-6913.208336065213
33102.0,-6913.23243445158
33103.0,-6913.256532837947
33104.0,-6913.280631224315
33105.0,-6913.3047296106815
33106.0,-6913.328827997048
33107.0,-6913.352926383416
33108.0,-6913.377024769783
33109.0,-6913.40112315615
33110.0,-6913.425221542518
33111.0,-6913.4493199288845
33112.0,-6913.473418315251
33113.0,-6913.497516701619
33114.0,-6913.521615087986
33115.0,-6913.545713474353
33116.0,-6913.569811860721
33117.0,-6913.5939102470875
33118.0,-6913.618008633454
33119.0,-6913.642107019822
33120.0,-6913.666205406189
33121.0,-6913.690303792556
33122.0,-6913.714402178924
33123.0,-6913.73850056529
33124.0,-6913.762598951657
33125.0,-6913.786697338025
33126.0,-6913.810795724392
33127.0,-6913.834894110759
33128.0,-6913.858992497127
33129.0,-6913.883090883493
33130.0,-6913.90718926986
33131.0,-6913.931287656228
33132.0,-6913.955386042595
33133.0,-6913.979484428962
33134.0,-6914.0035828153295
33135.0,-6914.027681201696
33136.0,-6914.051779588063
33137.0,-6914.075877974431
33138.0,-6914.099976360798
33139.0,-6914.124074747165
33140.0,-6914.1481731335325
33141.0,-6914.172271519899
33142.0,-6914.196369906266
33143.0,-6914.220468292634
33144.0,-6914.244566679001
33145.0,-6914.268665065368
33146.0,-6914.2927634517355
33147.0,-6914.316861838102
33148.0,-6914.340960224469
33149.0,-6914.365058610837
33150.0,-6914.389156997204
33151.0,-6914.413255383571
33152.0,-6914.437353769938
33153.0,-6914.461452156305
33154.0,-6914.485550542672
33155.0,-6914.50964892904
33156.0,-6914.533747315407
33157.0,-6914.557845701774
33158.0,-6914.581944088141
33159.0,-6914.606042474508
33160.0,-6914.630140860875
33161.0,-6914.654239247243
33162.0,-6914.67833763361
33163.0,-6914.702436019977
33164.0,-6914.726534406344
33165.0,-6914.750632792711
33166.0,-6914.774731179078
33167.0,-6914.798829565446
33168.0,-6914.822927951813
33169.0,-6914.84702633818
33170.0,-6914.871124724547
33171.0,-6914.895223110914
33172.0,-6914.919321497281
33173.0,-6914.943419883649
33174.0,-6914.967518270016
33175.0,-6914.991616656383
33176.0,-6915.01571504275
33177.0,-6915.039813429117
33178.0,-6915.063911815484
33179.0,-6915.088010201852
33180.0,-6915.112108588219
33181.0,-6915.136206974586
33182.0,-6915.160305360953
33183.0,-6915.18440374732
33184.0,-6915.208502133687
33185.0,-6915.232600520055
33186.0,-6915.256698906422
33187.0,-6915.2807972927885
33188.0,-6915.304895679156
33189.0,-6915.328994065523
33190.0,-6915.35309245189
33191.0,-6915.377190838258
33192.0,-6915.401289224625
33193.0,-6915.4253876109915
33194.0,-6915.449485997359
33195.0,-6915.473584383726
33196.0,-6915.497682770093
33197.0,-6915.521781156461
33198.0,-6915.545879542828
33199.0,-6915.5699779291945
33200.0,-6915.594076315562
33201.0,-6915.618174701929
33202.0,-6915.642273088296
33203.0,-6915.666371474664
33204.0,-6915.690469861031
33205.0,-6915.714568247397
33206.0,-6915.738666633765
33207.0,-6915.762765020132
33208.0,-6915.786863406499
33209.0,-6915.810961792867
33210.0,-6915.835060179234
33211.0,-6915.8591585656
33212.0,-6915.883256951968
33213.0,-6915.907355338335
33214.0,-6915.931453724702
33215.0,-6915.95555211107
33216.0,-6915.9796504974365
33217.0,-6916.003748883803
33218.0,-6916.027847270171
33219.0,-6916.051945656538
33220.0,-6916.076044042905
33221.0,-6916.100142429273
33222.0,-6916.1242408156395
33223.0,-6916.148339202006
33224.0,-6916.172437588374
33225.0,-6916.196535974741
33226.0,-6916.220634361108
33227.0,-6916.244732747476
33228.0,-6916.2688311338425
33229.0,-6916.292929520209
33230.0,-6916.317027906577
33231.0,-6916.341126292944
33232.0,-6916.365224679311
33233.0,-6916.389323065679
33234.0,-6916.413421452045
33235.0,-6916.437519838412
33236.0,-6916.46161822478
33237.0,-6916.485716611147
33238.0,-6916.509814997514
33239.0,-6916.533913383882
33240.0,-6916.558011770248
33241.0,-6916.582110156615
33242.0,-6916.606208542983
33243.0,-6916.63030692935
33244.0,-6916.654405315717
33245.0,-6916.6785037020845
33246.0,-6916.702602088451
33247.0,-6916.726700474818
33248.0,-6916.750798861186
33249.0,-6916.774897247553
33250.0,-6916.79899563392
33251.0,-6916.8230940202875
33252.0,-6916.847192406654
33253.0,-6916.871290793021
33254.0,-6916.895389179389
33255.0,-6916.919487565756
33256.0,-6916.943585952123
33257.0,-6916.9676843384905
33258.0,-6916.991782724857
33259.0,-6917.015881111224
33260.0,-6917.039979497592
33261.0,-6917.064077883959
33262.0,-6917.088176270326
33263.0,-6917.112274656693
33264.0,-6917.13637304306
33265.0,-6917.160471429427
33266.0,-6917.184569815795
33267.0,-6917.208668202162
33268.0,-6917.232766588529
33269.0,-6917.256864974896
33270.0,-6917.280963361263
33271.0,-6917.30506174763
33272.0,-6917.329160133998
33273.0,-6917.353258520365
33274.0,-6917.377356906732
33275.0,-6917.401455293099
33276.0,-6917.425553679466
33277.0,-6917.449652065833
33278.0,-6917.473750452201
33279.0,-6917.497848838568
33280.0,-6917.521947224935
33281.0,-6917.546045611302
33282.0,-6917.570143997669
33283.0,-6917.594242384036
33284.0,-6917.618340770404
33285.0,-6917.642439156771
33286.0,-6917.666537543138
33287.0,-6917.690635929505
33288.0,-6917.714734315872
33289.0,-6917.738832702239
33290.0,-6917.762931088607
33291.0,-6917.787029474974
33292.0,-6917.8111278613405
33293.0,-6917.835226247708
33294.0,-6917.859324634075
33295.0,-6917.883423020442
33296.0,-6917.90752140681
33297.0,-6917.931619793177
33298.0,-6917.9557181795435
33299.0,-6917.979816565911
33300.0,-6918.003914952278
33301.0,-6918.028013338645
33302.0,-6918.052111725013
33303.0,-6918.07621011138
33304.0,-6918.1003084977465
33305.0,-6918.124406884114
33306.0,-6918.148505270481
33307.0,-6918.172603656848
33308.0,-6918.196702043216
33309.0,-6918.220800429583
33310.0,-6918.244898815949
33311.0,-6918.268997202317
33312.0,-6918.293095588684
33313.0,-6918.317193975051
33314.0,-6918.341292361419
33315.0,-6918.365390747786
33316.0,-6918.389489134152
33317.0,-6918.41358752052
33318.0,-6918.437685906887
33319.0,-6918.461784293254
33320.0,-6918.485882679622
33321.0,-6918.5099810659885
33322.0,-6918.534079452355
33323.0,-6918.558177838723
33324.0,-6918.58227622509
33325.0,-6918.606374611457
33326.0,-6918.630472997825
33327.0,-6918.6545713841915
33328.0,-6918.678669770558
33329.0,-6918.702768156926
33330.0,-6918.726866543293
33331.0,-6918.75096492966
33332.0,-6918.775063316028
33333.0,-6918.7991617023945
33334.0,-6918.823260088761
33335.0,-6918.847358475129
33336.0,-6918.871456861496
33337.0,-6918.895555247863
33338.0,-6918.919653634231
33339.0,-6918.9437520205975
33340.0,-6918.967850406964
33341.0,-6918.991948793332
33342.0,-6919.016047179699
33343.0,-6919.040145566066
33344.0,-6919.064243952434
33345.0,-6919.0883423388
33346.0,-6919.112440725167
33347.0,-6919.136539111535
33348.0,-6919.160637497902
33349.0,-6919.184735884269
33350.0,-6919.2088342706365
33351.0,-6919.232932657003
33352.0,-6919.25703104337
33353.0,-6919.281129429738
33354.0,-6919.305227816105
33355.0,-6919.329326202472
33356.0,-6919.3534245888395
33357.0,-6919.377522975206
33358.0,-6919.401621361573
33359.0,-6919.425719747941
33360.0,-6919.449818134308
33361.0,-6919.473916520675
33362.0,-6919.4980149070425
33363.0,-6919.522113293409
33364.0,-6919.546211679776
33365.0,-6919.570310066144
33366.0,-6919.594408452511
33367.0,-6919.618506838878
33368.0,-6919.6426052252455
33369.0,-6919.666703611612
33370.0,-6919.690801997979
33371.0,-6919.714900384347
33372.0,-6919.738998770714
33373.0,-6919.763097157081
33374.0,-6919.787195543448
33375.0,-6919.811293929815
33376.0,-6919.835392316182
33377.0,-6919.85949070255
33378.0,-6919.883589088917
33379.0,-6919.907687475284
33380.0,-6919.931785861651
33381.0,-6919.955884248018
33382.0,-6919.979982634385
33383.0,-6920.004081020753
33384.0,-6920.02817940712
33385.0,-6920.052277793487
33386.0,-6920.076376179854
33387.0,-6920.100474566221
33388.0,-6920.124572952588
33389.0,-6920.148671338956
33390.0,-6920.172769725323
33391.0,-6920.19686811169
33392.0,-6920.220966498057
33393.0,-6920.245064884424
33394.0,-6920.269163270791
33395.0,-6920.293261657159
33396.0,-6920.317360043526
33397.0,-6920.341458429893
33398.0,-6920.36555681626
33399.0,-6920.389655202627
33400.0,-6920.413753588994
33401.0,-6920.437851975362
33402.0,-6920.461950361729
33403.0,-6920.4860487480955
33404.0,-6920.510147134463
33405.0,-6920.53424552083
33406.0,-6920.558343907197
33407.0,-6920.582442293565
33408.0,-6920.606540679932
33409.0,-6920.6306390662985
33410.0,-6920.654737452666
33411.0,-6920.678835839033
33412.0,-6920.7029342254
33413.0,-6920.727032611768
33414.0,-6920.751130998135
33415.0,-6920.7752293845015
33416.0,-6920.799327770869
33417.0,-6920.823426157236
33418.0,-6920.847524543603
33419.0,-6920.871622929971
33420.0,-6920.895721316338
33421.0,-6920.919819702704
33422.0,-6920.943918089072
33423.0,-6920.968016475439
33424.0,-6920.992114861806
33425.0,-6921.016213248174
33426.0,-6921.040311634541
33427.0,-6921.064410020907
33428.0,-6921.088508407275
33429.0,-6921.112606793642
33430.0,-6921.136705180009
33431.0,-6921.160803566377
33432.0,-6921.1849019527435
33433.0,-6921.20900033911
33434.0,-6921.233098725478
33435.0,-6921.257197111845
33436.0,-6921.281295498212
33437.0,-6921.30539388458
33438.0,-6921.3294922709465
33439.0,-6921.353590657313
33440.0,-6921.377689043681
33441.0,-6921.401787430048
33442.0,-6921.425885816415
33443.0,-6921.449984202783
33444.0,-6921.4740825891495
33445.0,-6921.498180975516
33446.0,-6921.522279361884
33447.0,-6921.546377748251
33448.0,-6921.570476134618
33449.0,-6921.594574520986
33450.0,-6921.618672907352
33451.0,-6921.642771293719
33452.0,-6921.666869680087
33453.0,-6921.690968066454
33454.0,-6921.715066452821
33455.0,-6921.739164839189
33456.0,-6921.763263225555
33457.0,-6921.787361611922
33458.0,-6921.81145999829
33459.0,-6921.835558384657
33460.0,-6921.859656771024
33461.0,-6921.8837551573915
33462.0,-6921.907853543758
33463.0,-6921.931951930125
33464.0,-6921.956050316493
33465.0,-6921.98014870286
33466.0,-6922.004247089227
33467.0,-6922.0283454755945
33468.0,-6922.052443861961
33469.0,-6922.076542248328
33470.0,-6922.100640634696
33471.0,-6922.124739021063
33472.0,-6922.14883740743
33473.0,-6922.1729357937975
33474.0,-6922.197034180164
33475.0,-6922.221132566531
33476.0,-6922.245230952899
33477.0,-6922.269329339266
33478.0,-6922.293427725633
33479.0,-6922.317526112
33480.0,-6922.341624498367
33481.0,-6922.365722884734
33482.0,-6922.389821271102
33483.0,-6922.413919657469
33484.0,-6922.438018043836
33485.0,-6922.462116430203
33486.0,-6922.48621481657
33487.0,-6922.510313202937
33488.0,-6922.534411589305
33489.0,-6922.558509975672
33490.0,-6922.582608362039
33491.0,-6922.606706748406
33492.0,-6922.630805134773
33493.0,-6922.65490352114
33494.0,-6922.679001907508
33495.0,-6922.703100293875
33496.0,-6922.727198680242
33497.0,-6922.751297066609
33498.0,-6922.775395452976
33499.0,-6922.799493839343
33500.0,-6922.823592225711
33501.0,-6922.847690612078
33502.0,-6922.871788998445
33503.0,-6922.895887384812
33504.0,-6922.919985771179
33505.0,-6922.944084157546
33506.0,-6922.968182543914
33507.0,-6922.992280930281
33508.0,-6923.0163793166475
33509.0,-6923.040477703015
33510.0,-6923.064576089382
33511.0,-6923.088674475749
33512.0,-6923.112772862117
33513.0,-6923.136871248484
33514.0,-6923.1609696348505
33515.0,-6923.185068021218
33516.0,-6923.209166407585
33517.0,-6923.233264793952
33518.0,-6923.25736318032
33519.0,-6923.281461566687
33520.0,-6923.3055599530535
33521.0,-6923.329658339421
33522.0,-6923.353756725788
33523.0,-6923.377855112155
33524.0,-6923.401953498523
33525.0,-6923.42605188489
33526.0,-6923.4501502712565
33527.0,-6923.474248657624
33528.0,-6923.498347043991
33529.0,-6923.522445430358
33530.0,-6923.546543816726
33531.0,-6923.570642203093
33532.0,-6923.594740589459
33533.0,-6923.618838975827
33534.0,-6923.642937362194
33535.0,-6923.667035748561
33536.0,-6923.691134134929
33537.0,-6923.715232521296
33538.0,-6923.739330907662
33539.0,-6923.76342929403
33540.0,-6923.787527680397
33541.0,-6923.811626066764
33542.0,-6923.835724453132
33543.0,-6923.8598228394985
33544.0,-6923.883921225865
33545.0,-6923.908019612233
33546.0,-6923.9321179986
33547.0,-6923.956216384967
33548.0,-6923.980314771335
33549.0,-6924.0044131577015
33550.0,-6924.028511544068
33551.0,-6924.052609930436
33552.0,-6924.076708316803
33553.0,-6924.10080670317
33554.0,-6924.124905089538
33555.0,-6924.1490034759045
33556.0,-6924.173101862271
33557.0,-6924.197200248639
33558.0,-6924.221298635006
33559.0,-6924.245397021373
33560.0,-6924.269495407741
33561.0,-6924.293593794107
33562.0,-6924.317692180474
33563.0,-6924.341790566842
33564.0,-6924.365888953209
33565.0,-6924.389987339576
33566.0,-6924.414085725944
33567.0,-6924.43818411231
33568.0,-6924.462282498677
33569.0,-6924.486380885045
33570.0,-6924.510479271412
33571.0,-6924.534577657779
33572.0,-6924.5586760441465
33573.0,-6924.582774430513
33574.0,-6924.60687281688
33575.0,-6924.630971203248
33576.0,-6924.655069589615
33577.0,-6924.679167975982
33578.0,-6924.7032663623495
33579.0,-6924.727364748716
33580.0,-6924.751463135083
33581.0,-6924.775561521451
33582.0,-6924.799659907818
33583.0,-6924.823758294185
33584.0,-6924.8478566805525
33585.0,-6924.871955066919
33586.0,-6924.896053453286
33587.0,-6924.920151839654
33588.0,-6924.944250226021
33589.0,-6924.968348612388
33590.0,-6924.992446998755
33591.0,-6925.016545385122
33592.0,-6925.040643771489
33593.0,-6925.064742157857
33594.0,-6925.088840544224
33595.0,-6925.112938930591
33596.0,-6925.137037316958
33597.0,-6925.161135703325
33598.0,-6925.185234089692
33599.0,-6925.20933247606
33600.0,-6925.233430862427
33601.0,-6925.257529248794
33602.0,-6925.281627635161
33603.0,-6925.305726021528
33604.0,-6925.329824407895
33605.0,-6925.353922794263
33606.0,-6925.37802118063
33607.0,-6925.402119566997
33608.0,-6925.426217953364
33609.0,-6925.450316339731
33610.0,-6925.474414726098
33611.0,-6925.498513112466
33612.0,-6925.522611498833
33613.0,-6925.5467098852
33614.0,-6925.570808271567
33615.0,-6925.594906657934
33616.0,-6925.619005044301
33617.0,-6925.643103430669
33618.0,-6925.667201817036
33619.0,-6925.6913002034025
33620.0,-6925.71539858977
33621.0,-6925.739496976137
33622.0,-6925.763595362504
33623.0,-6925.787693748872
33624.0,-6925.811792135239
33625.0,-6925.8358905216055
33626.0,-6925.859988907973
33627.0,-6925.88408729434
33628.0,-6925.908185680707
33629.0,-6925.932284067075
33630.0,-6925.956382453442
33631.0,-6925.9804808398085
33632.0,-6926.004579226176
33633.0,-6926.028677612543
33634.0,-6926.05277599891
33635.0,-6926.076874385278
33636.0,-6926.100972771645
33637.0,-6926.125071158011
33638.0,-6926.149169544379
33639.0,-6926.173267930746
33640.0,-6926.197366317113
33641.0,-6926.221464703481
33642.0,-6926.245563089848
33643.0,-6926.269661476214
33644.0,-6926.293759862582
33645.0,-6926.317858248949
33646.0,-6926.341956635316
33647.0,-6926.366055021684
33648.0,-6926.3901534080505
33649.0,-6926.414251794417
33650.0,-6926.438350180785
33651.0,-6926.462448567152
33652.0,-6926.486546953519
33653.0,-6926.510645339887
33654.0,-6926.5347437262535
33655.0,-6926.55884211262
33656.0,-6926.582940498988
33657.0,-6926.607038885355
33658.0,-6926.631137271722
33659.0,-6926.65523565809
33660.0,-6926.6793340444565
33661.0,-6926.703432430823
33662.0,-6926.727530817191
33663.0,-6926.751629203558
33664.0,-6926.775727589925
33665.0,-6926.799825976293
33666.0,-6926.823924362659
33667.0,-6926.848022749026
33668.0,-6926.872121135394
33669.0,-6926.896219521761
33670.0,-6926.920317908128
33671.0,-6926.944416294496
33672.0,-6926.968514680862
33673.0,-6926.992613067229
33674.0,-6927.016711453597
33675.0,-6927.040809839964
33676.0,-6927.064908226331
33677.0,-6927.0890066126985
33678.0,-6927.113104999065
33679.0,-6927.137203385432
33680.0,-6927.1613017718
33681.0,-6927.185400158167
33682.0,-6927.209498544534
33683.0,-6927.2335969309015
33684.0,-6927.257695317268
33685.0,-6927.281793703635
33686.0,-6927.305892090003
33687.0,-6927.32999047637
33688.0,-6927.354088862737
33689.0,-6927.3781872491045
33690.0,-6927.402285635471
33691.0,-6927.426384021838
33692.0,-6927.450482408206
33693.0,-6927.474580794573
33694.0,-6927.49867918094
33695.0,-6927.5227775673075
33696.0,-6927.546875953674
33697.0,-6927.570974340041
33698.0,-6927.595072726409
33699.0,-6927.619171112776
33700.0,-6927.643269499143
33701.0,-6927.66736788551
33702.0,-6927.691466271877
33703.0,-6927.715564658244
33704.0,-6927.739663044612
33705.0,-6927.763761430979
33706.0,-6927.787859817346
33707.0,-6927.811958203713
33708.0,-6927.83605659008
33709.0,-6927.860154976447
33710.0,-6927.884253362815
33711.0,-6927.908351749182
33712.0,-6927.932450135549
33713.0,-6927.956548521916
33714.0,-6927.980646908283
33715.0,-6928.00474529465
33716.0,-6928.028843681018
33717.0,-6928.052942067385
33718.0,-6928.077040453752
33719.0,-6928.101138840119
33720.0,-6928.125237226486
33721.0,-6928.149335612853
33722.0,-6928.173433999221
33723.0,-6928.197532385588
33724.0,-6928.221630771955
33725.0,-6928.245729158322
33726.0,-6928.269827544689
33727.0,-6928.293925931056
33728.0,-6928.318024317424
33729.0,-6928.342122703791
33730.0,-6928.3662210901575
33731.0,-6928.390319476525
33732.0,-6928.414417862892
33733.0,-6928.438516249259
33734.0,-6928.462614635627
33735.0,-6928.486713021994
33736.0,-6928.5108114083605
33737.0,-6928.534909794728
33738.0,-6928.559008181095
33739.0,-6928.583106567462
33740.0,-6928.60720495383
33741.0,-6928.631303340197
33742.0,-6928.6554017265635
33743.0,-6928.679500112931
33744.0,-6928.703598499298
33745.0,-6928.727696885665
33746.0,-6928.751795272033
33747.0,-6928.7758936584
33748.0,-6928.799992044766
33749.0,-6928.824090431134
33750.0,-6928.848188817501
33751.0,-6928.872287203868
33752.0,-6928.896385590236
33753.0,-6928.920483976603
33754.0,-6928.944582362969
33755.0,-6928.968680749337
33756.0,-6928.992779135704
33757.0,-6929.016877522071
33758.0,-6929.040975908439
33759.0,-6929.0650742948055
33760.0,-6929.089172681172
33761.0,-6929.11327106754
33762.0,-6929.137369453907
33763.0,-6929.161467840274
33764.0,-6929.185566226642
33765.0,-6929.2096646130085
33766.0,-6929.233762999375
33767.0,-6929.257861385743
33768.0,-6929.28195977211
33769.0,-6929.306058158477
33770.0,-6929.330156544845
33771.0,-6929.3542549312115
33772.0,-6929.378353317578
33773.0,-6929.402451703946
33774.0,-6929.426550090313
33775.0,-6929.45064847668
33776.0,-6929.474746863048
33777.0,-6929.498845249414
33778.0,-6929.522943635781
33779.0,-6929.547042022149
33780.0,-6929.571140408516
33781.0,-6929.595238794883
33782.0,-6929.619337181251
33783.0,-6929.643435567617
33784.0,-6929.667533953984
33785.0,-6929.691632340352
33786.0,-6929.715730726719
33787.0,-6929.739829113086
33788.0,-6929.7639274994535
33789.0,-6929.78802588582
33790.0,-6929.812124272187
33791.0,-6929.836222658555
33792.0,-6929.860321044922
33793.0,-6929.871399104595
33794.0,-6929.8824771642685
33795.0,-6929.893555223942
33796.0,-6929.904633283615
33797.0,-6929.915711343288
33798.0,-6929.926789402962
33799.0,-6929.937867462635
33800.0,-6929.948945522308
33801.0,-6929.960023581982
33802.0,-6929.971101641655
33803.0,-6929.982179701328
33804.0,-6929.993257761002
33805.0,-6930.004335820675
33806.0,-6930.015413880348
33807.0,-6930.0264919400215
33808.0,-6930.037569999695
33809.0,-6930.048648059368
33810.0,-6930.059726119041
33811.0,-6930.070804178715
33812.0,-6930.081882238388
33813.0,-6930.092960298061
33814.0,-6930.104038357735
33815.0,-6930.115116417408
33816.0,-6930.126194477081
33817.0,-6930.137272536755
33818.0,-6930.148350596428
33819.0,-6930.159428656101
33820.0,-6930.1705067157745
33821.0,-6930.181584775448
33822.0,-6930.192662835121
33823.0,-6930.2037408947945
33824.0,-6930.214818954468
33825.0,-6930.225897014141
33826.0,-6930.236975073814
33827.0,-6930.248053133488
33828.0,-6930.259131193161
33829.0,-6930.270209252834
33830.0,-6930.281287312508
33831.0,-6930.292365372181
33832.0,-6930.303443431854
33833.0,-6930.314521491528
33834.0,-6930.325599551201
33835.0,-6930.336677610874
33836.0,-6930.3477556705475
33837.0,-6930.358833730221
33838.0,-6930.369911789894
33839.0,-6930.380989849567
33840.0,-6930.392067909241
33841.0,-6930.403145968914
33842.0,-6930.414224028587
33843.0,-6930.425302088261
33844.0,-6930.436380147934
33845.0,-6930.447458207607
33846.0,-6930.458536267281
33847.0,-6930.469614326954
33848.0,-6930.480692386627
33849.0,-6930.4917704463005
33850.0,-6930.502848505974
33851.0,-6930.513926565647
33852.0,-6930.52500462532
33853.0,-6930.536082684994
33854.0,-6930.547160744667
33855.0,-6930.55823880434
33856.0,-6930.569316864014
33857.0,-6930.580394923687
33858.0,-6930.59147298336
33859.0,-6930.602551043034
33860.0,-6930.613629102707
33861.0,-6930.62470716238
33862.0,-6930.6357852220535
33863.0,-6930.646863281727
33864.0,-6930.6579413414
33865.0,-6930.6690194010735
33866.0,-6930.680097460747
33867.0,-6930.69117552042
33868.0,-6930.702253580093
33869.0,-6930.713331639767
33870.0,-6930.72440969944
33871.0,-6930.735487759113
33872.0,-6930.746565818787
33873.0,-6930.75764387846
33874.0,-6930.768721938133
33875.0,-6930.779799997807
33876.0,-6930.79087805748
33877.0,-6930.801956117153
33878.0,-6930.8130341768265
33879.0,-6930.8241122365
33880.0,-6930.835190296173
33881.0,-6930.846268355846
33882.0,-6930.85734641552
33883.0,-6930.868424475193
33884.0,-6930.879502534866
33885.0,-6930.89058059454
33886.0,-6930.901658654213
33887.0,-6930.912736713886
33888.0,-6930.92381477356
33889.0,-6930.934892833233
33890.0,-6930.945970892906
33891.0,-6930.9570489525795
33892.0,-6930.968127012253
33893.0,-6930.979205071926
33894.0,-6930.990283131599
33895.0,-6931.001361191273
33896.0,-6931.012439250946
33897.0,-6931.023517310619
33898.0,-6931.034595370293
33899.0,-6931.045673429966
33900.0,-6931.056751489639
33901.0,-6931.067829549313
33902.0,-6931.078907608986
33903.0,-6931.089985668659
33904.0,-6931.1010637283325
33905.0,-6931.112141788006
33906.0,-6931.123219847679
33907.0,-6931.134297907352
33908.0,-6931.145375967026
33909.0,-6931.156454026699
33910.0,-6931.167532086372
33911.0,-6931.178610146046
33912.0,-6931.189688205719
33913.0,-6931.200766265392
33914.0,-6931.211844325066
33915.0,-6931.222922384739
33916.0,-6931.234000444412
33917.0,-6931.2450785040855
33918.0,-6931.256156563759
33919.0,-6931.267234623432
33920.0,-6931.2783126831055
33921.0,-6931.289390742779
33922.0,-6931.300468802452
33923.0,-6931.311546862125
33924.0,-6931.322624921799
33925.0,-6931.333702981472
33926.0,-6931.344781041145
33927.0,-6931.355859100819
33928.0,-6931.366937160492
33929.0,-6931.378015220165
33930.0,-6931.389093279839
33931.0,-6931.400171339512
33932.0,-6931.411249399185
33933.0,-6931.4223274588585
33934.0,-6931.433405518532
33935.0,-6931.444483578205
33936.0,-6931.455561637878
33937.0,-6931.466639697552
33938.0,-6931.477717757225
33939.0,-6931.488795816898
33940.0,-6931.499873876572
33941.0,-6931.510951936245
33942.0,-6931.522029995918
33943.0,-6931.533108055592
33944.0,-6931.544186115265
33945.0,-6931.555264174938
33946.0,-6931.5663422346115
33947.0,-6931.577420294285
33948.0,-6931.588498353958
33949.0,-6931.599576413631
33950.0,-6931.610654473305
33951.0,-6931.621732532978
33952.0,-6931.632810592651
33953.0,-6931.643888652325
33954.0,-6931.654966711998
33955.0,-6931.666044771671
33956.0,-6931.677122831345
33957.0,-6931.688200891018
33958.0,-6931.699278950691
33959.0,-6931.7103570103645
33960.0,-6931.721435070038
33961.0,-6931.732513129711
33962.0,-6931.7435911893845
33963.0,-6931.754669249058
33964.0,-6931.765747308731
33965.0,-6931.776825368404
33966.0,-6931.787903428078
33967.0,-6931.798981487751
33968.0,-6931.810059547424
33969.0,-6931.821137607098
33970.0,-6931.832215666771
33971.0,-6931.843293726444
33972.0,-6931.854371786118
33973.0,-6931.865449845791
33974.0,-6931.876527905464
33975.0,-6931.8876059651375
33976.0,-6931.898684024811
33977.0,-6931.909762084484
33978.0,-6931.920840144157
33979.0,-6931.931918203831
33980.0,-6931.942996263504
33981.0,-6931.954074323177
33982.0,-6931.965152382851
33983.0,-6931.976230442524
33984.0,-6931.987308502197
33985.0,-6931.998386561871
33986.0,-6932.009464621544
33987.0,-6932.020542681217
33988.0,-6932.0316207408905
33989.0,-6932.042698800564
33990.0,-6932.053776860237
33991.0,-6932.06485491991
33992.0,-6932.075932979584
33993.0,-6932.087011039257
33994.0,-6932.09808909893
33995.0,-6932.109167158604
33996.0,-6932.120245218277
33997.0,-6932.13132327795
33998.0,-6932.142401337624
33999.0,-6932.153479397297
34000.0,-6932.16455745697
34001.0,-6932.1756355166435
34002.0,-6932.186713576317
34003.0,-6932.19779163599
34004.0,-6932.208869695663
34005.0,-6932.219947755337
34006.0,-6932.23102581501
34007.0,-6932.242103874683
34008.0,-6932.253181934357
34009.0,-6932.26425999403
34010.0,-6932.275338053703
34011.0,-6932.286416113377
34012.0,-6932.29749417305
34013.0,-6932.308572232723
34014.0,-6932.319650292397
34015.0,-6932.33072835207
34016.0,-6932.341806411743
34017.0,-6932.3528844714165
34018.0,-6932.36396253109
34019.0,-6932.375040590763
34020.0,-6932.386118650436
34021.0,-6932.39719671011
34022.0,-6932.408274769783
34023.0,-6932.419352829456
34024.0,-6932.43043088913
34025.0,-6932.441508948803
34026.0,-6932.452587008476
34027.0,-6932.46366506815
34028.0,-6932.474743127823
34029.0,-6932.485821187496
34030.0,-6932.4968992471695
34031.0,-6932.507977306843
34032.0,-6932.519055366516
34033.0,-6932.530133426189
34034.0,-6932.541211485863
34035.0,-6932.552289545536
34036.0,-6932.563367605209
34037.0,-6932.574445664883
34038.0,-6932.585523724556
34039.0,-6932.596601784229
34040.0,-6932.607679843903
34041.0,-6932.618757903576
34042.0,-6932.629835963249
34043.0,-6932.6409140229225
34044.0,-6932.651992082596
34045.0,-6932.663070142269
34046.0,-6932.674148201942
34047.0,-6932.685226261616
34048.0,-6932.696304321289
34049.0,-6932.707382380962
34050.0,-6932.718460440636
34051.0,-6932.729538500309
34052.0,-6932.740616559982
34053.0,-6932.751694619656
34054.0,-6932.762772679329
34055.0,-6932.773850739002
34056.0,-6932.7849287986755
34057.0,-6932.796006858349
34058.0,-6932.807084918022
34059.0,-6932.8181629776955
34060.0,-6932.829241037369
34061.0,-6932.840319097042
34062.0,-6932.851397156715
34063.0,-6932.862475216389
34064.0,-6932.873553276062
34065.0,-6932.884631335735
34066.0,-6932.895709395409
34067.0,-6932.906787455082
34068.0,-6932.917865514755
34069.0,-6932.928943574429
34070.0,-6932.940021634102
34071.0,-6932.951099693775
34072.0,-6932.9621777534485
34073.0,-6932.973255813122
34074.0,-6932.984333872795
34075.0,-6932.995411932468
34076.0,-6933.006489992142
34077.0,-6933.017568051815
34078.0,-6933.028646111488
34079.0,-6933.039724171162
34080.0,-6933.050802230835
34081.0,-6933.061880290508
34082.0,-6933.072958350182
34083.0,-6933.084036409855
34084.0,-6933.095114469528
34085.0,-6933.1061925292015
34086.0,-6933.117270588875
34087.0,-6933.128348648548
34088.0,-6933.139426708221
34089.0,-6933.150504767895
34090.0,-6933.161582827568
34091.0,-6933.172660887241
34092.0,-6933.183738946915
34093.0,-6933.194817006588
34094.0,-6933.205895066261
34095.0,-6933.216973125935
34096.0,-6933.228051185608
34097.0,-6933.239129245281
34098.0,-6933.2502073049545
34099.0,-6933.261285364628
34100.0,-6933.272363424301
34101.0,-6933.2834414839745
34102.0,-6933.294519543648
34103.0,-6933.305597603321
34104.0,-6933.316675662994
34105.0,-6933.327753722668
34106.0,-6933.338831782341
34107.0,-6933.349909842014
34108.0,-6933.360987901688
34109.0,-6933.372065961361
34110.0,-6933.383144021034
34111.0,-6933.394222080708
34112.0,-6933.405300140381
34113.0,-6933.416378200054
34114.0,-6933.4274562597275
34115.0,-6933.438534319401
34116.0,-6933.449612379074
34117.0,-6933.460690438747
34118.0,-6933.471768498421
34119.0,-6933.482846558094
34120.0,-6933.493924617767
34121.0,-6933.505002677441
34122.0,-6933.516080737114
34123.0,-6933.527158796787
34124.0,-6933.538236856461
34125.0,-6933.549314916134
34126.0,-6933.560392975807
34127.0,-6933.5714710354805
34128.0,-6933.582549095154
34129.0,-6933.593627154827
34130.0,-6933.6047052145
34131.0,-6933.615783274174
34132.0,-6933.626861333847
34133.0,-6933.63793939352
34134.0,-6933.649017453194
34135.0,-6933.660095512867
34136.0,-6933.67117357254
34137.0,-6933.682251632214
34138.0,-6933.693329691887
34139.0,-6933.70440775156
34140.0,-6933.7154858112335
34141.0,-6933.726563870907
34142.0,-6933.73764193058
34143.0,-6933.748719990253
34144.0,-6933.759798049927
34145.0,-6933.7708761096
34146.0,-6933.781954169273
34147.0,-6933.793032228947
34148.0,-6933.80411028862
34149.0,-6933.815188348293
34150.0,-6933.826266407967
34151.0,-6933.83734446764
34152.0,-6933.848422527313
34153.0,-6933.8595005869865
34154.0,-6933.87057864666
34155.0,-6933.881656706333
34156.0,-6933.8927347660065
34157.0,-6933.90381282568
34158.0,-6933.914890885353
34159.0,-6933.925968945026
34160.0,-6933.9370470047
34161.0,-6933.948125064373
34162.0,-6933.959203124046
34163.0,-6933.97028118372
34164.0,-6933.981359243393
34165.0,-6933.992437303066
34166.0,-6934.00351536274
34167.0,-6934.014593422413
34168.0,-6934.025671482086
34169.0,-6934.0367495417595
34170.0,-6934.047827601433
34171.0,-6934.058905661106
34172.0,-6934.069983720779
34173.0,-6934.081061780453
34174.0,-6934.092139840126
34175.0,-6934.103217899799
34176.0,-6934.114295959473
34177.0,-6934.125374019146
34178.0,-6934.136452078819
34179.0,-6934.147530138493
34180.0,-6934.158608198166
34181.0,-6934.169686257839
34182.0,-6934.1807643175125
34183.0,-6934.191842377186
34184.0,-6934.202920436859
34185.0,-6934.213998496532
34186.0,-6934.225076556206
34187.0,-6934.236154615879
34188.0,-6934.247232675552
34189.0,-6934.258310735226
34190.0,-6934.269388794899
34191.0,-6934.280466854572
34192.0,-6934.291544914246
34193.0,-6934.302622973919
34194.0,-6934.313701033592
34195.0,-6934.3247790932655
34196.0,-6934.335857152939
34197.0,-6934.346935212612
34198.0,-6934.3580132722855
34199.0,-6934.369091331959
34200.0,-6934.380169391632
34201.0,-6934.391247451305
34202.0,-6934.402325510979
34203.0,-6934.413403570652
34204.0,-6934.424481630325
34205.0,-6934.435559689999
34206.0,-6934.446637749672
34207.0,-6934.457715809345
34208.0,-6934.468793869019
34209.0,-6934.479871928692
34210.0,-6934.490949988365
34211.0,-6934.5020280480385
34212.0,-6934.513106107712
34213.0,-6934.524184167385
34214.0,-6934.535262227058
34215.0,-6934.546340286732
34216.0,-6934.557418346405
34217.0,-6934.568496406078
34218.0,-6934.579574465752
34219.0,-6934.590652525425
34220.0,-6934.601730585098
34221.0,-6934.612808644772
34222.0,-6934.623886704445
34223.0,-6934.634964764118
34224.0,-6934.6460428237915
34225.0,-6934.657120883465
34226.0,-6934.668198943138
34227.0,-6934.679277002811
34228.0,-6934.690355062485
34229.0,-6934.701433122158
34230.0,-6934.712511181831
34231.0,-6934.723589241505
34232.0,-6934.734667301178
34233.0,-6934.745745360851
34234.0,-6934.756823420525
34235.0,-6934.767901480198
34236.0,-6934.778979539871
34237.0,-6934.7900575995445
34238.0,-6934.801135659218
34239.0,-6934.812213718891
34240.0,-6934.823291778564
34241.0,-6934.834369838238
34242.0,-6934.845447897911
34243.0,-6934.856525957584
34244.0,-6934.867604017258
34245.0,-6934.878682076931
34246.0,-6934.889760136604
34247.0,-6934.900838196278
34248.0,-6934.911916255951
34249.0,-6934.922994315624
34250.0,-6934.934072375298
34251.0,-6934.945150434971
34252.0,-6934.956228494644
34253.0,-6934.9673065543175
34254.0,-6934.978384613991
34255.0,-6934.989462673664
34256.0,-6935.000540733337
34257.0,-6935.011618793011
34258.0,-6935.022696852684
34259.0,-6935.033774912357
34260.0,-6935.044852972031
34261.0,-6935.055931031704
34262.0,-6935.067009091377
34263.0,-6935.078087151051
34264.0,-6935.089165210724
34265.0,-6935.100243270397
34266.0,-6935.1113213300705
34267.0,-6935.122399389744
34268.0,-6935.133477449417
34269.0,-6935.14455550909
34270.0,-6935.155633568764
34271.0,-6935.166711628437
34272.0,-6935.17778968811
34273.0,-6935.188867747784
34274.0,-6935.199945807457
34275.0,-6935.21102386713
34276.0,-6935.222101926804
34277.0,-6935.233179986477
34278.0,-6935.24425804615
34279.0,-6935.2553361058235
34280.0,-6935.266414165497
34281.0,-6935.27749222517
34282.0,-6935.288570284843
34283.0,-6935.299648344517
34284.0,-6935.31072640419
34285.0,-6935.321804463863
34286.0,-6935.332882523537
34287.0,-6935.34396058321
34288.0,-6935.355038642883
34289.0,-6935.366116702557
34290.0,-6935.37719476223
34291.0,-6935.388272821903
34292.0,-6935.3993508815765
34293.0,-6935.41042894125
34294.0,-6935.421507000923
34295.0,-6935.4325850605965
34296.0,-6935.44366312027
34297.0,-6935.454741179943
34298.0,-6935.465819239616
34299.0,-6935.47689729929
34300.0,-6935.487975358963
34301.0,-6935.499053418636
34302.0,-6935.51013147831
34303.0,-6935.521209537983
34304.0,-6935.532287597656
34305.0,-6935.54336565733
34306.0,-6935.554443717003
34307.0,-6935.565521776676
34308.0,-6935.5765998363495
34309.0,-6935.587677896023
34310.0,-6935.598755955696
34311.0,-6935.609834015369
34312.0,-6935.620912075043
34313.0,-6935.631990134716
34314.0,-6935.643068194389
34315.0,-6935.654146254063
34316.0,-6935.665224313736
34317.0,-6935.676302373409
34318.0,-6935.687380433083
34319.0,-6935.698458492756
34320.0,-6935.709536552429
34321.0,-6935.7206146121025
34322.0,-6935.731692671776
34323.0,-6935.742770731449
34324.0,-6935.753848791122
34325.0,-6935.764926850796
34326.0,-6935.776004910469
34327.0,-6935.787082970142
34328.0,-6935.798161029816
34329.0,-6935.809239089489
34330.0,-6935.820317149162
34331.0,-6935.831395208836
34332.0,-6935.842473268509
34333.0,-6935.853551328182
34334.0,-6935.8646293878555
34335.0,-6935.875707447529
34336.0,-6935.886785507202
34337.0,-6935.8978635668755
34338.0,-6935.908941626549
34339.0,-6935.920019686222
34340.0,-6935.931097745895
34341.0,-6935.942175805569
34342.0,-6935.953253865242
34343.0,-6935.964331924915
34344.0,-6935.975409984589
34345.0,-6935.986488044262
34346.0,-6935.997566103935
34347.0,-6936.008644163609
34348.0,-6936.019722223282
34349.0,-6936.030800282955
34350.0,-6936.0418783426285
34351.0,-6936.052956402302
34352.0,-6936.064034461975
34353.0,-6936.075112521648
34354.0,-6936.086190581322
34355.0,-6936.097268640995
34356.0,-6936.108346700668
34357.0,-6936.119424760342
34358.0,-6936.130502820015
34359.0,-6936.141580879688
34360.0,-6936.152658939362
34361.0,-6936.163736999035
34362.0,-6936.174815058708
34363.0,-6936.1858931183815
34364.0,-6936.196971178055
34365.0,-6936.208049237728
34366.0,-6936.219127297401
34367.0,-6936.230205357075
34368.0,-6936.241283416748
34369.0,-6936.252361476421
34370.0,-6936.263439536095
34371.0,-6936.274517595768
34372.0,-6936.285595655441
34373.0,-6936.296673715115
34374.0,-6936.307751774788
34375.0,-6936.318829834461
34376.0,-6936.3299078941345
34377.0,-6936.340985953808
34378.0,-6936.352064013481
34379.0,-6936.363142073154
34380.0,-6936.374220132828
34381.0,-6936.385298192501
34382.0,-6936.396376252174
34383.0,-6936.407454311848
34384.0,-6936.418532371521
34385.0,-6936.429610431194
34386.0,-6936.440688490868
34387.0,-6936.451766550541
34388.0,-6936.462844610214
34389.0,-6936.4739226698875
34390.0,-6936.485000729561
34391.0,-6936.496078789234
34392.0,-6936.5071568489075
34393.0,-6936.518234908581
34394.0,-6936.529312968254
34395.0,-6936.540391027927
34396.0,-6936.551469087601
34397.0,-6936.562547147274
34398.0,-6936.573625206947
34399.0,-6936.584703266621
34400.0,-6936.595781326294
34401.0,-6936.606859385967
34402.0,-6936.617937445641
34403.0,-6936.629015505314
34404.0,-6936.640093564987
34405.0,-6936.6511716246605
34406.0,-6936.662249684334
34407.0,-6936.673327744007
34408.0,-6936.68440580368
34409.0,-6936.695483863354
34410.0,-6936.706561923027
34411.0,-6936.7176399827
34412.0,-6936.728718042374
34413.0,-6936.739796102047
34414.0,-6936.75087416172
34415.0,-6936.761952221394
34416.0,-6936.773030281067
34417.0,-6936.78410834074
34418.0,-6936.7951864004135
34419.0,-6936.806264460087
34420.0,-6936.81734251976
34421.0,-6936.828420579433
34422.0,-6936.839498639107
34423.0,-6936.85057669878
34424.0,-6936.861654758453
34425.0,-6936.872732818127
34426.0,-6936.8838108778
34427.0,-6936.894888937473
34428.0,-6936.905966997147
34429.0,-6936.91704505682
34430.0,-6936.928123116493
34431.0,-6936.9392011761665
34432.0,-6936.95027923584
34433.0,-6936.961357295513
34434.0,-6936.9724353551865
34435.0,-6936.98351341486
34436.0,-6936.994591474533
34437.0,-6937.005669534206
34438.0,-6937.01674759388
34439.0,-6937.027825653553
34440.0,-6937.038903713226
34441.0,-6937.0499817729
34442.0,-6937.061059832573
34443.0,-6937.072137892246
34444.0,-6937.08321595192
34445.0,-6937.094294011593
34446.0,-6937.105372071266
34447.0,-6937.1164501309395
34448.0,-6937.127528190613
34449.0,-6937.138606250286
34450.0,-6937.149684309959
34451.0,-6937.160762369633
34452.0,-6937.171840429306
34453.0,-6937.182918488979
34454.0,-6937.193996548653
34455.0,-6937.205074608326
34456.0,-6937.216152667999
34457.0,-6937.227230727673
34458.0,-6937.238308787346
34459.0,-6937.249386847019
34460.0,-6937.2604649066925
34461.0,-6937.271542966366
34462.0,-6937.282621026039
34463.0,-6937.293699085712
34464.0,-6937.304777145386
34465.0,-6937.315855205059
34466.0,-6937.326933264732
34467.0,-6937.338011324406
34468.0,-6937.349089384079
34469.0,-6937.360167443752
34470.0,-6937.371245503426
34471.0,-6937.382323563099
34472.0,-6937.393401622772
34473.0,-6937.4044796824455
34474.0,-6937.415557742119
34475.0,-6937.426635801792
34476.0,-6937.437713861465
34477.0,-6937.448791921139
34478.0,-6937.459869980812
34479.0,-6937.470948040485
34480.0,-6937.482026100159
34481.0,-6937.493104159832
34482.0,-6937.504182219505
34483.0,-6937.515260279179
34484.0,-6937.526338338852
34485.0,-6937.537416398525
34486.0,-6937.548494458199
34487.0,-6937.559572517872
34488.0,-6937.570650577545
34489.0,-6937.5817286372185
34490.0,-6937.592806696892
34491.0,-6937.603884756565
34492.0,-6937.614962816238
34493.0,-6937.626040875912
34494.0,-6937.637118935585
34495.0,-6937.648196995258
34496.0,-6937.659275054932
34497.0,-6937.670353114605
34498.0,-6937.681431174278
34499.0,-6937.692509233952
34500.0,-6937.703587293625
34501.0,-6937.714665353298
34502.0,-6937.7257434129715
34503.0,-6937.736821472645
34504.0,-6937.747899532318
34505.0,-6937.758977591991
34506.0,-6937.770055651665
34507.0,-6937.781133711338
34508.0,-6937.792211771011
34509.0,-6937.803289830685
34510.0,-6937.814367890358
34511.0,-6937.825445950031
34512.0,-6937.836524009705
34513.0,-6937.847602069378
34514.0,-6937.858680129051
34515.0,-6937.8697581887245
34516.0,-6937.880836248398
34517.0,-6937.891914308071
34518.0,-6937.902992367744
34519.0,-6937.914070427418
34520.0,-6937.925148487091
34521.0,-6937.936226546764
34522.0,-6937.947304606438
34523.0,-6937.958382666111
34524.0,-6937.969460725784
34525.0,-6937.980538785458
34526.0,-6937.991616845131
34527.0,-6938.002694904804
34528.0,-6938.0137729644775
34529.0,-6938.024851024151
34530.0,-6938.035929083824
34531.0,-6938.0470071434975
34532.0,-6938.058085203171
34533.0,-6938.069163262844
34534.0,-6938.080241322517
34535.0,-6938.091319382191
34536.0,-6938.102397441864
34537.0,-6938.113475501537
34538.0,-6938.124553561211
34539.0,-6938.135631620884
34540.0,-6938.146709680557
34541.0,-6938.157787740231
34542.0,-6938.168865799904
34543.0,-6938.179943859577
34544.0,-6938.1910219192505
34545.0,-6938.202099978924
34546.0,-6938.213178038597
34547.0,-6938.22425609827
34548.0,-6938.235334157944
34549.0,-6938.246412217617
34550.0,-6938.25749027729
34551.0,-6938.268568336964
34552.0,-6938.279646396637
34553.0,-6938.29072445631
34554.0,-6938.301802515984
34555.0,-6938.312880575657
34556.0,-6938.32395863533
34557.0,-6938.3350366950035
34558.0,-6938.346114754677
34559.0,-6938.35719281435
34560.0,-6938.368270874023
34561.0,-6938.379348933697
34562.0,-6938.39042699337
34563.0,-6938.401505053043
34564.0,-6938.412583112717
34565.0,-6938.42366117239
34566.0,-6938.434739232063
34567.0,-6938.445817291737
34568.0,-6938.45689535141
34569.0,-6938.467973411083
34570.0,-6938.4790514707565
34571.0,-6938.49012953043
34572.0,-6938.501207590103
34573.0,-6938.5122856497765
34574.0,-6938.52336370945
34575.0,-6938.534441769123
34576.0,-6938.545519828796
34577.0,-6938.55659788847
34578.0,-6938.567675948143
34579.0,-6938.578754007816
34580.0,-6938.58983206749
34581.0,-6938.600910127163
34582.0,-6938.611988186836
34583.0,-6938.62306624651
34584.0,-6938.634144306183
34585.0,-6938.645222365856
34586.0,-6938.6563004255295
34587.0,-6938.667378485203
34588.0,-6938.678456544876
34589.0,-6938.689534604549
34590.0,-6938.700612664223
34591.0,-6938.711690723896
34592.0,-6938.722768783569
34593.0,-6938.733846843243
34594.0,-6938.744924902916
34595.0,-6938.756002962589
34596.0,-6938.767081022263
34597.0,-6938.778159081936
34598.0,-6938.789237141609
34599.0,-6938.8003152012825
34600.0,-6938.811393260956
34601.0,-6938.822471320629
34602.0,-6938.833549380302
34603.0,-6938.844627439976
34604.0,-6938.855705499649
34605.0,-6938.866783559322
34606.0,-6938.877861618996
34607.0,-6938.888939678669
34608.0,-6938.900017738342
34609.0,-6938.911095798016
34610.0,-6938.922173857689
34611.0,-6938.933251917362
34612.0,-6938.9443299770355
34613.0,-6938.955408036709
34614.0,-6938.966486096382
34615.0,-6938.977564156055
34616.0,-6938.988642215729
34617.0,-6938.999720275402
34618.0,-6939.010798335075
34619.0,-6939.021876394749
34620.0,-6939.032954454422
34621.0,-6939.044032514095
34622.0,-6939.055110573769
34623.0,-6939.066188633442
34624.0,-6939.077266693115
34625.0,-6939.0883447527885
34626.0,-6939.099422812462
34627.0,-6939.110500872135
34628.0,-6939.1215789318085
34629.0,-6939.132656991482
34630.0,-6939.143735051155
34631.0,-6939.154813110828
34632.0,-6939.165891170502
34633.0,-6939.176969230175
34634.0,-6939.188047289848
34635.0,-6939.199125349522
34636.0,-6939.210203409195
34637.0,-6939.221281468868
34638.0,-6939.232359528542
34639.0,-6939.243437588215
34640.0,-6939.254515647888
34641.0,-6939.2655937075615
34642.0,-6939.276671767235
34643.0,-6939.287749826908
34644.0,-6939.298827886581
34645.0,-6939.309905946255
34646.0,-6939.320984005928
34647.0,-6939.332062065601
34648.0,-6939.343140125275
34649.0,-6939.354218184948
34650.0,-6939.365296244621
34651.0,-6939.376374304295
34652.0,-6939.387452363968
34653.0,-6939.398530423641
34654.0,-6939.4096084833145
34655.0,-6939.420686542988
34656.0,-6939.431764602661
34657.0,-6939.442842662334
34658.0,-6939.453920722008
34659.0,-6939.464998781681
34660.0,-6939.476076841354
34661.0,-6939.487154901028
34662.0,-6939.498232960701
34663.0,-6939.509311020374
34664.0,-6939.520389080048
34665.0,-6939.531467139721
34666.0,-6939.542545199394
34667.0,-6939.5536232590675
34668.0,-6939.564701318741
34669.0,-6939.575779378414
34670.0,-6939.5868574380875
34671.0,-6939.597935497761
34672.0,-6939.609013557434
34673.0,-6939.620091617107
34674.0,-6939.631169676781
34675.0,-6939.642247736454
34676.0,-6939.653325796127
34677.0,-6939.664403855801
34678.0,-6939.675481915474
34679.0,-6939.686559975147
34680.0,-6939.697638034821
34681.0,-6939.708716094494
34682.0,-6939.719794154167
34683.0,-6939.7308722138405
34684.0,-6939.741950273514
34685.0,-6939.753028333187
34686.0,-6939.76410639286
34687.0,-6939.775184452534
34688.0,-6939.786262512207
34689.0,-6939.79734057188
34690.0,-6939.808418631554
34691.0,-6939.819496691227
34692.0,-6939.8305747509
34693.0,-6939.841652810574
34694.0,-6939.852730870247
34695.0,-6939.86380892992
34696.0,-6939.8748869895935
34697.0,-6939.885965049267
34698.0,-6939.89704310894
34699.0,-6939.908121168613
34700.0,-6939.919199228287
34701.0,-6939.93027728796
34702.0,-6939.941355347633
34703.0,-6939.952433407307
34704.0,-6939.96351146698
34705.0,-6939.974589526653
34706.0,-6939.985667586327
34707.0,-6939.996745646
34708.0,-6940.007823705673
34709.0,-6940.0189017653465
34710.0,-6940.02997982502
34711.0,-6940.041057884693
34712.0,-6940.0521359443665
34713.0,-6940.06321400404
34714.0,-6940.074292063713
34715.0,-6940.085370123386
34716.0,-6940.09644818306
34717.0,-6940.107526242733
34718.0,-6940.118604302406
34719.0,-6940.12968236208
34720.0,-6940.140760421753
34721.0,-6940.151838481426
34722.0,-6940.1629165411
34723.0,-6940.173994600773
34724.0,-6940.185072660446
34725.0,-6940.1961507201195
34726.0,-6940.207228779793
34727.0,-6940.218306839466
34728.0,-6940.229384899139
34729.0,-6940.240462958813
34730.0,-6940.251541018486
34731.0,-6940.262619078159
34732.0,-6940.273697137833
34733.0,-6940.284775197506
34734.0,-6940.295853257179
34735.0,-6940.306931316853
34736.0,-6940.318009376526
34737.0,-6940.329087436199
34738.0,-6940.3401654958725
34739.0,-6940.351243555546
34740.0,-6940.362321615219
34741.0,-6940.373399674892
34742.0,-6940.384477734566
34743.0,-6940.395555794239
34744.0,-6940.406633853912
34745.0,-6940.417711913586
34746.0,-6940.428789973259
34747.0,-6940.439868032932
34748.0,-6940.450946092606
34749.0,-6940.462024152279
34750.0,-6940.473102211952
34751.0,-6940.4841802716255
34752.0,-6940.495258331299
34753.0,-6940.506336390972
34754.0,-6940.517414450645
34755.0,-6940.528492510319
34756.0,-6940.539570569992
34757.0,-6940.550648629665
34758.0,-6940.561726689339
34759.0,-6940.572804749012
34760.0,-6940.583882808685
34761.0,-6940.594960868359
34762.0,-6940.606038928032
34763.0,-6940.617116987705
34764.0,-6940.6281950473785
34765.0,-6940.639273107052
34766.0,-6940.650351166725
34767.0,-6940.6614292263985
34768.0,-6940.672507286072
34769.0,-6940.683585345745
34770.0,-6940.694663405418
34771.0,-6940.705741465092
34772.0,-6940.716819524765
34773.0,-6940.727897584438
34774.0,-6940.738975644112
34775.0,-6940.750053703785
34776.0,-6940.761131763458
34777.0,-6940.772209823132
34778.0,-6940.783287882805
34779.0,-6940.794365942478
34780.0,-6940.8054440021515
34781.0,-6940.816522061825
34782.0,-6940.827600121498
34783.0,-6940.838678181171
34784.0,-6940.849756240845
34785.0,-6940.860834300518
34786.0,-6940.871912360191
34787.0,-6940.882990419865
34788.0,-6940.894068479538
34789.0,-6940.905146539211
34790.0,-6940.916224598885
34791.0,-6940.927302658558
34792.0,-6940.938380718231
34793.0,-6940.9494587779045
34794.0,-6940.960536837578
34795.0,-6940.971614897251
34796.0,-6940.982692956924
34797.0,-6940.993771016598
34798.0,-6941.004849076271
34799.0,-6941.015927135944
34800.0,-6941.027005195618
34801.0,-6941.038083255291
34802.0,-6941.049161314964
34803.0,-6941.060239374638
34804.0,-6941.071317434311
34805.0,-6941.082395493984
34806.0,-6941.0934735536575
34807.0,-6941.104551613331
34808.0,-6941.115629673004
34809.0,-6941.1267077326775
34810.0,-6941.137785792351
34811.0,-6941.148863852024
34812.0,-6941.159941911697
34813.0,-6941.171019971371
34814.0,-6941.182098031044
34815.0,-6941.193176090717
34816.0,-6941.204254150391
34817.0,-6941.182485764225
34818.0,-6941.16071737806
34819.0,-6941.138948991895
34820.0,-6941.117180605729
34821.0,-6941.095412219564
34822.0,-6941.073643833399
34823.0,-6941.051875447233
34824.0,-6941.0301070610685
34825.0,-6941.008338674903
34826.0,-6940.986570288737
34827.0,-6940.964801902573
34828.0,-6940.943033516407
34829.0,-6940.921265130241
34830.0,-6940.899496744077
34831.0,-6940.877728357911
34832.0,-6940.8559599717455
34833.0,-6940.834191585581
34834.0,-6940.812423199415
34835.0,-6940.79065481325
34836.0,-6940.768886427085
34837.0,-6940.747118040919
34838.0,-6940.725349654754
34839.0,-6940.703581268589
34840.0,-6940.681812882423
34841.0,-6940.660044496258
34842.0,-6940.638276110093
34843.0,-6940.6165077239275
34844.0,-6940.594739337762
34845.0,-6940.572970951597
34846.0,-6940.551202565432
34847.0,-6940.529434179266
34848.0,-6940.507665793101
34849.0,-6940.485897406936
34850.0,-6940.46412902077
34851.0,-6940.442360634605
34852.0,-6940.42059224844
34853.0,-6940.398823862274
34854.0,-6940.3770554761095
34855.0,-6940.355287089944
34856.0,-6940.333518703778
34857.0,-6940.311750317614
34858.0,-6940.289981931448
34859.0,-6940.268213545282
34860.0,-6940.246445159118
34861.0,-6940.224676772952
34862.0,-6940.2029083867865
34863.0,-6940.181140000622
34864.0,-6940.159371614456
34865.0,-6940.137603228291
34866.0,-6940.115834842126
34867.0,-6940.09406645596
34868.0,-6940.072298069795
34869.0,-6940.05052968363
34870.0,-6940.028761297464
34871.0,-6940.006992911299
34872.0,-6939.985224525134
34873.0,-6939.9634561389685
34874.0,-6939.941687752803
34875.0,-6939.919919366638
34876.0,-6939.898150980473
34877.0,-6939.876382594307
34878.0,-6939.854614208142
34879.0,-6939.832845821977
34880.0,-6939.811077435811
34881.0,-6939.789309049646
34882.0,-6939.767540663481
34883.0,-6939.745772277315
34884.0,-6939.7240038911505
34885.0,-6939.702235504985
34886.0,-6939.680467118819
34887.0,-6939.658698732655
34888.0,-6939.636930346489
34889.0,-6939.615161960323
34890.0,-6939.593393574159
34891.0,-6939.571625187993
34892.0,-6939.549856801827
34893.0,-6939.528088415663
34894.0,-6939.506320029497
34895.0,-6939.4845516433315
34896.0,-6939.462783257167
34897.0,-6939.441014871001
34898.0,-6939.419246484836
34899.0,-6939.397478098671
34900.0,-6939.375709712505
34901.0,-6939.35394132634
34902.0,-6939.332172940175
34903.0,-6939.310404554009
34904.0,-6939.288636167844
34905.0,-6939.266867781679
34906.0,-6939.2450993955135
34907.0,-6939.223331009348
34908.0,-6939.201562623183
34909.0,-6939.179794237018
34910.0,-6939.158025850852
34911.0,-6939.136257464687
34912.0,-6939.114489078522
34913.0,-6939.092720692356
34914.0,-6939.070952306191
34915.0,-6939.049183920026
34916.0,-6939.02741553386
34917.0,-6939.0056471476955
34918.0,-6938.98387876153
34919.0,-6938.962110375364
34920.0,-6938.9403419892
34921.0,-6938.918573603034
34922.0,-6938.896805216868
34923.0,-6938.875036830704
34924.0,-6938.853268444538
34925.0,-6938.8315000583725
34926.0,-6938.809731672208
34927.0,-6938.787963286042
34928.0,-6938.766194899877
34929.0,-6938.744426513712
34930.0,-6938.722658127546
34931.0,-6938.700889741381
34932.0,-6938.679121355216
34933.0,-6938.65735296905
34934.0,-6938.635584582885
34935.0,-6938.61381619672
34936.0,-6938.5920478105545
34937.0,-6938.570279424389
34938.0,-6938.548511038224
34939.0,-6938.526742652059
34940.0,-6938.504974265893
34941.0,-6938.483205879728
34942.0,-6938.461437493563
34943.0,-6938.439669107397
34944.0,-6938.417900721232
34945.0,-6938.396132335067
34946.0,-6938.374363948901
34947.0,-6938.3525955627365
34948.0,-6938.330827176571
34949.0,-6938.309058790405
34950.0,-6938.287290404241
34951.0,-6938.265522018075
34952.0,-6938.243753631909
34953.0,-6938.221985245745
34954.0,-6938.200216859579
34955.0,-6938.1784484734135
34956.0,-6938.156680087249
34957.0,-6938.134911701083
34958.0,-6938.113143314918
34959.0,-6938.091374928753
34960.0,-6938.069606542587
34961.0,-6938.047838156422
34962.0,-6938.026069770257
34963.0,-6938.004301384091
34964.0,-6937.982532997926
34965.0,-6937.960764611761
34966.0,-6937.9389962255955
34967.0,-6937.91722783943
34968.0,-6937.895459453265
34969.0,-6937.8736910671
34970.0,-6937.851922680934
34971.0,-6937.830154294769
34972.0,-6937.808385908604
34973.0,-6937.786617522438
34974.0,-6937.764849136273
34975.0,-6937.743080750108
34976.0,-6937.721312363942
34977.0,-6937.6995439777775
34978.0,-6937.677775591612
34979.0,-6937.656007205446
34980.0,-6937.634238819282
34981.0,-6937.612470433116
34982.0,-6937.59070204695
34983.0,-6937.568933660786
34984.0,-6937.54716527462
34985.0,-6937.525396888454
34986.0,-6937.50362850229
34987.0,-6937.481860116124
34988.0,-6937.460091729959
34989.0,-6937.438323343794
34990.0,-6937.416554957628
34991.0,-6937.394786571463
34992.0,-6937.373018185298
34993.0,-6937.351249799132
34994.0,-6937.329481412967
34995.0,-6937.307713026802
34996.0,-6937.285944640636
34997.0,-6937.264176254471
34998.0,-6937.242407868306
34999.0,-6937.2206394821405
35000.0,-6937.198871095975
35001.0,-6937.17710270981
35002.0,-6937.155334323645
35003.0,-6937.133565937479
35004.0,-6937.111797551314
35005.0,-6937.090029165149
35006.0,-6937.068260778983
35007.0,-6937.046492392818
35008.0,-6937.024724006653
35009.0,-6937.002955620487
35010.0,-6936.9811872343225
35011.0,-6936.959418848157
35012.0,-6936.937650461991
35013.0,-6936.915882075827
35014.0,-6936.894113689661
35015.0,-6936.872345303495
35016.0,-6936.850576917331
35017.0,-6936.828808531165
35018.0,-6936.8070401449995
35019.0,-6936.785271758835
35020.0,-6936.763503372669
35021.0,-6936.741734986504
35022.0,-6936.719966600339
35023.0,-6936.698198214173
35024.0,-6936.676429828008
35025.0,-6936.654661441843
35026.0,-6936.632893055677
35027.0,-6936.611124669512
35028.0,-6936.589356283347
35029.0,-6936.5675878971815
35030.0,-6936.545819511016
35031.0,-6936.524051124851
35032.0,-6936.502282738686
35033.0,-6936.48051435252
35034.0,-6936.458745966355
35035.0,-6936.43697758019
35036.0,-6936.415209194024
35037.0,-6936.393440807859
35038.0,-6936.371672421694
35039.0,-6936.349904035528
35040.0,-6936.3281356493635
35041.0,-6936.306367263198
35042.0,-6936.284598877032
35043.0,-6936.262830490868
35044.0,-6936.241062104702
35045.0,-6936.219293718536
35046.0,-6936.197525332372
35047.0,-6936.175756946206
35048.0,-6936.1539885600405
35049.0,-6936.132220173876
35050.0,-6936.11045178771
35051.0,-6936.088683401545
35052.0,-6936.06691501538
35053.0,-6936.045146629214
35054.0,-6936.023378243049
35055.0,-6936.001609856884
35056.0,-6935.979841470718
35057.0,-6935.958073084553
35058.0,-6935.936304698388
35059.0,-6935.9145363122225
35060.0,-6935.892767926057
35061.0,-6935.870999539892
35062.0,-6935.849231153727
35063.0,-6935.827462767561
35064.0,-6935.805694381396
35065.0,-6935.783925995231
35066.0,-6935.762157609065
35067.0,-6935.7403892229
35068.0,-6935.718620836735
35069.0,-6935.696852450569
35070.0,-6935.6750840644045
35071.0,-6935.653315678239
35072.0,-6935.631547292073
35073.0,-6935.609778905909
35074.0,-6935.588010519743
35075.0,-6935.566242133577
35076.0,-6935.544473747413
35077.0,-6935.522705361247
35078.0,-6935.5009369750815
35079.0,-6935.479168588917
35080.0,-6935.457400202751
35081.0,-6935.435631816586
35082.0,-6935.413863430421
35083.0,-6935.392095044255
35084.0,-6935.37032665809
35085.0,-6935.348558271925
35086.0,-6935.326789885759
35087.0,-6935.305021499594
35088.0,-6935.283253113429
35089.0,-6935.261484727263
35090.0,-6935.239716341098
35091.0,-6935.217947954933
35092.0,-6935.196179568768
35093.0,-6935.174411182602
35094.0,-6935.152642796437
35095.0,-6935.130874410272
35096.0,-6935.109106024106
35097.0,-6935.087337637941
35098.0,-6935.065569251776
35099.0,-6935.04380086561
35100.0,-6935.022032479445
35101.0,-6935.00026409328
35102.0,-6934.978495707114
35103.0,-6934.9567273209495
35104.0,-6934.934958934784
35105.0,-6934.913190548618
35106.0,-6934.891422162454
35107.0,-6934.869653776288
35108.0,-6934.847885390122
35109.0,-6934.826117003958
35110.0,-6934.804348617792
35111.0,-6934.7825802316265
35112.0,-6934.760811845462
35113.0,-6934.739043459296
35114.0,-6934.717275073131
35115.0,-6934.695506686966
35116.0,-6934.6737383008
35117.0,-6934.651969914635
35118.0,-6934.63020152847
35119.0,-6934.608433142304
35120.0,-6934.586664756139
35121.0,-6934.564896369974
35122.0,-6934.5431279838085
35123.0,-6934.521359597643
35124.0,-6934.499591211478
35125.0,-6934.477822825313
35126.0,-6934.456054439147
35127.0,-6934.434286052982
35128.0,-6934.412517666817
35129.0,-6934.390749280651
35130.0,-6934.368980894486
35131.0,-6934.347212508321
35132.0,-6934.325444122155
35133.0,-6934.3036757359905
35134.0,-6934.281907349825
35135.0,-6934.260138963659
35136.0,-6934.238370577495
35137.0,-6934.216602191329
35138.0,-6934.194833805163
35139.0,-6934.173065418999
35140.0,-6934.151297032833
35141.0,-6934.1295286466675
35142.0,-6934.107760260503
35143.0,-6934.085991874337
35144.0,-6934.064223488172
35145.0,-6934.042455102007
35146.0,-6934.020686715841
35147.0,-6933.998918329676
35148.0,-6933.977149943511
35149.0,-6933.955381557345
35150.0,-6933.93361317118
35151.0,-6933.911844785015
35152.0,-6933.8900763988495
35153.0,-6933.868308012684
35154.0,-6933.846539626519
35155.0,-6933.824771240354
35156.0,-6933.803002854188
35157.0,-6933.781234468023
35158.0,-6933.759466081858
35159.0,-6933.737697695692
35160.0,-6933.715929309527
35161.0,-6933.694160923362
35162.0,-6933.672392537196
35163.0,-6933.6506241510315
35164.0,-6933.628855764866
35165.0,-6933.6070873787
35166.0,-6933.585318992536
35167.0,-6933.56355060637
35168.0,-6933.541782220204
35169.0,-6933.52001383404
35170.0,-6933.498245447874
35171.0,-6933.4764770617085
35172.0,-6933.454708675544
35173.0,-6933.432940289378
35174.0,-6933.411171903213
35175.0,-6933.389403517048
35176.0,-6933.367635130882
35177.0,-6933.345866744717
35178.0,-6933.324098358552
35179.0,-6933.302329972386
35180.0,-6933.280561586221
35181.0,-6933.258793200056
35182.0,-6933.2370248138905
35183.0,-6933.215256427725
35184.0,-6933.19348804156
35185.0,-6933.171719655395
35186.0,-6933.149951269229
35187.0,-6933.128182883064
35188.0,-6933.106414496899
35189.0,-6933.084646110733
35190.0,-6933.062877724568
35191.0,-6933.041109338403
35192.0,-6933.019340952237
35193.0,-6932.997572566072
35194.0,-6932.975804179907
35195.0,-6932.954035793741
35196.0,-6932.932267407577
35197.0,-6932.910499021411
35198.0,-6932.888730635245
35199.0,-6932.866962249081
35200.0,-6932.845193862915
35201.0,-6932.823425476749
35202.0,-6932.801657090585
35203.0,-6932.779888704419
35204.0,-6932.7581203182535
35205.0,-6932.736351932089
35206.0,-6932.714583545923
35207.0,-6932.692815159758
35208.0,-6932.671046773593
35209.0,-6932.649278387427
35210.0,-6932.627510001262
35211.0,-6932.605741615097
35212.0,-6932.583973228931
35213.0,-6932.562204842766
35214.0,-6932.540436456601
35215.0,-6932.5186680704355
35216.0,-6932.49689968427
35217.0,-6932.475131298105
35218.0,-6932.45336291194
35219.0,-6932.431594525774
35220.0,-6932.409826139609
35221.0,-6932.388057753444
35222.0,-6932.366289367278
35223.0,-6932.344520981113
35224.0,-6932.322752594948
35225.0,-6932.300984208782
35226.0,-6932.2792158226175
35227.0,-6932.257447436452
35228.0,-6932.235679050286
35229.0,-6932.213910664122
35230.0,-6932.192142277956
35231.0,-6932.17037389179
35232.0,-6932.148605505626
35233.0,-6932.12683711946
35234.0,-6932.1050687332945
35235.0,-6932.08330034713
35236.0,-6932.061531960964
35237.0,-6932.039763574799
35238.0,-6932.017995188634
35239.0,-6931.996226802468
35240.0,-6931.974458416303
35241.0,-6931.952690030138
35242.0,-6931.930921643972
35243.0,-6931.909153257807
35244.0,-6931.887384871642
35245.0,-6931.8656164854765
35246.0,-6931.843848099311
35247.0,-6931.822079713146
35248.0,-6931.800311326981
35249.0,-6931.778542940815
35250.0,-6931.75677455465
35251.0,-6931.735006168485
35252.0,-6931.713237782319
35253.0,-6931.691469396154
35254.0,-6931.669701009989
35255.0,-6931.647932623823
35256.0,-6931.6261642376585
35257.0,-6931.604395851493
35258.0,-6931.582627465327
35259.0,-6931.560859079163
35260.0,-6931.539090692997
35261.0,-6931.517322306831
35262.0,-6931.495553920667
35263.0,-6931.473785534501
35264.0,-6931.4520171483355
35265.0,-6931.430248762171
35266.0,-6931.408480376005
35267.0,-6931.38671198984
35268.0,-6931.364943603675
35269.0,-6931.343175217509
35270.0,-6931.321406831344
35271.0,-6931.299638445179
35272.0,-6931.277870059013
35273.0,-6931.256101672848
35274.0,-6931.234333286683
35275.0,-6931.2125649005175
35276.0,-6931.190796514352
35277.0,-6931.169028128187
35278.0,-6931.147259742022
35279.0,-6931.125491355856
35280.0,-6931.103722969691
35281.0,-6931.081954583526
35282.0,-6931.06018619736
35283.0,-6931.038417811195
35284.0,-6931.01664942503
35285.0,-6930.994881038864
35286.0,-6930.9731126526995
35287.0,-6930.951344266534
35288.0,-6930.929575880368
35289.0,-6930.907807494204
35290.0,-6930.886039108038
35291.0,-6930.864270721872
35292.0,-6930.842502335708
35293.0,-6930.820733949542
35294.0,-6930.798965563376
35295.0,-6930.777197177212
35296.0,-6930.755428791046
35297.0,-6930.7336604048805
35298.0,-6930.711892018716
35299.0,-6930.69012363255
35300.0,-6930.668355246385
35301.0,-6930.64658686022
35302.0,-6930.624818474054
35303.0,-6930.603050087889
35304.0,-6930.581281701724
35305.0,-6930.559513315558
35306.0,-6930.537744929393
35307.0,-6930.515976543228
35308.0,-6930.4942081570625
35309.0,-6930.472439770897
35310.0,-6930.450671384732
35311.0,-6930.428902998567
35312.0,-6930.407134612401
35313.0,-6930.385366226236
35314.0,-6930.363597840071
35315.0,-6930.341829453905
35316.0,-6930.32006106774
35317.0,-6930.298292681575
35318.0,-6930.276524295409
35319.0,-6930.2547559092445
35320.0,-6930.232987523079
35321.0,-6930.211219136913
35322.0,-6930.189450750749
35323.0,-6930.167682364583
35324.0,-6930.145913978417
35325.0,-6930.124145592253
35326.0,-6930.102377206087
35327.0,-6930.0806088199215
35328.0,-6930.058840433757
35329.0,-6930.037072047591
35330.0,-6930.015303661426
35331.0,-6929.993535275261
35332.0,-6929.971766889095
35333.0,-6929.94999850293
35334.0,-6929.928230116765
35335.0,-6929.906461730599
35336.0,-6929.884693344434
35337.0,-6929.862924958269
35338.0,-6929.8411565721035
35339.0,-6929.819388185938
35340.0,-6929.797619799773
35341.0,-6929.775851413608
35342.0,-6929.754083027442
35343.0,-6929.732314641277
35344.0,-6929.710546255112
35345.0,-6929.688777868946
35346.0,-6929.667009482781
35347.0,-6929.645241096616
35348.0,-6929.62347271045
35349.0,-6929.6017043242855
35350.0,-6929.57993593812
35351.0,-6929.558167551954
35352.0,-6929.53639916579
35353.0,-6929.514630779624
35354.0,-6929.492862393458
35355.0,-6929.471094007294
35356.0,-6929.449325621128
35357.0,-6929.4275572349625
35358.0,-6929.405788848798
35359.0,-6929.384020462632
35360.0,-6929.362252076467
35361.0,-6929.340483690302
35362.0,-6929.318715304136
35363.0,-6929.296946917971
35364.0,-6929.275178531806
35365.0,-6929.25341014564
35366.0,-6929.231641759475
35367.0,-6929.20987337331
35368.0,-6929.1881049871445
35369.0,-6929.166336600979
35370.0,-6929.144568214814
35371.0,-6929.122799828649
35372.0,-6929.101031442483
35373.0,-6929.079263056318
35374.0,-6929.057494670153
35375.0,-6929.035726283987
35376.0,-6929.013957897822
35377.0,-6928.992189511657
35378.0,-6928.970421125491
35379.0,-6928.9486527393265
35380.0,-6928.926884353161
35381.0,-6928.905115966995
35382.0,-6928.883347580831
35383.0,-6928.861579194665
35384.0,-6928.839810808499
35385.0,-6928.818042422335
35386.0,-6928.796274036169
35387.0,-6928.774505650003
35388.0,-6928.752737263839
35389.0,-6928.730968877673
35390.0,-6928.7092004915075
35391.0,-6928.687432105343
35392.0,-6928.665663719177
35393.0,-6928.643895333012
35394.0,-6928.622126946847
35395.0,-6928.600358560681
35396.0,-6928.578590174516
35397.0,-6928.556821788351
35398.0,-6928.535053402185
35399.0,-6928.51328501602
35400.0,-6928.491516629855
35401.0,-6928.4697482436895
35402.0,-6928.447979857524
35403.0,-6928.426211471359
35404.0,-6928.404443085194
35405.0,-6928.382674699028
35406.0,-6928.360906312863
35407.0,-6928.339137926698
35408.0,-6928.317369540532
35409.0,-6928.295601154367
35410.0,-6928.273832768202
35411.0,-6928.252064382036
35412.0,-6928.2302959958715
35413.0,-6928.208527609706
35414.0,-6928.18675922354
35415.0,-6928.164990837376
35416.0,-6928.14322245121
35417.0,-6928.121454065044
35418.0,-6928.09968567888
35419.0,-6928.077917292714
35420.0,-6928.0561489065485
35421.0,-6928.034380520384
35422.0,-6928.012612134218
35423.0,-6927.990843748053
35424.0,-6927.969075361888
35425.0,-6927.947306975722
35426.0,-6927.925538589557
35427.0,-6927.903770203392
35428.0,-6927.882001817226
35429.0,-6927.860233431061
35430.0,-6927.838465044896
35431.0,-6927.8166966587305
35432.0,-6927.794928272565
35433.0,-6927.7731598864
35434.0,-6927.751391500235
35435.0,-6927.729623114069
35436.0,-6927.707854727904
35437.0,-6927.686086341739
35438.0,-6927.664317955573
35439.0,-6927.642549569408
35440.0,-6927.620781183243
35441.0,-6927.599012797077
35442.0,-6927.5772444109125
35443.0,-6927.555476024747
35444.0,-6927.533707638581
35445.0,-6927.511939252417
35446.0,-6927.490170866251
35447.0,-6927.468402480085
35448.0,-6927.446634093921
35449.0,-6927.424865707755
35450.0,-6927.4030973215895
35451.0,-6927.381328935425
35452.0,-6927.359560549259
35453.0,-6927.337792163094
35454.0,-6927.316023776929
35455.0,-6927.294255390763
35456.0,-6927.272487004598
35457.0,-6927.250718618433
35458.0,-6927.228950232267
35459.0,-6927.207181846102
35460.0,-6927.185413459937
35461.0,-6927.1636450737715
35462.0,-6927.141876687606
35463.0,-6927.120108301441
35464.0,-6927.098339915276
35465.0,-6927.07657152911
35466.0,-6927.054803142945
35467.0,-6927.03303475678
35468.0,-6927.011266370614
35469.0,-6926.989497984449
35470.0,-6926.967729598284
35471.0,-6926.945961212118
35472.0,-6926.9241928259535
35473.0,-6926.902424439788
35474.0,-6926.880656053622
35475.0,-6926.858887667458
35476.0,-6926.837119281292
35477.0,-6926.815350895126
35478.0,-6926.793582508962
35479.0,-6926.771814122796
35480.0,-6926.75004573663
35481.0,-6926.728277350466
35482.0,-6926.7065089643
35483.0,-6926.684740578135
35484.0,-6926.66297219197
35485.0,-6926.641203805804
35486.0,-6926.619435419639
35487.0,-6926.597667033474
35488.0,-6926.575898647308
35489.0,-6926.554130261143
35490.0,-6926.532361874978
35491.0,-6926.510593488812
35492.0,-6926.488825102647
35493.0,-6926.467056716482
35494.0,-6926.4452883303165
35495.0,-6926.423519944151
35496.0,-6926.401751557986
35497.0,-6926.379983171821
35498.0,-6926.358214785655
35499.0,-6926.33644639949
35500.0,-6926.314678013325
35501.0,-6926.292909627159
35502.0,-6926.271141240994
35503.0,-6926.249372854829
35504.0,-6926.227604468663
35505.0,-6926.2058360824985
35506.0,-6926.184067696333
35507.0,-6926.162299310167
35508.0,-6926.140530924003
35509.0,-6926.118762537837
35510.0,-6926.096994151671
35511.0,-6926.075225765507
35512.0,-6926.053457379341
35513.0,-6926.0316889931755
35514.0,-6926.009920607011
35515.0,-6925.988152220845
35516.0,-6925.96638383468
35517.0,-6925.944615448515
35518.0,-6925.922847062349
35519.0,-6925.901078676184
35520.0,-6925.879310290019
35521.0,-6925.857541903853
35522.0,-6925.835773517688
35523.0,-6925.814005131523
35524.0,-6925.7922367453575
35525.0,-6925.770468359192
35526.0,-6925.748699973027
35527.0,-6925.726931586862
35528.0,-6925.705163200696
35529.0,-6925.683394814531
35530.0,-6925.661626428366
35531.0,-6925.6398580422
35532.0,-6925.618089656035
35533.0,-6925.59632126987
35534.0,-6925.574552883704
35535.0,-6925.5527844975395
35536.0,-6925.531016111374
35537.0,-6925.509247725208
35538.0,-6925.487479339044
35539.0,-6925.465710952878
35540.0,-6925.443942566712
35541.0,-6925.422174180548
35542.0,-6925.400405794382
35543.0,-6925.3786374082165
35544.0,-6925.356869022052
35545.0,-6925.335100635886
35546.0,-6925.313332249721
35547.0,-6925.291563863556
35548.0,-6925.26979547739
35549.0,-6925.248027091225
35550.0,-6925.22625870506
35551.0,-6925.204490318894
35552.0,-6925.182721932729
35553.0,-6925.160953546564
35554.0,-6925.1391851603985
35555.0,-6925.117416774233
35556.0,-6925.095648388068
35557.0,-6925.073880001903
35558.0,-6925.052111615737
35559.0,-6925.030343229572
35560.0,-6925.008574843407
35561.0,-6924.986806457241
35562.0,-6924.965038071076
35563.0,-6924.943269684911
35564.0,-6924.921501298745
35565.0,-6924.8997329125805
35566.0,-6924.877964526415
35567.0,-6924.856196140249
35568.0,-6924.834427754085
35569.0,-6924.812659367919
35570.0,-6924.790890981753
35571.0,-6924.769122595589
35572.0,-6924.747354209423
35573.0,-6924.7255858232575
35574.0,-6924.703817437093
35575.0,-6924.682049050927
35576.0,-6924.660280664762
35577.0,-6924.638512278597
35578.0,-6924.616743892431
35579.0,-6924.594975506266
35580.0,-6924.573207120101
35581.0,-6924.551438733935
35582.0,-6924.52967034777
35583.0,-6924.507901961605
35584.0,-6924.486133575439
35585.0,-6924.464365189274
35586.0,-6924.442596803109
35587.0,-6924.420828416944
35588.0,-6924.399060030778
35589.0,-6924.377291644613
35590.0,-6924.355523258448
35591.0,-6924.333754872282
35592.0,-6924.311986486117
35593.0,-6924.290218099952
35594.0,-6924.268449713786
35595.0,-6924.246681327621
35596.0,-6924.224912941456
35597.0,-6924.20314455529
35598.0,-6924.1813761691255
35599.0,-6924.15960778296
35600.0,-6924.137839396794
35601.0,-6924.11607101063
35602.0,-6924.094302624464
35603.0,-6924.072534238298
35604.0,-6924.050765852134
35605.0,-6924.028997465968
35606.0,-6924.0072290798025
35607.0,-6923.985460693638
35608.0,-6923.963692307472
35609.0,-6923.941923921307
35610.0,-6923.920155535142
35611.0,-6923.898387148976
35612.0,-6923.876618762811
35613.0,-6923.854850376646
35614.0,-6923.83308199048
35615.0,-6923.811313604315
35616.0,-6923.78954521815
35617.0,-6923.7677768319845
35618.0,-6923.746008445819
35619.0,-6923.724240059654
35620.0,-6923.702471673489
35621.0,-6923.680703287323
35622.0,-6923.658934901158
35623.0,-6923.637166514993
35624.0,-6923.615398128827
35625.0,-6923.593629742662
35626.0,-6923.571861356497
35627.0,-6923.550092970331
35628.0,-6923.5283245841665
35629.0,-6923.506556198001
35630.0,-6923.484787811835
35631.0,-6923.463019425671
35632.0,-6923.441251039505
35633.0,-6923.419482653339
35634.0,-6923.397714267175
35635.0,-6923.375945881009
35636.0,-6923.3541774948435
35637.0,-6923.332409108679
35638.0,-6923.310640722513
35639.0,-6923.288872336348
35640.0,-6923.267103950183
35641.0,-6923.245335564017
35642.0,-6923.223567177852
35643.0,-6923.201798791687
35644.0,-6923.180030405521
35645.0,-6923.158262019356
35646.0,-6923.136493633191
35647.0,-6923.1147252470255
35648.0,-6923.09295686086
35649.0,-6923.071188474695
35650.0,-6923.04942008853
35651.0,-6923.027651702364
35652.0,-6923.005883316199
35653.0,-6922.984114930034
35654.0,-6922.962346543868
35655.0,-6922.940578157703
35656.0,-6922.918809771538
35657.0,-6922.897041385372
35658.0,-6922.8752729992075
35659.0,-6922.853504613042
35660.0,-6922.831736226876
35661.0,-6922.809967840712
35662.0,-6922.788199454546
35663.0,-6922.76643106838
35664.0,-6922.744662682216
35665.0,-6922.72289429605
35666.0,-6922.7011259098845
35667.0,-6922.67935752372
35668.0,-6922.657589137554
35669.0,-6922.635820751389
35670.0,-6922.614052365224
35671.0,-6922.592283979058
35672.0,-6922.570515592893
35673.0,-6922.548747206728
35674.0,-6922.526978820562
35675.0,-6922.505210434397
35676.0,-6922.483442048232
35677.0,-6922.4616736620665
35678.0,-6922.439905275901
35679.0,-6922.418136889736
35680.0,-6922.396368503571
35681.0,-6922.374600117405
35682.0,-6922.35283173124
35683.0,-6922.331063345075
35684.0,-6922.309294958909
35685.0,-6922.287526572744
35686.0,-6922.265758186579
35687.0,-6922.243989800413
35688.0,-6922.222221414248
35689.0,-6922.200453028083
35690.0,-6922.178684641917
35691.0,-6922.156916255753
35692.0,-6922.135147869587
35693.0,-6922.113379483421
35694.0,-6922.091611097257
35695.0,-6922.069842711091
35696.0,-6922.048074324925
35697.0,-6922.026305938761
35698.0,-6922.004537552595
35699.0,-6921.9827691664295
35700.0,-6921.961000780265
35701.0,-6921.939232394099
35702.0,-6921.917464007934
35703.0,-6921.895695621769
35704.0,-6921.873927235603
35705.0,-6921.852158849438
35706.0,-6921.830390463273
35707.0,-6921.808622077107
35708.0,-6921.786853690942
35709.0,-6921.765085304777
35710.0,-6921.7433169186115
35711.0,-6921.721548532446
35712.0,-6921.699780146281
35713.0,-6921.678011760116
35714.0,-6921.65624337395
35715.0,-6921.634474987785
35716.0,-6921.61270660162
35717.0,-6921.590938215454
35718.0,-6921.569169829289
35719.0,-6921.547401443124
35720.0,-6921.525633056958
35721.0,-6921.5038646707935
35722.0,-6921.482096284628
35723.0,-6921.460327898462
35724.0,-6921.438559512298
35725.0,-6921.416791126132
35726.0,-6921.395022739966
35727.0,-6921.373254353802
35728.0,-6921.351485967636
35729.0,-6921.3297175814705
35730.0,-6921.307949195306
35731.0,-6921.28618080914
35732.0,-6921.264412422975
35733.0,-6921.24264403681
35734.0,-6921.220875650644
35735.0,-6921.199107264479
35736.0,-6921.177338878314
35737.0,-6921.155570492148
35738.0,-6921.133802105983
35739.0,-6921.112033719818
35740.0,-6921.0902653336525
35741.0,-6921.068496947487
35742.0,-6921.046728561322
35743.0,-6921.024960175157
35744.0,-6921.003191788991
35745.0,-6920.981423402826
35746.0,-6920.959655016661
35747.0,-6920.937886630495
35748.0,-6920.91611824433
35749.0,-6920.894349858165
35750.0,-6920.872581471999
35751.0,-6920.8508130858345
35752.0,-6920.829044699669
35753.0,-6920.807276313503
35754.0,-6920.785507927339
35755.0,-6920.763739541173
35756.0,-6920.741971155007
35757.0,-6920.720202768843
35758.0,-6920.698434382677
35759.0,-6920.6766659965115
35760.0,-6920.654897610347
35761.0,-6920.633129224181
35762.0,-6920.611360838016
35763.0,-6920.589592451851
35764.0,-6920.567824065685
35765.0,-6920.54605567952
35766.0,-6920.524287293355
35767.0,-6920.502518907189
35768.0,-6920.480750521024
35769.0,-6920.458982134859
35770.0,-6920.4372137486935
35771.0,-6920.415445362528
35772.0,-6920.393676976363
35773.0,-6920.371908590198
35774.0,-6920.350140204032
35775.0,-6920.328371817867
35776.0,-6920.306603431702
35777.0,-6920.284835045536
35778.0,-6920.263066659371
35779.0,-6920.241298273206
35780.0,-6920.21952988704
35781.0,-6920.1977615008755
35782.0,-6920.17599311471
35783.0,-6920.154224728544
35784.0,-6920.13245634238
35785.0,-6920.110687956214
35786.0,-6920.088919570048
35787.0,-6920.067151183884
35788.0,-6920.045382797718
35789.0,-6920.023614411552
35790.0,-6920.001846025388
35791.0,-6919.980077639222
35792.0,-6919.9583092530565
35793.0,-6919.936540866892
35794.0,-6919.914772480726
35795.0,-6919.893004094561
35796.0,-6919.871235708396
35797.0,-6919.84946732223
35798.0,-6919.827698936065
35799.0,-6919.8059305499
35800.0,-6919.784162163734
35801.0,-6919.762393777569
35802.0,-6919.740625391404
35803.0,-6919.7188570052385
35804.0,-6919.697088619073
35805.0,-6919.675320232908
35806.0,-6919.653551846743
35807.0,-6919.631783460577
35808.0,-6919.610015074412
35809.0,-6919.588246688247
35810.0,-6919.566478302081
35811.0,-6919.544709915916
35812.0,-6919.522941529751
35813.0,-6919.501173143585
35814.0,-6919.4794047574205
35815.0,-6919.457636371255
35816.0,-6919.435867985089
35817.0,-6919.414099598925
35818.0,-6919.392331212759
35819.0,-6919.370562826593
35820.0,-6919.348794440429
35821.0,-6919.327026054263
35822.0,-6919.3052576680975
35823.0,-6919.283489281933
35824.0,-6919.261720895767
35825.0,-6919.239952509602
35826.0,-6919.218184123437
35827.0,-6919.196415737271
35828.0,-6919.174647351106
35829.0,-6919.152878964941
35830.0,-6919.131110578775
35831.0,-6919.10934219261
35832.0,-6919.087573806445
35833.0,-6919.0658054202795
35834.0,-6919.044037034114
35835.0,-6919.022268647949
35836.0,-6919.000500261784
35837.0,-6918.978731875618
35838.0,-6918.956963489453
35839.0,-6918.935195103288
35840.0,-6918.913426717122
35841.0,-6918.902552520235
35842.0,-6918.891678323348
35843.0,-6918.880804126461
35844.0,-6918.869929929574
35845.0,-6918.859055732687
35846.0,-6918.8481815358
35847.0,-6918.837307338913
35848.0,-6918.826433142026
35849.0,-6918.815558945139
35850.0,-6918.804684748252
35851.0,-6918.793810551365
35852.0,-6918.782936354478
35853.0,-6918.772062157591
35854.0,-6918.761187960704
35855.0,-6918.750313763817
35856.0,-6918.73943956693
35857.0,-6918.728565370043
35858.0,-6918.717691173156
35859.0,-6918.706816976269
35860.0,-6918.695942779382
35861.0,-6918.685068582495
35862.0,-6918.674194385608
35863.0,-6918.663320188721
35864.0,-6918.652445991834
35865.0,-6918.641571794947
35866.0,-6918.63069759806
35867.0,-6918.619823401173
35868.0,-6918.608949204286
35869.0,-6918.598075007399
35870.0,-6918.587200810512
35871.0,-6918.576326613625
35872.0,-6918.565452416738
35873.0,-6918.554578219851
35874.0,-6918.5437040229635
35875.0,-6918.5328298260765
35876.0,-6918.5219556291895
35877.0,-6918.5110814323025
35878.0,-6918.5002072354155
35879.0,-6918.4893330385285
35880.0,-6918.478458841641
35881.0,-6918.467584644754
35882.0,-6918.456710447867
35883.0,-6918.44583625098
35884.0,-6918.434962054093
35885.0,-6918.424087857206
35886.0,-6918.413213660319
35887.0,-6918.402339463432
35888.0,-6918.391465266545
35889.0,-6918.380591069658
35890.0,-6918.369716872771
35891.0,-6918.358842675884
35892.0,-6918.347968478997
35893.0,-6918.33709428211
35894.0,-6918.326220085223
35895.0,-6918.315345888336
35896.0,-6918.304471691449
35897.0,-6918.293597494562
35898.0,-6918.282723297675
35899.0,-6918.271849100788
35900.0,-6918.260974903901
35901.0,-6918.250100707014
35902.0,-6918.239226510127
35903.0,-6918.22835231324
35904.0,-6918.217478116353
35905.0,-6918.206603919466
35906.0,-6918.195729722579
35907.0,-6918.184855525692
35908.0,-6918.173981328805
35909.0,-6918.163107131918
35910.0,-6918.152232935031
35911.0,-6918.141358738144
35912.0,-6918.130484541257
35913.0,-6918.11961034437
35914.0,-6918.108736147483
35915.0,-6918.097861950596
35916.0,-6918.086987753709
35917.0,-6918.076113556822
35918.0,-6918.065239359935
35919.0,-6918.054365163048
35920.0,-6918.043490966161
35921.0,-6918.032616769274
35922.0,-6918.021742572387
35923.0,-6918.0108683755
35924.0,-6917.999994178613
35925.0,-6917.989119981726
35926.0,-6917.978245784839
35927.0,-6917.967371587952
35928.0,-6917.956497391065
35929.0,-6917.945623194178
35930.0,-6917.934748997291
35931.0,-6917.923874800404
35932.0,-6917.913000603517
35933.0,-6917.90212640663
35934.0,-6917.891252209743
35935.0,-6917.8803780128555
35936.0,-6917.8695038159685
35937.0,-6917.8586296190815
35938.0,-6917.8477554221945
35939.0,-6917.8368812253075
35940.0,-6917.8260070284205
35941.0,-6917.815132831533
35942.0,-6917.804258634646
35943.0,-6917.793384437759
35944.0,-6917.782510240872
35945.0,-6917.771636043985
35946.0,-6917.760761847098
35947.0,-6917.749887650211
35948.0,-6917.739013453324
35949.0,-6917.728139256437
35950.0,-6917.71726505955
35951.0,-6917.706390862663
35952.0,-6917.695516665776
35953.0,-6917.684642468889
35954.0,-6917.673768272002
35955.0,-6917.662894075115
35956.0,-6917.652019878228
35957.0,-6917.641145681341
35958.0,-6917.630271484454
35959.0,-6917.619397287567
35960.0,-6917.60852309068
35961.0,-6917.597648893793
35962.0,-6917.586774696906
35963.0,-6917.575900500019
35964.0,-6917.565026303132
35965.0,-6917.554152106245
35966.0,-6917.543277909358
35967.0,-6917.532403712471
35968.0,-6917.521529515584
35969.0,-6917.510655318697
35970.0,-6917.49978112181
35971.0,-6917.488906924923
35972.0,-6917.478032728036
35973.0,-6917.467158531149
35974.0,-6917.456284334262
35975.0,-6917.445410137375
35976.0,-6917.434535940488
35977.0,-6917.423661743601
35978.0,-6917.412787546714
35979.0,-6917.401913349827
35980.0,-6917.39103915294
35981.0,-6917.380164956053
35982.0,-6917.369290759166
35983.0,-6917.358416562279
35984.0,-6917.347542365392
35985.0,-6917.336668168505
35986.0,-6917.325793971618
35987.0,-6917.314919774731
35988.0,-6917.304045577844
35989.0,-6917.293171380957
35990.0,-6917.28229718407
35991.0,-6917.271422987183
35992.0,-6917.260548790296
35993.0,-6917.249674593409
35994.0,-6917.238800396522
35995.0,-6917.227926199635
35996.0,-6917.217052002748
35997.0,-6917.2061778058605
35998.0,-6917.1953036089735
35999.0,-6917.1844294120865
36000.0,-6917.1735552151995
36001.0,-6917.1626810183125
36002.0,-6917.151806821425
36003.0,-6917.140932624538
36004.0,-6917.130058427651
36005.0,-6917.119184230764
36006.0,-6917.108310033877
36007.0,-6917.09743583699
36008.0,-6917.086561640103
36009.0,-6917.075687443216
36010.0,-6917.064813246329
36011.0,-6917.053939049442
36012.0,-6917.043064852555
36013.0,-6917.032190655668
36014.0,-6917.021316458781
36015.0,-6917.010442261894
36016.0,-6916.999568065007
36017.0,-6916.98869386812
36018.0,-6916.977819671233
36019.0,-6916.966945474346
36020.0,-6916.956071277459
36021.0,-6916.945197080572
36022.0,-6916.934322883685
36023.0,-6916.923448686798
36024.0,-6916.912574489911
36025.0,-6916.901700293024
36026.0,-6916.890826096137
36027.0,-6916.87995189925
36028.0,-6916.869077702363
36029.0,-6916.858203505476
36030.0,-6916.847329308589
36031.0,-6916.836455111702
36032.0,-6916.825580914815
36033.0,-6916.814706717928
36034.0,-6916.803832521041
36035.0,-6916.792958324154
36036.0,-6916.782084127267
36037.0,-6916.77120993038
36038.0,-6916.760335733493
36039.0,-6916.749461536606
36040.0,-6916.738587339719
36041.0,-6916.727713142832
36042.0,-6916.716838945945
36043.0,-6916.705964749058
36044.0,-6916.695090552171
36045.0,-6916.684216355284
36046.0,-6916.673342158397
36047.0,-6916.66246796151
36048.0,-6916.651593764623
36049.0,-6916.640719567736
36050.0,-6916.629845370849
36051.0,-6916.618971173962
36052.0,-6916.608096977075
36053.0,-6916.597222780188
36054.0,-6916.586348583301
36055.0,-6916.575474386414
36056.0,-6916.564600189527
36057.0,-6916.55372599264
36058.0,-6916.5428517957525
36059.0,-6916.5319775988655
36060.0,-6916.5211034019785
36061.0,-6916.5102292050915
36062.0,-6916.4993550082045
36063.0,-6916.4884808113175
36064.0,-6916.47760661443
36065.0,-6916.466732417543
36066.0,-6916.455858220656
36067.0,-6916.444984023769
36068.0,-6916.434109826882
36069.0,-6916.423235629995
36070.0,-6916.412361433108
36071.0,-6916.401487236221
36072.0,-6916.390613039334
36073.0,-6916.379738842447
36074.0,-6916.36886464556
36075.0,-6916.357990448673
36076.0,-6916.347116251786
36077.0,-6916.336242054899
36078.0,-6916.325367858012
36079.0,-6916.314493661125
36080.0,-6916.303619464238
36081.0,-6916.292745267351
36082.0,-6916.281871070464
36083.0,-6916.270996873577
36084.0,-6916.26012267669
36085.0,-6916.249248479803
36086.0,-6916.238374282916
36087.0,-6916.227500086029
36088.0,-6916.216625889142
36089.0,-6916.205751692255
36090.0,-6916.194877495368
36091.0,-6916.184003298481
36092.0,-6916.173129101594
36093.0,-6916.162254904707
36094.0,-6916.15138070782
36095.0,-6916.140506510933
36096.0,-6916.129632314046
36097.0,-6916.118758117159
36098.0,-6916.107883920272
36099.0,-6916.097009723385
36100.0,-6916.086135526498
36101.0,-6916.075261329611
36102.0,-6916.064387132724
36103.0,-6916.053512935837
36104.0,-6916.04263873895
36105.0,-6916.031764542063
36106.0,-6916.020890345176
36107.0,-6916.010016148289
36108.0,-6915.999141951402
36109.0,-6915.988267754515
36110.0,-6915.977393557628
36111.0,-6915.966519360741
36112.0,-6915.955645163854
36113.0,-6915.944770966967
36114.0,-6915.93389677008
36115.0,-6915.923022573193
36116.0,-6915.912148376306
36117.0,-6915.901274179419
36118.0,-6915.890399982532
36119.0,-6915.879525785645
36120.0,-6915.8686515887575
36121.0,-6915.8577773918705
36122.0,-6915.8469031949835
36123.0,-6915.8360289980965
36124.0,-6915.8251548012095
36125.0,-6915.814280604322
36126.0,-6915.803406407435
36127.0,-6915.792532210548
36128.0,-6915.781658013661
36129.0,-6915.770783816774
36130.0,-6915.759909619887
36131.0,-6915.749035423
36132.0,-6915.738161226113
36133.0,-6915.727287029226
36134.0,-6915.716412832339
36135.0,-6915.705538635452
36136.0,-6915.694664438565
36137.0,-6915.683790241678
36138.0,-6915.672916044791
36139.0,-6915.662041847904
36140.0,-6915.651167651017
36141.0,-6915.64029345413
36142.0,-6915.629419257243
36143.0,-6915.618545060356
36144.0,-6915.607670863469
36145.0,-6915.596796666582
36146.0,-6915.585922469695
36147.0,-6915.575048272808
36148.0,-6915.564174075921
36149.0,-6915.553299879034
36150.0,-6915.542425682147
36151.0,-6915.53155148526
36152.0,-6915.520677288373
36153.0,-6915.509803091486
36154.0,-6915.498928894599
36155.0,-6915.488054697712
36156.0,-6915.477180500825
36157.0,-6915.466306303938
36158.0,-6915.455432107051
36159.0,-6915.444557910164
36160.0,-6915.433683713277
36161.0,-6915.42280951639
36162.0,-6915.411935319503
36163.0,-6915.401061122616
36164.0,-6915.390186925729
36165.0,-6915.379312728842
36166.0,-6915.368438531955
36167.0,-6915.357564335068
36168.0,-6915.346690138181
36169.0,-6915.335815941294
36170.0,-6915.324941744407
36171.0,-6915.31406754752
36172.0,-6915.303193350633
36173.0,-6915.292319153746
36174.0,-6915.281444956859
36175.0,-6915.270570759972
36176.0,-6915.259696563085
36177.0,-6915.248822366198
36178.0,-6915.237948169311
36179.0,-6915.227073972424
36180.0,-6915.216199775537
36181.0,-6915.2053255786495
36182.0,-6915.1944513817625
36183.0,-6915.1835771848755
36184.0,-6915.1727029879885
36185.0,-6915.1618287911015
36186.0,-6915.150954594214
36187.0,-6915.140080397327
36188.0,-6915.12920620044
36189.0,-6915.118332003553
36190.0,-6915.107457806666
36191.0,-6915.096583609779
36192.0,-6915.085709412892
36193.0,-6915.074835216005
36194.0,-6915.063961019118
36195.0,-6915.053086822231
36196.0,-6915.042212625344
36197.0,-6915.031338428457
36198.0,-6915.02046423157
36199.0,-6915.009590034683
36200.0,-6914.998715837796
36201.0,-6914.987841640909
36202.0,-6914.976967444022
36203.0,-6914.966093247135
36204.0,-6914.955219050248
36205.0,-6914.944344853361
36206.0,-6914.933470656474
36207.0,-6914.922596459587
36208.0,-6914.9117222627
36209.0,-6914.900848065813
36210.0,-6914.889973868926
36211.0,-6914.879099672039
36212.0,-6914.868225475152
36213.0,-6914.857351278265
36214.0,-6914.846477081378
36215.0,-6914.835602884491
36216.0,-6914.824728687604
36217.0,-6914.813854490717
36218.0,-6914.80298029383
36219.0,-6914.792106096943
36220.0,-6914.781231900056
36221.0,-6914.770357703169
36222.0,-6914.759483506282
36223.0,-6914.748609309395
36224.0,-6914.737735112508
36225.0,-6914.726860915621
36226.0,-6914.715986718734
36227.0,-6914.705112521847
36228.0,-6914.69423832496
36229.0,-6914.683364128073
36230.0,-6914.672489931186
36231.0,-6914.661615734299
36232.0,-6914.650741537412
36233.0,-6914.639867340525
36234.0,-6914.628993143638
36235.0,-6914.618118946751
36236.0,-6914.607244749864
36237.0,-6914.596370552977
36238.0,-6914.58549635609
36239.0,-6914.574622159203
36240.0,-6914.563747962316
36241.0,-6914.552873765429
36242.0,-6914.5419995685415
36243.0,-6914.5311253716545
36244.0,-6914.5202511747675
36245.0,-6914.5093769778805
36246.0,-6914.4985027809935
36247.0,-6914.4876285841065
36248.0,-6914.476754387219
36249.0,-6914.465880190332
36250.0,-6914.455005993445
36251.0,-6914.444131796558
36252.0,-6914.433257599671
36253.0,-6914.422383402784
36254.0,-6914.411509205897
36255.0,-6914.40063500901
36256.0,-6914.389760812123
36257.0,-6914.378886615236
36258.0,-6914.368012418349
36259.0,-6914.357138221462
36260.0,-6914.346264024575
36261.0,-6914.335389827688
36262.0,-6914.324515630801
36263.0,-6914.313641433914
36264.0,-6914.302767237027
36265.0,-6914.29189304014
36266.0,-6914.281018843253
36267.0,-6914.270144646366
36268.0,-6914.259270449479
36269.0,-6914.248396252592
36270.0,-6914.237522055705
36271.0,-6914.226647858818
36272.0,-6914.215773661931
36273.0,-6914.204899465044
36274.0,-6914.194025268157
36275.0,-6914.18315107127
36276.0,-6914.172276874383
36277.0,-6914.161402677496
36278.0,-6914.150528480609
36279.0,-6914.139654283722
36280.0,-6914.128780086835
36281.0,-6914.117905889948
36282.0,-6914.107031693061
36283.0,-6914.096157496174
36284.0,-6914.085283299287
36285.0,-6914.0744091024
36286.0,-6914.063534905513
36287.0,-6914.052660708626
36288.0,-6914.041786511739
36289.0,-6914.030912314852
36290.0,-6914.020038117965
36291.0,-6914.009163921078
36292.0,-6913.998289724191
36293.0,-6913.987415527304
36294.0,-6913.976541330417
36295.0,-6913.96566713353
36296.0,-6913.954792936643
36297.0,-6913.943918739756
36298.0,-6913.933044542869
36299.0,-6913.922170345982
36300.0,-6913.911296149095
36301.0,-6913.900421952208
36302.0,-6913.889547755321
36303.0,-6913.878673558434
36304.0,-6913.8677993615465
36305.0,-6913.8569251646595
36306.0,-6913.8460509677725
36307.0,-6913.8351767708855
36308.0,-6913.8243025739985
36309.0,-6913.813428377111
36310.0,-6913.802554180224
36311.0,-6913.791679983337
36312.0,-6913.78080578645
36313.0,-6913.769931589563
36314.0,-6913.759057392676
36315.0,-6913.748183195789
36316.0,-6913.737308998902
36317.0,-6913.726434802015
36318.0,-6913.715560605128
36319.0,-6913.704686408241
36320.0,-6913.693812211354
36321.0,-6913.682938014467
36322.0,-6913.67206381758
36323.0,-6913.661189620693
36324.0,-6913.650315423806
36325.0,-6913.639441226919
36326.0,-6913.628567030032
36327.0,-6913.617692833145
36328.0,-6913.606818636258
36329.0,-6913.595944439371
36330.0,-6913.585070242484
36331.0,-6913.574196045597
36332.0,-6913.56332184871
36333.0,-6913.552447651823
36334.0,-6913.541573454936
36335.0,-6913.530699258049
36336.0,-6913.519825061162
36337.0,-6913.508950864275
36338.0,-6913.498076667388
36339.0,-6913.487202470501
36340.0,-6913.476328273614
36341.0,-6913.465454076727
36342.0,-6913.45457987984
36343.0,-6913.443705682953
36344.0,-6913.432831486066
36345.0,-6913.421957289179
36346.0,-6913.411083092292
36347.0,-6913.400208895405
36348.0,-6913.389334698518
36349.0,-6913.378460501631
36350.0,-6913.367586304744
36351.0,-6913.356712107857
36352.0,-6913.34583791097
36353.0,-6913.334963714083
36354.0,-6913.324089517196
36355.0,-6913.313215320309
36356.0,-6913.302341123422
36357.0,-6913.291466926535
36358.0,-6913.280592729648
36359.0,-6913.269718532761
36360.0,-6913.258844335874
36361.0,-6913.247970138987
36362.0,-6913.2370959421
36363.0,-6913.226221745213
36364.0,-6913.215347548326
36365.0,-6913.2044733514385
36366.0,-6913.1935991545515
36367.0,-6913.1827249576645
36368.0,-6913.1718507607775
36369.0,-6913.1609765638905
36370.0,-6913.1501023670035
36371.0,-6913.139228170116
36372.0,-6913.128353973229
36373.0,-6913.117479776342
36374.0,-6913.106605579455
36375.0,-6913.095731382568
36376.0,-6913.084857185681
36377.0,-6913.073982988794
36378.0,-6913.063108791907
36379.0,-6913.05223459502
36380.0,-6913.041360398133
36381.0,-6913.030486201246
36382.0,-6913.019612004359
36383.0,-6913.008737807472
36384.0,-6912.997863610585
36385.0,-6912.986989413698
36386.0,-6912.976115216811
36387.0,-6912.965241019924
36388.0,-6912.954366823037
36389.0,-6912.94349262615
36390.0,-6912.932618429263
36391.0,-6912.921744232376
36392.0,-6912.910870035489
36393.0,-6912.899995838602
36394.0,-6912.889121641715
36395.0,-6912.878247444828
36396.0,-6912.867373247941
36397.0,-6912.856499051054
36398.0,-6912.845624854167
36399.0,-6912.83475065728
36400.0,-6912.823876460393
36401.0,-6912.813002263506
36402.0,-6912.802128066619
36403.0,-6912.791253869732
36404.0,-6912.780379672845
36405.0,-6912.769505475958
36406.0,-6912.758631279071
36407.0,-6912.747757082184
36408.0,-6912.736882885297
36409.0,-6912.72600868841
36410.0,-6912.715134491523
36411.0,-6912.704260294636
36412.0,-6912.693386097749
36413.0,-6912.682511900862
36414.0,-6912.671637703975
36415.0,-6912.660763507088
36416.0,-6912.649889310201
36417.0,-6912.639015113314
36418.0,-6912.628140916427
36419.0,-6912.61726671954
36420.0,-6912.606392522653
36421.0,-6912.595518325766
36422.0,-6912.584644128879
36423.0,-6912.573769931992
36424.0,-6912.562895735105
36425.0,-6912.552021538218
36426.0,-6912.5411473413305
36427.0,-6912.5302731444435
36428.0,-6912.5193989475565
36429.0,-6912.5085247506695
36430.0,-6912.4976505537825
36431.0,-6912.4867763568955
36432.0,-6912.475902160008
36433.0,-6912.465027963121
36434.0,-6912.454153766234
36435.0,-6912.443279569347
36436.0,-6912.43240537246
36437.0,-6912.421531175573
36438.0,-6912.410656978686
36439.0,-6912.399782781799
36440.0,-6912.388908584912
36441.0,-6912.378034388025
36442.0,-6912.367160191138
36443.0,-6912.356285994251
36444.0,-6912.345411797364
36445.0,-6912.334537600477
36446.0,-6912.32366340359
36447.0,-6912.312789206703
36448.0,-6912.301915009816
36449.0,-6912.291040812929
36450.0,-6912.280166616042
36451.0,-6912.269292419155
36452.0,-6912.258418222268
36453.0,-6912.247544025381
36454.0,-6912.236669828494
36455.0,-6912.225795631607
36456.0,-6912.21492143472
36457.0,-6912.204047237833
36458.0,-6912.193173040946
36459.0,-6912.182298844059
36460.0,-6912.171424647172
36461.0,-6912.160550450285
36462.0,-6912.149676253398
36463.0,-6912.138802056511
36464.0,-6912.127927859624
36465.0,-6912.117053662737
36466.0,-6912.10617946585
36467.0,-6912.095305268963
36468.0,-6912.084431072076
36469.0,-6912.073556875189
36470.0,-6912.062682678302
36471.0,-6912.051808481415
36472.0,-6912.040934284528
36473.0,-6912.030060087641
36474.0,-6912.019185890754
36475.0,-6912.008311693867
36476.0,-6911.99743749698
36477.0,-6911.986563300093
36478.0,-6911.975689103206
36479.0,-6911.964814906319
36480.0,-6911.953940709432
36481.0,-6911.943066512545
36482.0,-6911.932192315658
36483.0,-6911.921318118771
36484.0,-6911.910443921884
36485.0,-6911.899569724997
36486.0,-6911.88869552811
36487.0,-6911.877821331223
36488.0,-6911.8669471343355
36489.0,-6911.8560729374485
36490.0,-6911.8451987405615
36491.0,-6911.8343245436745
36492.0,-6911.8234503467875
36493.0,-6911.8125761499
36494.0,-6911.801701953013
36495.0,-6911.790827756126
36496.0,-6911.779953559239
36497.0,-6911.769079362352
36498.0,-6911.758205165465
36499.0,-6911.747330968578
36500.0,-6911.736456771691
36501.0,-6911.725582574804
36502.0,-6911.714708377917
36503.0,-6911.70383418103
36504.0,-6911.692959984143
36505.0,-6911.682085787256
36506.0,-6911.671211590369
36507.0,-6911.660337393482
36508.0,-6911.649463196595
36509.0,-6911.638588999708
36510.0,-6911.627714802821
36511.0,-6911.616840605934
36512.0,-6911.605966409047
36513.0,-6911.59509221216
36514.0,-6911.584218015273
36515.0,-6911.573343818386
36516.0,-6911.562469621499
36517.0,-6911.551595424612
36518.0,-6911.540721227725
36519.0,-6911.529847030838
36520.0,-6911.518972833951
36521.0,-6911.508098637064
36522.0,-6911.497224440177
36523.0,-6911.48635024329
36524.0,-6911.475476046403
36525.0,-6911.464601849516
36526.0,-6911.453727652629
36527.0,-6911.442853455742
36528.0,-6911.431979258855
36529.0,-6911.421105061968
36530.0,-6911.410230865081
36531.0,-6911.399356668194
36532.0,-6911.388482471307
36533.0,-6911.37760827442
36534.0,-6911.366734077533
36535.0,-6911.355859880646
36536.0,-6911.344985683759
36537.0,-6911.334111486872
36538.0,-6911.323237289985
36539.0,-6911.312363093098
36540.0,-6911.301488896211
36541.0,-6911.290614699324
36542.0,-6911.279740502437
36543.0,-6911.26886630555
36544.0,-6911.257992108663
36545.0,-6911.247117911776
36546.0,-6911.236243714889
36547.0,-6911.225369518002
36548.0,-6911.214495321115
36549.0,-6911.2036211242275
36550.0,-6911.1927469273405
36551.0,-6911.1818727304535
36552.0,-6911.1709985335665
36553.0,-6911.1601243366795
36554.0,-6911.1492501397925
36555.0,-6911.138375942905
36556.0,-6911.127501746018
36557.0,-6911.116627549131
36558.0,-6911.105753352244
36559.0,-6911.094879155357
36560.0,-6911.08400495847
36561.0,-6911.073130761583
36562.0,-6911.062256564696
36563.0,-6911.051382367809
36564.0,-6911.040508170922
36565.0,-6911.029633974035
36566.0,-6911.018759777148
36567.0,-6911.007885580261
36568.0,-6910.997011383374
36569.0,-6910.986137186487
36570.0,-6910.9752629896
36571.0,-6910.964388792713
36572.0,-6910.953514595826
36573.0,-6910.942640398939
36574.0,-6910.931766202052
36575.0,-6910.920892005165
36576.0,-6910.910017808278
36577.0,-6910.899143611391
36578.0,-6910.888269414504
36579.0,-6910.877395217617
36580.0,-6910.86652102073
36581.0,-6910.855646823843
36582.0,-6910.844772626956
36583.0,-6910.833898430069
36584.0,-6910.823024233182
36585.0,-6910.812150036295
36586.0,-6910.801275839408
36587.0,-6910.790401642521
36588.0,-6910.779527445634
36589.0,-6910.768653248747
36590.0,-6910.75777905186
36591.0,-6910.746904854973
36592.0,-6910.736030658086
36593.0,-6910.725156461199
36594.0,-6910.714282264312
36595.0,-6910.703408067425
36596.0,-6910.692533870538
36597.0,-6910.681659673651
36598.0,-6910.670785476764
36599.0,-6910.659911279877
36600.0,-6910.64903708299
36601.0,-6910.638162886103
36602.0,-6910.627288689216
36603.0,-6910.616414492329
36604.0,-6910.605540295442
36605.0,-6910.594666098555
36606.0,-6910.583791901668
36607.0,-6910.572917704781
36608.0,-6910.562043507894
36609.0,-6910.551169311007
36610.0,-6910.5402951141195
36611.0,-6910.5294209172325
36612.0,-6910.5185467203455
36613.0,-6910.5076725234585
36614.0,-6910.4967983265715
36615.0,-6910.4859241296845
36616.0,-6910.475049932797
36617.0,-6910.46417573591
36618.0,-6910.453301539023
36619.0,-6910.442427342136
36620.0,-6910.431553145249
36621.0,-6910.420678948362
36622.0,-6910.409804751475
36623.0,-6910.398930554588
36624.0,-6910.388056357701
36625.0,-6910.377182160814
36626.0,-6910.366307963927
36627.0,-6910.35543376704
36628.0,-6910.344559570153
36629.0,-6910.333685373266
36630.0,-6910.322811176379
36631.0,-6910.311936979492
36632.0,-6910.301062782605
36633.0,-6910.290188585718
36634.0,-6910.279314388831
36635.0,-6910.268440191944
36636.0,-6910.257565995057
36637.0,-6910.24669179817
36638.0,-6910.235817601283
36639.0,-6910.224943404396
36640.0,-6910.214069207509
36641.0,-6910.203195010622
36642.0,-6910.192320813735
36643.0,-6910.181446616848
36644.0,-6910.170572419961
36645.0,-6910.159698223074
36646.0,-6910.148824026187
36647.0,-6910.1379498293
36648.0,-6910.127075632413
36649.0,-6910.116201435526
36650.0,-6910.105327238639
36651.0,-6910.094453041752
36652.0,-6910.083578844865
36653.0,-6910.072704647978
36654.0,-6910.061830451091
36655.0,-6910.050956254204
36656.0,-6910.040082057317
36657.0,-6910.02920786043
36658.0,-6910.018333663543
36659.0,-6910.007459466656
36660.0,-6909.996585269769
36661.0,-6909.985711072882
36662.0,-6909.974836875995
36663.0,-6909.963962679108
36664.0,-6909.953088482221
36665.0,-6909.942214285334
36666.0,-6909.931340088447
36667.0,-6909.92046589156
36668.0,-6909.909591694673
36669.0,-6909.898717497786
36670.0,-6909.887843300899
36671.0,-6909.876969104012
36672.0,-6909.8660949071245
36673.0,-6909.8552207102375
36674.0,-6909.8443465133505
36675.0,-6909.8334723164635
36676.0,-6909.8225981195765
36677.0,-6909.811723922689
36678.0,-6909.800849725802
36679.0,-6909.789975528915
36680.0,-6909.779101332028
36681.0,-6909.768227135141
36682.0,-6909.757352938254
36683.0,-6909.746478741367
36684.0,-6909.73560454448
36685.0,-6909.724730347593
36686.0,-6909.713856150706
36687.0,-6909.702981953819
36688.0,-6909.692107756932
36689.0,-6909.681233560045
36690.0,-6909.670359363158
36691.0,-6909.659485166271
36692.0,-6909.648610969384
36693.0,-6909.637736772497
36694.0,-6909.62686257561
36695.0,-6909.615988378723
36696.0,-6909.605114181836
36697.0,-6909.594239984949
36698.0,-6909.583365788062
36699.0,-6909.572491591175
36700.0,-6909.561617394288
36701.0,-6909.550743197401
36702.0,-6909.539869000514
36703.0,-6909.528994803627
36704.0,-6909.51812060674
36705.0,-6909.507246409853
36706.0,-6909.496372212966
36707.0,-6909.485498016079
36708.0,-6909.474623819192
36709.0,-6909.463749622305
36710.0,-6909.452875425418
36711.0,-6909.442001228531
36712.0,-6909.431127031644
36713.0,-6909.420252834757
36714.0,-6909.40937863787
36715.0,-6909.398504440983
36716.0,-6909.387630244096
36717.0,-6909.376756047209
36718.0,-6909.365881850322
36719.0,-6909.355007653435
36720.0,-6909.344133456548
36721.0,-6909.333259259661
36722.0,-6909.322385062774
36723.0,-6909.311510865887
36724.0,-6909.300636669
36725.0,-6909.289762472113
36726.0,-6909.278888275226
36727.0,-6909.268014078339
36728.0,-6909.257139881452
36729.0,-6909.246265684565
36730.0,-6909.235391487678
36731.0,-6909.224517290791
36732.0,-6909.213643093904
36733.0,-6909.2027688970165
36734.0,-6909.1918947001295
36735.0,-6909.1810205032425
36736.0,-6909.1701463063555
36737.0,-6909.1592721094685
36738.0,-6909.1483979125815
36739.0,-6909.137523715694
36740.0,-6909.126649518807
36741.0,-6909.11577532192
36742.0,-6909.104901125033
36743.0,-6909.094026928146
36744.0,-6909.083152731259
36745.0,-6909.072278534372
36746.0,-6909.061404337485
36747.0,-6909.050530140598
36748.0,-6909.039655943711
36749.0,-6909.028781746824
36750.0,-6909.017907549937
36751.0,-6909.00703335305
36752.0,-6908.996159156163
36753.0,-6908.985284959276
36754.0,-6908.974410762389
36755.0,-6908.963536565502
36756.0,-6908.952662368615
36757.0,-6908.941788171728
36758.0,-6908.930913974841
36759.0,-6908.920039777954
36760.0,-6908.909165581067
36761.0,-6908.89829138418
36762.0,-6908.887417187293
36763.0,-6908.876542990406
36764.0,-6908.865668793519
36765.0,-6908.854794596632
36766.0,-6908.843920399745
36767.0,-6908.833046202858
36768.0,-6908.822172005971
36769.0,-6908.811297809084
36770.0,-6908.800423612197
36771.0,-6908.78954941531
36772.0,-6908.778675218423
36773.0,-6908.767801021536
36774.0,-6908.756926824649
36775.0,-6908.746052627762
36776.0,-6908.735178430875
36777.0,-6908.724304233988
36778.0,-6908.713430037101
36779.0,-6908.702555840214
36780.0,-6908.691681643327
36781.0,-6908.68080744644
36782.0,-6908.669933249553
36783.0,-6908.659059052666
36784.0,-6908.648184855779
36785.0,-6908.637310658892
36786.0,-6908.626436462005
36787.0,-6908.615562265118
36788.0,-6908.604688068231
36789.0,-6908.593813871344
36790.0,-6908.582939674457
36791.0,-6908.57206547757
36792.0,-6908.561191280683
36793.0,-6908.550317083796
36794.0,-6908.539442886909
36795.0,-6908.5285686900215
36796.0,-6908.5176944931345
36797.0,-6908.5068202962475
36798.0,-6908.4959460993605
36799.0,-6908.4850719024735
36800.0,-6908.474197705586
36801.0,-6908.463323508699
36802.0,-6908.452449311812
36803.0,-6908.441575114925
36804.0,-6908.430700918038
36805.0,-6908.419826721151
36806.0,-6908.408952524264
36807.0,-6908.398078327377
36808.0,-6908.38720413049
36809.0,-6908.376329933603
36810.0,-6908.365455736716
36811.0,-6908.354581539829
36812.0,-6908.343707342942
36813.0,-6908.332833146055
36814.0,-6908.321958949168
36815.0,-6908.311084752281
36816.0,-6908.300210555394
36817.0,-6908.289336358507
36818.0,-6908.27846216162
36819.0,-6908.267587964733
36820.0,-6908.256713767846
36821.0,-6908.245839570959
36822.0,-6908.234965374072
36823.0,-6908.224091177185
36824.0,-6908.213216980298
36825.0,-6908.202342783411
36826.0,-6908.191468586524
36827.0,-6908.180594389637
36828.0,-6908.16972019275
36829.0,-6908.158845995863
36830.0,-6908.147971798976
36831.0,-6908.137097602089
36832.0,-6908.126223405202
36833.0,-6908.115349208315
36834.0,-6908.104475011428
36835.0,-6908.093600814541
36836.0,-6908.082726617654
36837.0,-6908.071852420767
36838.0,-6908.06097822388
36839.0,-6908.050104026993
36840.0,-6908.039229830106
36841.0,-6908.028355633219
36842.0,-6908.017481436332
36843.0,-6908.006607239445
36844.0,-6907.995733042558
36845.0,-6907.984858845671
36846.0,-6907.973984648784
36847.0,-6907.963110451897
36848.0,-6907.95223625501
36849.0,-6907.941362058123
36850.0,-6907.930487861236
36851.0,-6907.919613664349
36852.0,-6907.908739467462
36853.0,-6907.897865270575
36854.0,-6907.886991073688
36855.0,-6907.876116876801
36856.0,-6907.8652426799135
36857.0,-6907.8543684830265
36858.0,-6907.8434942861395
36859.0,-6907.8326200892525
36860.0,-6907.8217458923655
36861.0,-6907.810871695478
36862.0,-6907.799997498591
36863.0,-6907.789123301704
36864.0,-6907.778249104817
36865.0,-6907.765084157388
36866.0,-6907.751919209957
36867.0,-6907.7387542625265
36868.0,-6907.725589315097
36869.0,-6907.712424367666
36870.0,-6907.699259420236
36871.0,-6907.686094472806
36872.0,-6907.672929525375
36873.0,-6907.659764577945
36874.0,-6907.646599630515
36875.0,-6907.6334346830845
36876.0,-6907.620269735654
36877.0,-6907.607104788224
36878.0,-6907.593939840794
36879.0,-6907.580774893363
36880.0,-6907.567609945933
36881.0,-6907.554444998503
36882.0,-6907.541280051072
36883.0,-6907.528115103642
36884.0,-6907.514950156212
36885.0,-6907.501785208781
36886.0,-6907.488620261352
36887.0,-6907.475455313921
36888.0,-6907.46229036649
36889.0,-6907.449125419061
36890.0,-6907.43596047163
36891.0,-6907.4227955241995
36892.0,-6907.40963057677
36893.0,-6907.396465629339
36894.0,-6907.383300681909
36895.0,-6907.370135734479
36896.0,-6907.356970787048
36897.0,-6907.343805839618
36898.0,-6907.330640892188
36899.0,-6907.3174759447575
36900.0,-6907.304310997327
36901.0,-6907.291146049897
36902.0,-6907.277981102467
36903.0,-6907.264816155036
36904.0,-6907.251651207606
36905.0,-6907.238486260176
36906.0,-6907.225321312745
36907.0,-6907.212156365315
36908.0,-6907.198991417885
36909.0,-6907.185826470454
36910.0,-6907.1726615230245
36911.0,-6907.159496575594
36912.0,-6907.146331628163
36913.0,-6907.133166680734
36914.0,-6907.120001733303
36915.0,-6907.1068367858725
36916.0,-6907.093671838443
36917.0,-6907.080506891012
36918.0,-6907.067341943582
36919.0,-6907.054176996152
36920.0,-6907.041012048721
36921.0,-6907.027847101291
36922.0,-6907.014682153861
36923.0,-6907.00151720643
36924.0,-6906.988352259
36925.0,-6906.97518731157
36926.0,-6906.96202236414
36927.0,-6906.948857416709
36928.0,-6906.935692469279
36929.0,-6906.922527521849
36930.0,-6906.909362574418
36931.0,-6906.896197626988
36932.0,-6906.883032679558
36933.0,-6906.869867732127
36934.0,-6906.8567027846975
36935.0,-6906.843537837267
36936.0,-6906.830372889836
36937.0,-6906.817207942407
36938.0,-6906.804042994976
36939.0,-6906.790878047545
36940.0,-6906.777713100116
36941.0,-6906.764548152685
36942.0,-6906.751383205255
36943.0,-6906.738218257825
36944.0,-6906.725053310394
36945.0,-6906.711888362964
36946.0,-6906.698723415534
36947.0,-6906.685558468103
36948.0,-6906.672393520673
36949.0,-6906.659228573243
36950.0,-6906.6460636258125
36951.0,-6906.632898678382
36952.0,-6906.619733730952
36953.0,-6906.606568783522
36954.0,-6906.593403836091
36955.0,-6906.580238888661
36956.0,-6906.567073941231
36957.0,-6906.5539089938
36958.0,-6906.5407440463705
36959.0,-6906.52757909894
36960.0,-6906.514414151509
36961.0,-6906.50124920408
36962.0,-6906.488084256649
36963.0,-6906.474919309218
36964.0,-6906.461754361789
36965.0,-6906.448589414358
36966.0,-6906.4354244669275
36967.0,-6906.422259519498
36968.0,-6906.409094572067
36969.0,-6906.395929624637
36970.0,-6906.382764677207
36971.0,-6906.369599729776
36972.0,-6906.356434782346
36973.0,-6906.343269834916
36974.0,-6906.3301048874855
36975.0,-6906.316939940055
36976.0,-6906.303774992625
36977.0,-6906.290610045195
36978.0,-6906.277445097764
36979.0,-6906.264280150334
36980.0,-6906.251115202904
36981.0,-6906.237950255473
36982.0,-6906.2247853080435
36983.0,-6906.211620360613
36984.0,-6906.198455413182
36985.0,-6906.185290465753
36986.0,-6906.172125518322
36987.0,-6906.158960570891
36988.0,-6906.145795623462
36989.0,-6906.132630676031
36990.0,-6906.1194657286005
36991.0,-6906.106300781171
36992.0,-6906.09313583374
36993.0,-6906.07997088631
36994.0,-6906.06680593888
36995.0,-6906.053640991449
36996.0,-6906.040476044019
36997.0,-6906.027311096589
36998.0,-6906.0141461491585
36999.0,-6906.000981201728
37000.0,-6905.987816254298
37001.0,-6905.974651306868
37002.0,-6905.961486359437
37003.0,-6905.948321412007
37004.0,-6905.935156464577
37005.0,-6905.921991517146
37006.0,-6905.908826569716
37007.0,-6905.895661622286
37008.0,-6905.882496674855
37009.0,-6905.869331727426
37010.0,-6905.856166779995
37011.0,-6905.843001832564
37012.0,-6905.829836885135
37013.0,-6905.816671937704
37014.0,-6905.8035069902735
37015.0,-6905.790342042844
37016.0,-6905.777177095413
37017.0,-6905.764012147983
37018.0,-6905.750847200553
37019.0,-6905.737682253122
37020.0,-6905.724517305692
37021.0,-6905.711352358262
37022.0,-6905.698187410831
37023.0,-6905.685022463401
37024.0,-6905.671857515971
37025.0,-6905.658692568541
37026.0,-6905.64552762111
37027.0,-6905.63236267368
37028.0,-6905.61919772625
37029.0,-6905.606032778819
37030.0,-6905.592867831389
37031.0,-6905.579702883959
37032.0,-6905.566537936528
37033.0,-6905.5533729890985
37034.0,-6905.540208041668
37035.0,-6905.527043094237
37036.0,-6905.513878146808
37037.0,-6905.500713199377
37038.0,-6905.4875482519465
37039.0,-6905.474383304517
37040.0,-6905.461218357086
37041.0,-6905.448053409656
37042.0,-6905.434888462226
37043.0,-6905.421723514795
37044.0,-6905.408558567365
37045.0,-6905.395393619935
37046.0,-6905.382228672504
37047.0,-6905.369063725074
37048.0,-6905.355898777644
37049.0,-6905.342733830214
37050.0,-6905.329568882783
37051.0,-6905.316403935353
37052.0,-6905.303238987923
37053.0,-6905.290074040492
37054.0,-6905.276909093062
37055.0,-6905.263744145632
37056.0,-6905.250579198201
37057.0,-6905.2374142507715
37058.0,-6905.224249303341
37059.0,-6905.21108435591
37060.0,-6905.197919408481
37061.0,-6905.18475446105
37062.0,-6905.171589513619
37063.0,-6905.15842456619
37064.0,-6905.145259618759
37065.0,-6905.132094671329
37066.0,-6905.118929723899
37067.0,-6905.105764776468
37068.0,-6905.092599829038
37069.0,-6905.079434881608
37070.0,-6905.066269934177
37071.0,-6905.053104986747
37072.0,-6905.039940039317
37073.0,-6905.0267750918865
37074.0,-6905.013610144456
37075.0,-6905.000445197026
37076.0,-6904.987280249596
37077.0,-6904.974115302165
37078.0,-6904.960950354735
37079.0,-6904.947785407305
37080.0,-6904.934620459874
37081.0,-6904.9214555124445
37082.0,-6904.908290565014
37083.0,-6904.895125617583
37084.0,-6904.881960670154
37085.0,-6904.868795722723
37086.0,-6904.855630775292
37087.0,-6904.842465827863
37088.0,-6904.829300880432
37089.0,-6904.8161359330015
37090.0,-6904.802970985572
37091.0,-6904.789806038141
37092.0,-6904.776641090711
37093.0,-6904.763476143281
37094.0,-6904.75031119585
37095.0,-6904.73714624842
37096.0,-6904.72398130099
37097.0,-6904.7108163535595
37098.0,-6904.697651406129
37099.0,-6904.684486458699
37100.0,-6904.671321511269
37101.0,-6904.658156563838
37102.0,-6904.644991616408
37103.0,-6904.631826668978
37104.0,-6904.618661721547
37105.0,-6904.6054967741175
37106.0,-6904.592331826687
37107.0,-6904.579166879256
37108.0,-6904.566001931827
37109.0,-6904.552836984396
37110.0,-6904.539672036965
37111.0,-6904.526507089536
37112.0,-6904.513342142105
37113.0,-6904.5001771946745
37114.0,-6904.487012247245
37115.0,-6904.473847299814
37116.0,-6904.460682352384
37117.0,-6904.447517404954
37118.0,-6904.434352457523
37119.0,-6904.421187510093
37120.0,-6904.408022562663
37121.0,-6904.3948576152325
37122.0,-6904.381692667802
37123.0,-6904.368527720372
37124.0,-6904.355362772942
37125.0,-6904.342197825511
37126.0,-6904.329032878081
37127.0,-6904.315867930651
37128.0,-6904.30270298322
37129.0,-6904.28953803579
37130.0,-6904.27637308836
37131.0,-6904.263208140929
37132.0,-6904.2500431935
37133.0,-6904.236878246069
37134.0,-6904.223713298638
37135.0,-6904.210548351209
37136.0,-6904.197383403778
37137.0,-6904.1842184563475
37138.0,-6904.171053508918
37139.0,-6904.157888561487
37140.0,-6904.144723614057
37141.0,-6904.131558666627
37142.0,-6904.118393719196
37143.0,-6904.105228771766
37144.0,-6904.092063824336
37145.0,-6904.078898876905
37146.0,-6904.065733929475
37147.0,-6904.052568982045
37148.0,-6904.039404034615
37149.0,-6904.026239087184
37150.0,-6904.013074139754
37151.0,-6903.999909192324
37152.0,-6903.986744244893
37153.0,-6903.973579297463
37154.0,-6903.960414350033
37155.0,-6903.947249402602
37156.0,-6903.9340844551725
37157.0,-6903.920919507742
37158.0,-6903.907754560311
37159.0,-6903.894589612882
37160.0,-6903.881424665451
37161.0,-6903.86825971802
37162.0,-6903.855094770591
37163.0,-6903.84192982316
37164.0,-6903.82876487573
37165.0,-6903.8155999283
37166.0,-6903.802434980869
37167.0,-6903.789270033439
37168.0,-6903.776105086009
37169.0,-6903.762940138578
37170.0,-6903.749775191148
37171.0,-6903.736610243718
37172.0,-6903.7234452962875
37173.0,-6903.710280348857
37174.0,-6903.697115401427
37175.0,-6903.683950453997
37176.0,-6903.670785506566
37177.0,-6903.657620559136
37178.0,-6903.644455611706
37179.0,-6903.631290664275
37180.0,-6903.6181257168455
37181.0,-6903.604960769415
37182.0,-6903.591795821984
37183.0,-6903.578630874555
37184.0,-6903.565465927124
37185.0,-6903.552300979693
37186.0,-6903.539136032264
37187.0,-6903.525971084833
37188.0,-6903.512806137403
37189.0,-6903.499641189973
37190.0,-6903.486476242542
37191.0,-6903.473311295112
37192.0,-6903.460146347682
37193.0,-6903.446981400251
37194.0,-6903.433816452821
37195.0,-6903.420651505391
37196.0,-6903.4074865579605
37197.0,-6903.39432161053
37198.0,-6903.3811566631
37199.0,-6903.36799171567
37200.0,-6903.354826768239
37201.0,-6903.341661820809
37202.0,-6903.328496873379
37203.0,-6903.315331925948
37204.0,-6903.3021669785185
37205.0,-6903.289002031088
37206.0,-6903.275837083657
37207.0,-6903.262672136228
37208.0,-6903.249507188797
37209.0,-6903.236342241366
37210.0,-6903.223177293937
37211.0,-6903.210012346506
37212.0,-6903.1968473990755
37213.0,-6903.183682451646
37214.0,-6903.170517504215
37215.0,-6903.157352556785
37216.0,-6903.144187609355
37217.0,-6903.131022661924
37218.0,-6903.117857714494
37219.0,-6903.104692767064
37220.0,-6903.0915278196335
37221.0,-6903.078362872203
37222.0,-6903.065197924773
37223.0,-6903.052032977343
37224.0,-6903.038868029912
37225.0,-6903.025703082482
37226.0,-6903.012538135052
37227.0,-6902.999373187621
37228.0,-6902.986208240191
37229.0,-6902.973043292761
37230.0,-6902.95987834533
37231.0,-6902.946713397901
37232.0,-6902.93354845047
37233.0,-6902.920383503039
37234.0,-6902.90721855561
37235.0,-6902.894053608179
37236.0,-6902.8808886607485
37237.0,-6902.867723713319
37238.0,-6902.854558765888
37239.0,-6902.841393818458
37240.0,-6902.828228871028
37241.0,-6902.815063923597
37242.0,-6902.801898976167
37243.0,-6902.788734028737
37244.0,-6902.7755690813065
37245.0,-6902.762404133876
37246.0,-6902.749239186446
37247.0,-6902.736074239016
37248.0,-6902.722909291585
37249.0,-6902.709744344155
37250.0,-6902.696579396725
37251.0,-6902.683414449294
37252.0,-6902.670249501864
37253.0,-6902.657084554434
37254.0,-6902.643919607003
37255.0,-6902.6307546595735
37256.0,-6902.617589712143
37257.0,-6902.604424764712
37258.0,-6902.591259817283
37259.0,-6902.578094869852
37260.0,-6902.5649299224215
37261.0,-6902.551764974992
37262.0,-6902.538600027561
37263.0,-6902.525435080131
37264.0,-6902.512270132701
37265.0,-6902.49910518527
37266.0,-6902.48594023784
37267.0,-6902.47277529041
37268.0,-6902.459610342979
37269.0,-6902.446445395549
37270.0,-6902.433280448119
37271.0,-6902.420115500689
37272.0,-6902.406950553258
37273.0,-6902.393785605828
37274.0,-6902.380620658398
37275.0,-6902.367455710967
37276.0,-6902.354290763537
37277.0,-6902.341125816107
37278.0,-6902.327960868676
37279.0,-6902.3147959212465
37280.0,-6902.301630973816
37281.0,-6902.288466026385
37282.0,-6902.275301078956
37283.0,-6902.262136131525
37284.0,-6902.248971184094
37285.0,-6902.235806236665
37286.0,-6902.222641289234
37287.0,-6902.209476341804
37288.0,-6902.196311394374
37289.0,-6902.183146446943
37290.0,-6902.169981499513
37291.0,-6902.156816552083
37292.0,-6902.143651604652
37293.0,-6902.130486657222
37294.0,-6902.117321709792
37295.0,-6902.1041567623615
37296.0,-6902.090991814931
37297.0,-6902.077826867501
37298.0,-6902.064661920071
37299.0,-6902.05149697264
37300.0,-6902.03833202521
37301.0,-6902.02516707778
37302.0,-6902.012002130349
37303.0,-6901.9988371829195
37304.0,-6901.985672235489
37305.0,-6901.972507288058
37306.0,-6901.959342340629
37307.0,-6901.946177393198
37308.0,-6901.933012445767
37309.0,-6901.919847498338
37310.0,-6901.906682550907
37311.0,-6901.8935176034765
37312.0,-6901.880352656047
37313.0,-6901.867187708616
37314.0,-6901.854022761186
37315.0,-6901.840857813756
37316.0,-6901.827692866325
37317.0,-6901.814527918895
37318.0,-6901.801362971465
37319.0,-6901.7881980240345
37320.0,-6901.775033076604
37321.0,-6901.761868129174
37322.0,-6901.748703181744
37323.0,-6901.735538234313
37324.0,-6901.722373286883
37325.0,-6901.709208339453
37326.0,-6901.696043392022
37327.0,-6901.6828784445925
37328.0,-6901.669713497162
37329.0,-6901.656548549731
37330.0,-6901.643383602302
37331.0,-6901.630218654871
37332.0,-6901.61705370744
37333.0,-6901.603888760011
37334.0,-6901.59072381258
37335.0,-6901.5775588651495
37336.0,-6901.56439391772
37337.0,-6901.551228970289
37338.0,-6901.538064022859
37339.0,-6901.524899075429
37340.0,-6901.511734127998
37341.0,-6901.498569180568
37342.0,-6901.485404233138
37343.0,-6901.4722392857075
37344.0,-6901.459074338277
37345.0,-6901.445909390847
37346.0,-6901.432744443417
37347.0,-6901.419579495986
37348.0,-6901.406414548556
37349.0,-6901.393249601126
37350.0,-6901.380084653695
37351.0,-6901.366919706265
37352.0,-6901.353754758835
37353.0,-6901.340589811404
37354.0,-6901.327424863975
37355.0,-6901.314259916544
37356.0,-6901.301094969113
37357.0,-6901.287930021684
37358.0,-6901.274765074253
37359.0,-6901.2616001268225
37360.0,-6901.248435179393
37361.0,-6901.235270231962
37362.0,-6901.222105284532
37363.0,-6901.208940337102
37364.0,-6901.195775389671
37365.0,-6901.182610442241
37366.0,-6901.169445494811
37367.0,-6901.15628054738
37368.0,-6901.14311559995
37369.0,-6901.12995065252
37370.0,-6901.11678570509
37371.0,-6901.103620757659
37372.0,-6901.090455810229
37373.0,-6901.077290862799
37374.0,-6901.064125915368
37375.0,-6901.050960967938
37376.0,-6901.037796020508
37377.0,-6901.024631073077
37378.0,-6901.0114661256475
37379.0,-6900.998301178217
37380.0,-6900.985136230786
37381.0,-6900.971971283357
37382.0,-6900.958806335926
37383.0,-6900.9456413884955
37384.0,-6900.932476441066
37385.0,-6900.919311493635
37386.0,-6900.906146546205
37387.0,-6900.892981598775
37388.0,-6900.879816651344
37389.0,-6900.866651703914
37390.0,-6900.853486756484
37391.0,-6900.840321809053
37392.0,-6900.827156861623
37393.0,-6900.813991914193
37394.0,-6900.8008269667625
37395.0,-6900.787662019332
37396.0,-6900.774497071902
37397.0,-6900.761332124472
37398.0,-6900.748167177041
37399.0,-6900.735002229611
37400.0,-6900.721837282181
37401.0,-6900.70867233475
37402.0,-6900.6955073873205
37403.0,-6900.68234243989
37404.0,-6900.669177492459
37405.0,-6900.65601254503
37406.0,-6900.642847597599
37407.0,-6900.629682650168
37408.0,-6900.616517702739
37409.0,-6900.603352755308
37410.0,-6900.590187807878
37411.0,-6900.577022860448
37412.0,-6900.563857913017
37413.0,-6900.550692965587
37414.0,-6900.537528018157
37415.0,-6900.524363070726
37416.0,-6900.511198123296
37417.0,-6900.498033175866
37418.0,-6900.4848682284355
37419.0,-6900.471703281005
37420.0,-6900.458538333575
37421.0,-6900.445373386145
37422.0,-6900.432208438714
37423.0,-6900.419043491284
37424.0,-6900.405878543854
37425.0,-6900.392713596423
37426.0,-6900.3795486489935
37427.0,-6900.366383701563
37428.0,-6900.353218754132
37429.0,-6900.340053806703
37430.0,-6900.326888859272
37431.0,-6900.313723911841
37432.0,-6900.300558964412
37433.0,-6900.287394016981
37434.0,-6900.2742290695505
37435.0,-6900.261064122121
37436.0,-6900.24789917469
37437.0,-6900.23473422726
37438.0,-6900.22156927983
37439.0,-6900.208404332399
37440.0,-6900.195239384969
37441.0,-6900.182074437539
37442.0,-6900.1689094901085
37443.0,-6900.155744542678
37444.0,-6900.142579595248
37445.0,-6900.129414647818
37446.0,-6900.116249700387
37447.0,-6900.103084752957
37448.0,-6900.089919805527
37449.0,-6900.076754858096
37450.0,-6900.063589910666
37451.0,-6900.050424963236
37452.0,-6900.037260015805
37453.0,-6900.024095068376
37454.0,-6900.010930120945
37455.0,-6899.997765173514
37456.0,-6899.984600226085
37457.0,-6899.971435278654
37458.0,-6899.9582703312235
37459.0,-6899.945105383794
37460.0,-6899.931940436363
37461.0,-6899.918775488933
37462.0,-6899.905610541503
37463.0,-6899.892445594072
37464.0,-6899.879280646642
37465.0,-6899.866115699212
37466.0,-6899.8529507517815
37467.0,-6899.839785804351
37468.0,-6899.826620856921
37469.0,-6899.813455909491
37470.0,-6899.80029096206
37471.0,-6899.78712601463
37472.0,-6899.7739610672
37473.0,-6899.760796119769
37474.0,-6899.747631172339
37475.0,-6899.734466224909
37476.0,-6899.721301277478
37477.0,-6899.708136330049
37478.0,-6899.694971382618
37479.0,-6899.681806435187
37480.0,-6899.668641487758
37481.0,-6899.655476540327
37482.0,-6899.6423115928965
37483.0,-6899.629146645467
37484.0,-6899.615981698036
37485.0,-6899.602816750606
37486.0,-6899.589651803176
37487.0,-6899.576486855745
37488.0,-6899.563321908315
37489.0,-6899.550156960885
37490.0,-6899.536992013454
37491.0,-6899.523827066024
37492.0,-6899.510662118594
37493.0,-6899.497497171164
37494.0,-6899.484332223733
37495.0,-6899.471167276303
37496.0,-6899.458002328873
37497.0,-6899.444837381442
37498.0,-6899.431672434012
37499.0,-6899.418507486582
37500.0,-6899.405342539151
37501.0,-6899.3921775917215
37502.0,-6899.379012644291
37503.0,-6899.36584769686
37504.0,-6899.352682749431
37505.0,-6899.339517802
37506.0,-6899.326352854569
37507.0,-6899.31318790714
37508.0,-6899.300022959709
37509.0,-6899.286858012279
37510.0,-6899.273693064849
37511.0,-6899.260528117418
37512.0,-6899.247363169988
37513.0,-6899.234198222558
37514.0,-6899.221033275127
37515.0,-6899.207868327697
37516.0,-6899.194703380267
37517.0,-6899.1815384328365
37518.0,-6899.168373485406
37519.0,-6899.155208537976
37520.0,-6899.142043590546
37521.0,-6899.128878643115
37522.0,-6899.115713695685
37523.0,-6899.102548748255
37524.0,-6899.089383800824
37525.0,-6899.0762188533945
37526.0,-6899.063053905964
37527.0,-6899.049888958533
37528.0,-6899.036724011104
37529.0,-6899.023559063673
37530.0,-6899.010394116242
37531.0,-6898.997229168813
37532.0,-6898.984064221382
37533.0,-6898.9708992739515
37534.0,-6898.957734326522
37535.0,-6898.944569379091
37536.0,-6898.931404431661
37537.0,-6898.918239484231
37538.0,-6898.9050745368
37539.0,-6898.89190958937
37540.0,-6898.87874464194
37541.0,-6898.8655796945095
37542.0,-6898.852414747079
37543.0,-6898.839249799649
37544.0,-6898.826084852219
37545.0,-6898.812919904788
37546.0,-6898.799754957358
37547.0,-6898.786590009928
37548.0,-6898.773425062497
37549.0,-6898.7602601150675
37550.0,-6898.747095167637
37551.0,-6898.733930220206
37552.0,-6898.720765272777
37553.0,-6898.707600325346
37554.0,-6898.694435377915
37555.0,-6898.681270430486
37556.0,-6898.668105483055
37557.0,-6898.6549405356245
37558.0,-6898.641775588195
37559.0,-6898.628610640764
37560.0,-6898.615445693334
37561.0,-6898.602280745904
37562.0,-6898.589115798473
37563.0,-6898.575950851043
37564.0,-6898.562785903613
37565.0,-6898.5496209561825
37566.0,-6898.536456008752
37567.0,-6898.523291061322
37568.0,-6898.510126113892
37569.0,-6898.496961166461
37570.0,-6898.483796219031
37571.0,-6898.470631271601
37572.0,-6898.45746632417
37573.0,-6898.44430137674
37574.0,-6898.43113642931
37575.0,-6898.417971481879
37576.0,-6898.40480653445
37577.0,-6898.391641587019
37578.0,-6898.378476639588
37579.0,-6898.365311692159
37580.0,-6898.352146744728
37581.0,-6898.3389817972975
37582.0,-6898.325816849868
37583.0,-6898.312651902437
37584.0,-6898.299486955007
37585.0,-6898.286322007577
37586.0,-6898.273157060146
37587.0,-6898.259992112716
37588.0,-6898.246827165286
37589.0,-6898.233662217855
37590.0,-6898.220497270425
37591.0,-6898.207332322995
37592.0,-6898.194167375565
37593.0,-6898.181002428134
37594.0,-6898.167837480704
37595.0,-6898.154672533274
37596.0,-6898.141507585843
37597.0,-6898.128342638413
37598.0,-6898.115177690983
37599.0,-6898.102012743552
37600.0,-6898.0888477961225
37601.0,-6898.075682848692
37602.0,-6898.062517901261
37603.0,-6898.049352953832
37604.0,-6898.036188006401
37605.0,-6898.0230230589705
37606.0,-6898.009858111541
37607.0,-6897.99669316411
37608.0,-6897.98352821668
37609.0,-6897.97036326925
37610.0,-6897.957198321819
37611.0,-6897.944033374389
37612.0,-6897.930868426959
37613.0,-6897.917703479528
37614.0,-6897.904538532098
37615.0,-6897.891373584668
37616.0,-6897.878208637238
37617.0,-6897.865043689807
37618.0,-6897.851878742377
37619.0,-6897.838713794947
37620.0,-6897.825548847516
37621.0,-6897.812383900086
37622.0,-6897.799218952656
37623.0,-6897.786054005225
37624.0,-6897.7728890577955
37625.0,-6897.759724110365
37626.0,-6897.746559162934
37627.0,-6897.733394215505
37628.0,-6897.720229268074
37629.0,-6897.707064320643
37630.0,-6897.693899373214
37631.0,-6897.680734425783
37632.0,-6897.667569478353
37633.0,-6897.654404530923
37634.0,-6897.641239583492
37635.0,-6897.628074636062
37636.0,-6897.614909688632
37637.0,-6897.601744741201
37638.0,-6897.588579793771
37639.0,-6897.575414846341
37640.0,-6897.5622498989105
37641.0,-6897.54908495148
37642.0,-6897.53592000405
37643.0,-6897.52275505662
37644.0,-6897.509590109189
37645.0,-6897.496425161759
37646.0,-6897.483260214329
37647.0,-6897.470095266898
37648.0,-6897.4569303194685
37649.0,-6897.443765372038
37650.0,-6897.430600424607
37651.0,-6897.417435477178
37652.0,-6897.404270529747
37653.0,-6897.391105582316
37654.0,-6897.377940634887
37655.0,-6897.364775687456
37656.0,-6897.3516107400255
37657.0,-6897.338445792596
37658.0,-6897.325280845165
37659.0,-6897.312115897735
37660.0,-6897.298950950305
37661.0,-6897.285786002874
37662.0,-6897.272621055444
37663.0,-6897.259456108014
37664.0,-6897.2462911605835
37665.0,-6897.233126213153
37666.0,-6897.219961265723
37667.0,-6897.206796318293
37668.0,-6897.193631370862
37669.0,-6897.180466423432
37670.0,-6897.167301476002
37671.0,-6897.154136528571
37672.0,-6897.1409715811415
37673.0,-6897.127806633711
37674.0,-6897.11464168628
37675.0,-6897.101476738851
37676.0,-6897.08831179142
37677.0,-6897.075146843989
37678.0,-6897.06198189656
37679.0,-6897.048816949129
37680.0,-6897.0356520016985
37681.0,-6897.022487054269
37682.0,-6897.009322106838
37683.0,-6896.996157159408
37684.0,-6896.982992211978
37685.0,-6896.969827264547
37686.0,-6896.956662317117
37687.0,-6896.943497369687
37688.0,-6896.9303324222565
37689.0,-6896.917167474826
37690.0,-6896.904002527396
37691.0,-6896.890837579966
37692.0,-6896.877672632535
37693.0,-6896.864507685105
37694.0,-6896.851342737675
37695.0,-6896.838177790244
37696.0,-6896.825012842814
37697.0,-6896.811847895384
37698.0,-6896.798682947953
37699.0,-6896.785518000524
37700.0,-6896.772353053093
37701.0,-6896.759188105662
37702.0,-6896.746023158233
37703.0,-6896.732858210802
37704.0,-6896.7196932633715
37705.0,-6896.706528315942
37706.0,-6896.693363368511
37707.0,-6896.680198421081
37708.0,-6896.667033473651
37709.0,-6896.65386852622
37710.0,-6896.64070357879
37711.0,-6896.62753863136
37712.0,-6896.614373683929
37713.0,-6896.601208736499
37714.0,-6896.588043789069
37715.0,-6896.574878841639
37716.0,-6896.561713894208
37717.0,-6896.548548946778
37718.0,-6896.535383999348
37719.0,-6896.522219051917
37720.0,-6896.509054104487
37721.0,-6896.495889157057
37722.0,-6896.482724209626
37723.0,-6896.4695592621965
37724.0,-6896.456394314766
37725.0,-6896.443229367335
37726.0,-6896.430064419906
37727.0,-6896.416899472475
37728.0,-6896.4037345250445
37729.0,-6896.390569577615
37730.0,-6896.377404630184
37731.0,-6896.364239682754
37732.0,-6896.351074735324
37733.0,-6896.337909787893
37734.0,-6896.324744840463
37735.0,-6896.311579893033
37736.0,-6896.298414945602
37737.0,-6896.285249998172
37738.0,-6896.272085050742
37739.0,-6896.2589201033115
37740.0,-6896.245755155881
37741.0,-6896.232590208451
37742.0,-6896.219425261021
37743.0,-6896.20626031359
37744.0,-6896.19309536616
37745.0,-6896.17993041873
37746.0,-6896.166765471299
37747.0,-6896.1536005238695
37748.0,-6896.140435576439
37749.0,-6896.127270629008
37750.0,-6896.114105681579
37751.0,-6896.100940734148
37752.0,-6896.087775786717
37753.0,-6896.074610839288
37754.0,-6896.061445891857
37755.0,-6896.048280944427
37756.0,-6896.035115996997
37757.0,-6896.021951049566
37758.0,-6896.008786102136
37759.0,-6895.995621154706
37760.0,-6895.982456207275
37761.0,-6895.969291259845
37762.0,-6895.956126312415
37763.0,-6895.9429613649845
37764.0,-6895.929796417554
37765.0,-6895.916631470124
37766.0,-6895.903466522694
37767.0,-6895.890301575263
37768.0,-6895.877136627833
37769.0,-6895.863971680403
37770.0,-6895.850806732972
37771.0,-6895.8376417855425
37772.0,-6895.824476838112
37773.0,-6895.811311890681
37774.0,-6895.798146943252
37775.0,-6895.784981995821
37776.0,-6895.77181704839
37777.0,-6895.758652100961
37778.0,-6895.74548715353
37779.0,-6895.7323222060995
37780.0,-6895.71915725867
37781.0,-6895.705992311239
37782.0,-6895.692827363809
37783.0,-6895.679662416379
37784.0,-6895.666497468948
37785.0,-6895.653332521518
37786.0,-6895.640167574088
37787.0,-6895.6270026266575
37788.0,-6895.613837679227
37789.0,-6895.600672731797
37790.0,-6895.587507784367
37791.0,-6895.574342836936
37792.0,-6895.561177889506
37793.0,-6895.548012942076
37794.0,-6895.534847994645
37795.0,-6895.521683047215
37796.0,-6895.508518099785
37797.0,-6895.495353152354
37798.0,-6895.482188204925
37799.0,-6895.469023257494
37800.0,-6895.455858310063
37801.0,-6895.442693362634
37802.0,-6895.429528415203
37803.0,-6895.4163634677725
37804.0,-6895.403198520343
37805.0,-6895.390033572912
37806.0,-6895.376868625482
37807.0,-6895.363703678052
37808.0,-6895.350538730621
37809.0,-6895.337373783191
37810.0,-6895.324208835761
37811.0,-6895.3110438883305
37812.0,-6895.2978789409
37813.0,-6895.28471399347
37814.0,-6895.27154904604
37815.0,-6895.258384098609
37816.0,-6895.245219151179
37817.0,-6895.232054203749
37818.0,-6895.218889256318
37819.0,-6895.205724308888
37820.0,-6895.192559361458
37821.0,-6895.179394414027
37822.0,-6895.1662294665975
37823.0,-6895.153064519167
37824.0,-6895.139899571736
37825.0,-6895.126734624307
37826.0,-6895.113569676876
37827.0,-6895.1004047294455
37828.0,-6895.087239782016
37829.0,-6895.074074834585
37830.0,-6895.060909887155
37831.0,-6895.047744939725
37832.0,-6895.034579992294
37833.0,-6895.021415044864
37834.0,-6895.008250097434
37835.0,-6894.995085150003
37836.0,-6894.981920202573
37837.0,-6894.968755255143
37838.0,-6894.955590307713
37839.0,-6894.942425360282
37840.0,-6894.929260412852
37841.0,-6894.916095465422
37842.0,-6894.902930517991
37843.0,-6894.889765570561
37844.0,-6894.876600623131
37845.0,-6894.8634356757
37846.0,-6894.8502707282705
37847.0,-6894.83710578084
37848.0,-6894.823940833409
37849.0,-6894.81077588598
37850.0,-6894.797610938549
37851.0,-6894.784445991118
37852.0,-6894.771281043689
37853.0,-6894.758116096258
37854.0,-6894.744951148828
37855.0,-6894.731786201398
37856.0,-6894.718621253967
37857.0,-6894.705456306537
37858.0,-6894.692291359107
37859.0,-6894.679126411676
37860.0,-6894.665961464246
37861.0,-6894.652796516816
37862.0,-6894.6396315693855
37863.0,-6894.626466621955
37864.0,-6894.613301674525
37865.0,-6894.600136727095
37866.0,-6894.586971779664
37867.0,-6894.573806832234
37868.0,-6894.560641884804
37869.0,-6894.547476937373
37870.0,-6894.5343119899435
37871.0,-6894.521147042513
37872.0,-6894.507982095082
37873.0,-6894.494817147653
37874.0,-6894.481652200222
37875.0,-6894.468487252791
37876.0,-6894.455322305362
37877.0,-6894.442157357931
37878.0,-6894.4289924105005
37879.0,-6894.415827463071
37880.0,-6894.40266251564
37881.0,-6894.38949756821
37882.0,-6894.37633262078
37883.0,-6894.363167673349
37884.0,-6894.350002725919
37885.0,-6894.336837778489
37886.0,-6894.3236728310585
37887.0,-6894.310507883628
37888.0,-6894.297342936198
37889.0,-6894.274506320556
37890.0,-6894.251669704914
37891.0,-6894.2288330892725
37892.0,-6894.20599647363
37893.0,-6894.183159857988
37894.0,-6894.160323242347
37895.0,-6894.137486626704
37896.0,-6894.114650011063
37897.0,-6894.091813395421
37898.0,-6894.0689767797785
37899.0,-6894.046140164137
37900.0,-6894.023303548495
37901.0,-6894.000466932853
37902.0,-6893.977630317211
37903.0,-6893.9547937015695
37904.0,-6893.931957085927
37905.0,-6893.909120470285
37906.0,-6893.886283854644
37907.0,-6893.863447239001
37908.0,-6893.84061062336
37909.0,-6893.817774007718
37910.0,-6893.794937392076
37911.0,-6893.772100776434
37912.0,-6893.749264160792
37913.0,-6893.72642754515
37914.0,-6893.703590929508
37915.0,-6893.680754313867
37916.0,-6893.657917698224
37917.0,-6893.6350810825825
37918.0,-6893.612244466941
37919.0,-6893.589407851298
37920.0,-6893.566571235657
37921.0,-6893.543734620015
37922.0,-6893.520898004373
37923.0,-6893.498061388731
37924.0,-6893.475224773089
37925.0,-6893.452388157447
37926.0,-6893.429551541805
37927.0,-6893.406714926164
37928.0,-6893.383878310521
37929.0,-6893.3610416948795
37930.0,-6893.338205079238
37931.0,-6893.315368463595
37932.0,-6893.292531847954
37933.0,-6893.269695232312
37934.0,-6893.24685861667
37935.0,-6893.224022001028
37936.0,-6893.201185385386
37937.0,-6893.178348769744
37938.0,-6893.155512154102
37939.0,-6893.132675538461
37940.0,-6893.109838922818
37941.0,-6893.087002307177
37942.0,-6893.064165691535
37943.0,-6893.0413290758925
37944.0,-6893.018492460251
37945.0,-6892.995655844609
37946.0,-6892.972819228967
37947.0,-6892.949982613325
37948.0,-6892.9271459976835
37949.0,-6892.904309382041
37950.0,-6892.881472766399
37951.0,-6892.858636150758
37952.0,-6892.835799535115
37953.0,-6892.812962919474
37954.0,-6892.790126303832
37955.0,-6892.7672896881895
37956.0,-6892.744453072548
37957.0,-6892.721616456906
37958.0,-6892.698779841264
37959.0,-6892.675943225622
37960.0,-6892.653106609981
37961.0,-6892.630269994338
37962.0,-6892.607433378696
37963.0,-6892.584596763055
37964.0,-6892.561760147412
37965.0,-6892.538923531771
37966.0,-6892.516086916129
37967.0,-6892.493250300487
37968.0,-6892.470413684845
37969.0,-6892.447577069203
37970.0,-6892.424740453561
37971.0,-6892.401903837919
37972.0,-6892.379067222278
37973.0,-6892.356230606635
37974.0,-6892.3333939909935
37975.0,-6892.310557375352
37976.0,-6892.287720759709
37977.0,-6892.264884144068
37978.0,-6892.242047528426
37979.0,-6892.219210912784
37980.0,-6892.196374297142
37981.0,-6892.1735376815
37982.0,-6892.150701065858
37983.0,-6892.127864450216
37984.0,-6892.105027834575
37985.0,-6892.082191218932
37986.0,-6892.059354603291
37987.0,-6892.036517987649
37988.0,-6892.013681372006
37989.0,-6891.990844756365
37990.0,-6891.968008140723
37991.0,-6891.945171525081
37992.0,-6891.922334909439
37993.0,-6891.8994982937975
37994.0,-6891.876661678155
37995.0,-6891.853825062513
37996.0,-6891.830988446872
37997.0,-6891.808151831229
37998.0,-6891.785315215588
37999.0,-6891.762478599946
38000.0,-6891.7396419843035
38001.0,-6891.716805368662
38002.0,-6891.69396875302
38003.0,-6891.671132137378
38004.0,-6891.648295521736
38005.0,-6891.6254589060945
38006.0,-6891.602622290452
38007.0,-6891.57978567481
38008.0,-6891.556949059169
38009.0,-6891.534112443526
38010.0,-6891.511275827885
38011.0,-6891.488439212243
38012.0,-6891.465602596601
38013.0,-6891.442765980959
38014.0,-6891.419929365317
38015.0,-6891.397092749675
38016.0,-6891.374256134033
38017.0,-6891.351419518392
38018.0,-6891.328582902749
38019.0,-6891.3057462871075
38020.0,-6891.282909671466
38021.0,-6891.260073055823
38022.0,-6891.237236440182
38023.0,-6891.21439982454
38024.0,-6891.191563208898
38025.0,-6891.168726593256
38026.0,-6891.145889977614
38027.0,-6891.123053361972
38028.0,-6891.10021674633
38029.0,-6891.077380130689
38030.0,-6891.054543515046
38031.0,-6891.0317068994045
38032.0,-6891.008870283763
38033.0,-6890.98603366812
38034.0,-6890.963197052479
38035.0,-6890.940360436837
38036.0,-6890.917523821195
38037.0,-6890.894687205553
38038.0,-6890.871850589911
38039.0,-6890.849013974269
38040.0,-6890.826177358627
38041.0,-6890.803340742986
38042.0,-6890.780504127343
38043.0,-6890.757667511702
38044.0,-6890.73483089606
38045.0,-6890.7119942804175
38046.0,-6890.689157664776
38047.0,-6890.666321049134
38048.0,-6890.643484433492
38049.0,-6890.62064781785
38050.0,-6890.5978112022085
38051.0,-6890.574974586566
38052.0,-6890.552137970924
38053.0,-6890.529301355283
38054.0,-6890.50646473964
38055.0,-6890.483628123999
38056.0,-6890.460791508357
38057.0,-6890.4379548927145
38058.0,-6890.415118277073
38059.0,-6890.392281661431
38060.0,-6890.369445045789
38061.0,-6890.346608430147
38062.0,-6890.323771814506
38063.0,-6890.300935198863
38064.0,-6890.278098583221
38065.0,-6890.25526196758
38066.0,-6890.232425351937
38067.0,-6890.209588736296
38068.0,-6890.186752120654
38069.0,-6890.163915505012
38070.0,-6890.14107888937
38071.0,-6890.118242273728
38072.0,-6890.095405658086
38073.0,-6890.072569042444
38074.0,-6890.049732426803
38075.0,-6890.02689581116
38076.0,-6890.0040591955185
38077.0,-6889.981222579877
38078.0,-6889.958385964234
38079.0,-6889.935549348593
38080.0,-6889.912712732951
38081.0,-6889.889876117309
38082.0,-6889.867039501667
38083.0,-6889.844202886025
38084.0,-6889.821366270383
38085.0,-6889.798529654741
38086.0,-6889.7756930391
38087.0,-6889.752856423457
38088.0,-6889.730019807816
38089.0,-6889.707183192174
38090.0,-6889.684346576531
38091.0,-6889.66150996089
38092.0,-6889.638673345248
38093.0,-6889.615836729606
38094.0,-6889.593000113964
38095.0,-6889.5701634983225
38096.0,-6889.54732688268
38097.0,-6889.524490267038
38098.0,-6889.501653651397
38099.0,-6889.478817035754
38100.0,-6889.455980420113
38101.0,-6889.433143804471
38102.0,-6889.4103071888285
38103.0,-6889.387470573187
38104.0,-6889.364633957545
38105.0,-6889.341797341903
38106.0,-6889.318960726261
38107.0,-6889.2961241106195
38108.0,-6889.273287494977
38109.0,-6889.250450879335
38110.0,-6889.227614263694
38111.0,-6889.204777648051
38112.0,-6889.18194103241
38113.0,-6889.159104416768
38114.0,-6889.1362678011255
38115.0,-6889.113431185484
38116.0,-6889.090594569842
38117.0,-6889.0677579542
38118.0,-6889.044921338558
38119.0,-6889.022084722917
38120.0,-6888.999248107274
38121.0,-6888.9764114916325
38122.0,-6888.953574875991
38123.0,-6888.930738260348
38124.0,-6888.907901644707
38125.0,-6888.885065029065
38126.0,-6888.862228413423
38127.0,-6888.839391797781
38128.0,-6888.816555182139
38129.0,-6888.793718566497
38130.0,-6888.770881950855
38131.0,-6888.748045335214
38132.0,-6888.725208719571
38133.0,-6888.7023721039295
38134.0,-6888.679535488288
38135.0,-6888.656698872645
38136.0,-6888.633862257004
38137.0,-6888.611025641362
38138.0,-6888.58818902572
38139.0,-6888.565352410078
38140.0,-6888.542515794436
38141.0,-6888.519679178794
38142.0,-6888.496842563152
38143.0,-6888.474005947511
38144.0,-6888.451169331868
38145.0,-6888.428332716227
38146.0,-6888.405496100585
38147.0,-6888.382659484942
38148.0,-6888.359822869301
38149.0,-6888.336986253659
38150.0,-6888.314149638017
38151.0,-6888.291313022375
38152.0,-6888.2684764067335
38153.0,-6888.245639791091
38154.0,-6888.222803175449
38155.0,-6888.199966559808
38156.0,-6888.177129944165
38157.0,-6888.154293328524
38158.0,-6888.131456712882
38159.0,-6888.1086200972395
38160.0,-6888.085783481598
38161.0,-6888.062946865956
38162.0,-6888.040110250314
38163.0,-6888.017273634672
38164.0,-6887.994437019031
38165.0,-6887.971600403388
38166.0,-6887.948763787746
38167.0,-6887.925927172105
38168.0,-6887.903090556462
38169.0,-6887.880253940821
38170.0,-6887.857417325179
38171.0,-6887.834580709537
38172.0,-6887.811744093895
38173.0,-6887.788907478253
38174.0,-6887.766070862611
38175.0,-6887.743234246969
38176.0,-6887.720397631328
38177.0,-6887.697561015685
38178.0,-6887.6747244000435
38179.0,-6887.651887784402
38180.0,-6887.629051168759
38181.0,-6887.606214553118
38182.0,-6887.583377937476
38183.0,-6887.560541321834
38184.0,-6887.537704706192
38185.0,-6887.51486809055
38186.0,-6887.492031474908
38187.0,-6887.469194859266
38188.0,-6887.446358243625
38189.0,-6887.423521627982
38190.0,-6887.400685012341
38191.0,-6887.377848396699
38192.0,-6887.355011781056
38193.0,-6887.332175165415
38194.0,-6887.309338549773
38195.0,-6887.286501934131
38196.0,-6887.263665318489
38197.0,-6887.2408287028475
38198.0,-6887.217992087205
38199.0,-6887.195155471563
38200.0,-6887.172318855922
38201.0,-6887.149482240279
38202.0,-6887.126645624638
38203.0,-6887.103809008996
38204.0,-6887.0809723933535
38205.0,-6887.058135777712
38206.0,-6887.03529916207
38207.0,-6887.012462546428
38208.0,-6886.989625930786
38209.0,-6886.9667893151445
38210.0,-6886.943952699502
38211.0,-6886.92111608386
38212.0,-6886.898279468219
38213.0,-6886.875442852576
38214.0,-6886.852606236935
38215.0,-6886.829769621293
38216.0,-6886.8069330056505
38217.0,-6886.784096390009
38218.0,-6886.761259774367
38219.0,-6886.738423158725
38220.0,-6886.715586543083
38221.0,-6886.692749927442
38222.0,-6886.669913311799
38223.0,-6886.6470766961575
38224.0,-6886.624240080516
38225.0,-6886.601403464873
38226.0,-6886.578566849232
38227.0,-6886.55573023359
38228.0,-6886.532893617948
38229.0,-6886.510057002306
38230.0,-6886.487220386664
38231.0,-6886.464383771022
38232.0,-6886.44154715538
38233.0,-6886.418710539739
38234.0,-6886.395873924096
38235.0,-6886.3730373084545
38236.0,-6886.350200692813
38237.0,-6886.32736407717
38238.0,-6886.304527461529
38239.0,-6886.281690845887
38240.0,-6886.258854230245
38241.0,-6886.236017614603
38242.0,-6886.213180998961
38243.0,-6886.190344383319
38244.0,-6886.167507767677
38245.0,-6886.144671152036
38246.0,-6886.121834536393
38247.0,-6886.098997920752
38248.0,-6886.07616130511
38249.0,-6886.053324689467
38250.0,-6886.030488073826
38251.0,-6886.007651458184
38252.0,-6885.984814842542
38253.0,-6885.9619782269
38254.0,-6885.9391416112585
38255.0,-6885.916304995616
38256.0,-6885.893468379974
38257.0,-6885.870631764333
38258.0,-6885.84779514869
38259.0,-6885.824958533049
38260.0,-6885.802121917407
38261.0,-6885.7792853017645
38262.0,-6885.756448686123
38263.0,-6885.733612070481
38264.0,-6885.710775454839
38265.0,-6885.687938839197
38266.0,-6885.665102223556
38267.0,-6885.642265607913
38268.0,-6885.619428992271
38269.0,-6885.59659237663
38270.0,-6885.573755760987
38271.0,-6885.550919145346
38272.0,-6885.528082529704
38273.0,-6885.505245914062
38274.0,-6885.48240929842
38275.0,-6885.459572682778
38276.0,-6885.436736067136
38277.0,-6885.413899451494
38278.0,-6885.391062835853
38279.0,-6885.36822622021
38280.0,-6885.3453896045685
38281.0,-6885.322552988927
38282.0,-6885.299716373284
38283.0,-6885.276879757643
38284.0,-6885.254043142001
38285.0,-6885.231206526359
38286.0,-6885.208369910717
38287.0,-6885.185533295075
38288.0,-6885.162696679433
38289.0,-6885.139860063791
38290.0,-6885.11702344815
38291.0,-6885.094186832507
38292.0,-6885.0713502168655
38293.0,-6885.048513601224
38294.0,-6885.025676985581
38295.0,-6885.00284036994
38296.0,-6884.980003754298
38297.0,-6884.957167138656
38298.0,-6884.934330523014
38299.0,-6884.9114939073725
38300.0,-6884.88865729173
38301.0,-6884.865820676088
38302.0,-6884.842984060447
38303.0,-6884.820147444804
38304.0,-6884.797310829163
38305.0,-6884.774474213521
38306.0,-6884.7516375978785
38307.0,-6884.728800982237
38308.0,-6884.705964366595
38309.0,-6884.683127750953
38310.0,-6884.660291135311
38311.0,-6884.6374545196695
38312.0,-6884.614617904027
38313.0,-6884.591781288385
38314.0,-6884.568944672744
38315.0,-6884.546108057101
38316.0,-6884.52327144146
38317.0,-6884.500434825818
38318.0,-6884.4775982101755
38319.0,-6884.454761594534
38320.0,-6884.431924978892
38321.0,-6884.40908836325
38322.0,-6884.386251747608
38323.0,-6884.363415131967
38324.0,-6884.340578516324
38325.0,-6884.317741900682
38326.0,-6884.294905285041
38327.0,-6884.272068669398
38328.0,-6884.249232053757
38329.0,-6884.226395438115
38330.0,-6884.203558822473
38331.0,-6884.180722206831
38332.0,-6884.157885591189
38333.0,-6884.135048975547
38334.0,-6884.112212359905
38335.0,-6884.089375744264
38336.0,-6884.066539128621
38337.0,-6884.0437025129795
38338.0,-6884.020865897338
38339.0,-6883.998029281695
38340.0,-6883.975192666054
38341.0,-6883.952356050412
38342.0,-6883.92951943477
38343.0,-6883.906682819128
38344.0,-6883.883846203486
38345.0,-6883.861009587844
38346.0,-6883.838172972202
38347.0,-6883.815336356561
38348.0,-6883.792499740918
38349.0,-6883.769663125277
38350.0,-6883.746826509635
38351.0,-6883.723989893992
38352.0,-6883.701153278351
38353.0,-6883.678316662709
38354.0,-6883.655480047067
38355.0,-6883.632643431425
38356.0,-6883.6098068157835
38357.0,-6883.586970200141
38358.0,-6883.564133584499
38359.0,-6883.541296968858
38360.0,-6883.518460353215
38361.0,-6883.495623737574
38362.0,-6883.472787121932
38363.0,-6883.4499505062895
38364.0,-6883.427113890648
38365.0,-6883.404277275006
38366.0,-6883.381440659364
38367.0,-6883.358604043722
38368.0,-6883.3357674280805
38369.0,-6883.312930812438
38370.0,-6883.290094196796
38371.0,-6883.267257581155
38372.0,-6883.244420965512
38373.0,-6883.221584349871
38374.0,-6883.198747734229
38375.0,-6883.175911118587
38376.0,-6883.153074502945
38377.0,-6883.130237887303
38378.0,-6883.107401271661
38379.0,-6883.084564656019
38380.0,-6883.061728040378
38381.0,-6883.038891424735
38382.0,-6883.0160548090935
38383.0,-6882.993218193452
38384.0,-6882.970381577809
38385.0,-6882.947544962168
38386.0,-6882.924708346526
38387.0,-6882.901871730884
38388.0,-6882.879035115242
38389.0,-6882.8561984996
38390.0,-6882.833361883958
38391.0,-6882.810525268316
38392.0,-6882.787688652675
38393.0,-6882.764852037032
38394.0,-6882.7420154213905
38395.0,-6882.719178805749
38396.0,-6882.696342190106
38397.0,-6882.673505574465
38398.0,-6882.650668958823
38399.0,-6882.627832343181
38400.0,-6882.604995727539
38401.0,-6882.582159111897
38402.0,-6882.559322496255
38403.0,-6882.536485880613
38404.0,-6882.513649264972
38405.0,-6882.490812649329
38406.0,-6882.467976033688
38407.0,-6882.445139418046
38408.0,-6882.4223028024035
38409.0,-6882.399466186762
38410.0,-6882.37662957112
38411.0,-6882.353792955478
38412.0,-6882.330956339836
38413.0,-6882.3081197241945
38414.0,-6882.285283108552
38415.0,-6882.26244649291
38416.0,-6882.239609877269
38417.0,-6882.216773261626
38418.0,-6882.193936645985
38419.0,-6882.171100030343
38420.0,-6882.1482634147005
38421.0,-6882.125426799059
38422.0,-6882.102590183417
38423.0,-6882.079753567775
38424.0,-6882.056916952133
38425.0,-6882.034080336492
38426.0,-6882.011243720849
38427.0,-6881.988407105207
38428.0,-6881.965570489566
38429.0,-6881.942733873923
38430.0,-6881.919897258282
38431.0,-6881.89706064264
38432.0,-6881.874224026998
38433.0,-6881.851387411356
38434.0,-6881.828550795714
38435.0,-6881.805714180072
38436.0,-6881.78287756443
38437.0,-6881.760040948789
38438.0,-6881.737204333146
38439.0,-6881.7143677175045
38440.0,-6881.691531101863
38441.0,-6881.66869448622
38442.0,-6881.645857870579
38443.0,-6881.623021254937
38444.0,-6881.600184639295
38445.0,-6881.577348023653
38446.0,-6881.554511408011
38447.0,-6881.531674792369
38448.0,-6881.508838176727
38449.0,-6881.486001561086
38450.0,-6881.463164945443
38451.0,-6881.440328329802
38452.0,-6881.41749171416
38453.0,-6881.394655098517
38454.0,-6881.371818482876
38455.0,-6881.348981867234
38456.0,-6881.326145251592
38457.0,-6881.30330863595
38458.0,-6881.2804720203085
38459.0,-6881.257635404666
38460.0,-6881.234798789024
38461.0,-6881.211962173383
38462.0,-6881.18912555774
38463.0,-6881.166288942099
38464.0,-6881.143452326457
38465.0,-6881.1206157108145
38466.0,-6881.097779095173
38467.0,-6881.074942479531
38468.0,-6881.052105863889
38469.0,-6881.029269248247
38470.0,-6881.0064326326055
38471.0,-6880.983596016963
38472.0,-6880.960759401321
38473.0,-6880.93792278568
38474.0,-6880.915086170037
38475.0,-6880.892249554396
38476.0,-6880.869412938754
38477.0,-6880.846576323112
38478.0,-6880.82373970747
38479.0,-6880.800903091828
38480.0,-6880.778066476186
38481.0,-6880.755229860544
38482.0,-6880.732393244903
38483.0,-6880.70955662926
38484.0,-6880.6867200136185
38485.0,-6880.663883397977
38486.0,-6880.641046782334
38487.0,-6880.618210166693
38488.0,-6880.595373551051
38489.0,-6880.572536935409
38490.0,-6880.549700319767
38491.0,-6880.526863704125
38492.0,-6880.504027088483
38493.0,-6880.481190472841
38494.0,-6880.4583538572
38495.0,-6880.435517241557
38496.0,-6880.4126806259155
38497.0,-6880.389844010274
38498.0,-6880.367007394631
38499.0,-6880.34417077899
38500.0,-6880.321334163348
38501.0,-6880.298497547706
38502.0,-6880.275660932064
38503.0,-6880.252824316422
38504.0,-6880.22998770078
38505.0,-6880.207151085138
38506.0,-6880.184314469497
38507.0,-6880.161477853854
38508.0,-6880.138641238213
38509.0,-6880.115804622571
38510.0,-6880.0929680069285
38511.0,-6880.070131391287
38512.0,-6880.047294775645
38513.0,-6880.024458160003
38514.0,-6880.001621544361
38515.0,-6879.9787849287195
38516.0,-6879.955948313077
38517.0,-6879.933111697435
38518.0,-6879.910275081794
38519.0,-6879.887438466151
38520.0,-6879.86460185051
38521.0,-6879.841765234868
38522.0,-6879.8189286192255
38523.0,-6879.796092003584
38524.0,-6879.773255387942
38525.0,-6879.7504187723
38526.0,-6879.727582156658
38527.0,-6879.704745541017
38528.0,-6879.681908925374
38529.0,-6879.659072309732
38530.0,-6879.636235694091
38531.0,-6879.613399078448
38532.0,-6879.590562462807
38533.0,-6879.567725847165
38534.0,-6879.544889231523
38535.0,-6879.522052615881
38536.0,-6879.499216000239
38537.0,-6879.476379384597
38538.0,-6879.453542768955
38539.0,-6879.430706153314
38540.0,-6879.407869537671
38541.0,-6879.3850329220295
38542.0,-6879.362196306388
38543.0,-6879.339359690745
38544.0,-6879.316523075104
38545.0,-6879.293686459462
38546.0,-6879.27084984382
38547.0,-6879.248013228178
38548.0,-6879.225176612536
38549.0,-6879.202339996894
38550.0,-6879.179503381252
38551.0,-6879.156666765611
38552.0,-6879.133830149968
38553.0,-6879.110993534327
38554.0,-6879.088156918685
38555.0,-6879.065320303042
38556.0,-6879.042483687401
38557.0,-6879.019647071759
38558.0,-6878.996810456117
38559.0,-6878.973973840475
38560.0,-6878.9511372248335
38561.0,-6878.928300609191
38562.0,-6878.905463993549
38563.0,-6878.882627377908
38564.0,-6878.859790762265
38565.0,-6878.836954146624
38566.0,-6878.814117530982
38567.0,-6878.7912809153395
38568.0,-6878.768444299698
38569.0,-6878.745607684056
38570.0,-6878.722771068414
38571.0,-6878.699934452772
38572.0,-6878.6770978371305
38573.0,-6878.654261221488
38574.0,-6878.631424605846
38575.0,-6878.608587990205
38576.0,-6878.585751374562
38577.0,-6878.562914758921
38578.0,-6878.540078143279
38579.0,-6878.5172415276365
38580.0,-6878.494404911995
38581.0,-6878.471568296353
38582.0,-6878.448731680711
38583.0,-6878.425895065069
38584.0,-6878.403058449428
38585.0,-6878.380221833785
38586.0,-6878.3573852181435
38587.0,-6878.334548602502
38588.0,-6878.311711986859
38589.0,-6878.288875371218
38590.0,-6878.266038755576
38591.0,-6878.243202139934
38592.0,-6878.220365524292
38593.0,-6878.19752890865
38594.0,-6878.174692293008
38595.0,-6878.151855677366
38596.0,-6878.129019061725
38597.0,-6878.106182446082
38598.0,-6878.0833458304405
38599.0,-6878.060509214799
38600.0,-6878.037672599156
38601.0,-6878.014835983515
38602.0,-6877.991999367873
38603.0,-6877.969162752231
38604.0,-6877.946326136589
38605.0,-6877.923489520947
38606.0,-6877.900652905305
38607.0,-6877.877816289663
38608.0,-6877.854979674022
38609.0,-6877.832143058379
38610.0,-6877.809306442738
38611.0,-6877.786469827096
38612.0,-6877.763633211453
38613.0,-6877.740796595812
38614.0,-6877.71795998017
38615.0,-6877.695123364528
38616.0,-6877.672286748886
38617.0,-6877.6494501332445
38618.0,-6877.626613517602
38619.0,-6877.60377690196
38620.0,-6877.580940286319
38621.0,-6877.558103670676
38622.0,-6877.535267055035
38623.0,-6877.512430439393
38624.0,-6877.4895938237505
38625.0,-6877.466757208109
38626.0,-6877.443920592467
38627.0,-6877.421083976825
38628.0,-6877.398247361183
38629.0,-6877.375410745542
38630.0,-6877.352574129899
38631.0,-6877.329737514257
38632.0,-6877.306900898616
38633.0,-6877.284064282973
38634.0,-6877.261227667332
38635.0,-6877.23839105169
38636.0,-6877.215554436048
38637.0,-6877.192717820406
38638.0,-6877.169881204764
38639.0,-6877.147044589122
38640.0,-6877.12420797348
38641.0,-6877.101371357839
38642.0,-6877.078534742196
38643.0,-6877.0556981265545
38644.0,-6877.032861510913
38645.0,-6877.01002489527
38646.0,-6876.987188279629
38647.0,-6876.964351663987
38648.0,-6876.941515048345
38649.0,-6876.918678432703
38650.0,-6876.895841817061
38651.0,-6876.873005201419
38652.0,-6876.850168585777
38653.0,-6876.827331970136
38654.0,-6876.804495354493
38655.0,-6876.781658738852
38656.0,-6876.75882212321
38657.0,-6876.735985507567
38658.0,-6876.713148891926
38659.0,-6876.690312276284
38660.0,-6876.667475660642
38661.0,-6876.644639045
38662.0,-6876.6218024293585
38663.0,-6876.598965813716
38664.0,-6876.576129198074
38665.0,-6876.553292582433
38666.0,-6876.53045596679
38667.0,-6876.507619351149
38668.0,-6876.484782735507
38669.0,-6876.4619461198645
38670.0,-6876.439109504223
38671.0,-6876.416272888581
38672.0,-6876.393436272939
38673.0,-6876.370599657297
38674.0,-6876.3477630416555
38675.0,-6876.324926426013
38676.0,-6876.302089810371
38677.0,-6876.27925319473
38678.0,-6876.256416579087
38679.0,-6876.233579963446
38680.0,-6876.210743347804
38681.0,-6876.1879067321615
38682.0,-6876.16507011652
38683.0,-6876.142233500878
38684.0,-6876.119396885236
38685.0,-6876.096560269594
38686.0,-6876.073723653953
38687.0,-6876.05088703831
38688.0,-6876.0280504226685
38689.0,-6876.005213807027
38690.0,-6875.982377191384
38691.0,-6875.959540575743
38692.0,-6875.936703960101
38693.0,-6875.913867344459
38694.0,-6875.891030728817
38695.0,-6875.868194113175
38696.0,-6875.845357497533
38697.0,-6875.822520881891
38698.0,-6875.79968426625
38699.0,-6875.776847650607
38700.0,-6875.7540110349655
38701.0,-6875.731174419324
38702.0,-6875.708337803681
38703.0,-6875.68550118804
38704.0,-6875.662664572398
38705.0,-6875.639827956756
38706.0,-6875.616991341114
38707.0,-6875.594154725472
38708.0,-6875.57131810983
38709.0,-6875.548481494188
38710.0,-6875.525644878547
38711.0,-6875.502808262904
38712.0,-6875.479971647263
38713.0,-6875.457135031621
38714.0,-6875.434298415978
38715.0,-6875.411461800337
38716.0,-6875.388625184695
38717.0,-6875.365788569053
38718.0,-6875.342951953411
38719.0,-6875.3201153377695
38720.0,-6875.297278722127
38721.0,-6875.274442106485
38722.0,-6875.251605490844
38723.0,-6875.228768875201
38724.0,-6875.20593225956
38725.0,-6875.183095643918
38726.0,-6875.1602590282755
38727.0,-6875.137422412634
38728.0,-6875.114585796992
38729.0,-6875.09174918135
38730.0,-6875.068912565708
38731.0,-6875.046075950067
38732.0,-6875.023239334424
38733.0,-6875.000402718782
38734.0,-6874.977566103141
38735.0,-6874.954729487498
38736.0,-6874.931892871857
38737.0,-6874.909056256215
38738.0,-6874.886219640573
38739.0,-6874.863383024931
38740.0,-6874.840546409289
38741.0,-6874.817709793647
38742.0,-6874.794873178005
38743.0,-6874.772036562364
38744.0,-6874.749199946721
38745.0,-6874.7263633310795
38746.0,-6874.703526715438
38747.0,-6874.680690099795
38748.0,-6874.657853484154
38749.0,-6874.635016868512
38750.0,-6874.61218025287
38751.0,-6874.589343637228
38752.0,-6874.566507021586
38753.0,-6874.543670405944
38754.0,-6874.520833790302
38755.0,-6874.497997174661
38756.0,-6874.475160559018
38757.0,-6874.4523239433765
38758.0,-6874.429487327735
38759.0,-6874.406650712092
38760.0,-6874.383814096451
38761.0,-6874.360977480809
38762.0,-6874.338140865167
38763.0,-6874.315304249525
38764.0,-6874.2924676338835
38765.0,-6874.269631018241
38766.0,-6874.246794402599
38767.0,-6874.223957786958
38768.0,-6874.201121171315
38769.0,-6874.178284555674
38770.0,-6874.155447940032
38771.0,-6874.1326113243895
38772.0,-6874.109774708748
38773.0,-6874.086938093106
38774.0,-6874.064101477464
38775.0,-6874.041264861822
38776.0,-6874.0184282461805
38777.0,-6873.995591630538
38778.0,-6873.972755014896
38779.0,-6873.949918399255
38780.0,-6873.927081783612
38781.0,-6873.904245167971
38782.0,-6873.881408552329
38783.0,-6873.8585719366865
38784.0,-6873.835735321045
38785.0,-6873.812898705403
38786.0,-6873.790062089761
38787.0,-6873.767225474119
38788.0,-6873.744388858478
38789.0,-6873.721552242835
38790.0,-6873.698715627193
38791.0,-6873.675879011552
38792.0,-6873.653042395909
38793.0,-6873.630205780268
38794.0,-6873.607369164626
38795.0,-6873.584532548984
38796.0,-6873.561695933342
38797.0,-6873.5388593177
38798.0,-6873.516022702058
38799.0,-6873.493186086416
38800.0,-6873.470349470775
38801.0,-6873.447512855132
38802.0,-6873.4246762394905
38803.0,-6873.401839623849
38804.0,-6873.379003008206
38805.0,-6873.356166392565
38806.0,-6873.333329776923
38807.0,-6873.310493161281
38808.0,-6873.287656545639
38809.0,-6873.264819929997
38810.0,-6873.241983314355
38811.0,-6873.219146698713
38812.0,-6873.196310083072
38813.0,-6873.173473467429
38814.0,-6873.150636851788
38815.0,-6873.127800236146
38816.0,-6873.104963620503
38817.0,-6873.082127004862
38818.0,-6873.05929038922
38819.0,-6873.036453773578
38820.0,-6873.013617157936
38821.0,-6872.9907805422945
38822.0,-6872.967943926652
38823.0,-6872.94510731101
38824.0,-6872.922270695369
38825.0,-6872.899434079726
38826.0,-6872.876597464085
38827.0,-6872.853760848443
38828.0,-6872.8309242328005
38829.0,-6872.808087617159
38830.0,-6872.785251001517
38831.0,-6872.762414385875
38832.0,-6872.739577770233
38833.0,-6872.716741154592
38834.0,-6872.693904538949
38835.0,-6872.671067923307
38836.0,-6872.648231307666
38837.0,-6872.625394692023
38838.0,-6872.602558076382
38839.0,-6872.57972146074
38840.0,-6872.556884845098
38841.0,-6872.534048229456
38842.0,-6872.511211613814
38843.0,-6872.488374998172
38844.0,-6872.46553838253
38845.0,-6872.442701766889
38846.0,-6872.419865151246
38847.0,-6872.3970285356045
38848.0,-6872.374191919963
38849.0,-6872.35135530432
38850.0,-6872.328518688679
38851.0,-6872.305682073037
38852.0,-6872.282845457395
38853.0,-6872.260008841753
38854.0,-6872.237172226111
38855.0,-6872.214335610469
38856.0,-6872.191498994827
38857.0,-6872.168662379186
38858.0,-6872.145825763543
38859.0,-6872.1229891479015
38860.0,-6872.10015253226
38861.0,-6872.077315916617
38862.0,-6872.054479300976
38863.0,-6872.031642685334
38864.0,-6872.008806069692
38865.0,-6871.98596945405
38866.0,-6871.9631328384085
38867.0,-6871.940296222766
38868.0,-6871.917459607124
38869.0,-6871.894622991483
38870.0,-6871.87178637584
38871.0,-6871.848949760199
38872.0,-6871.826113144557
38873.0,-6871.8032765289145
38874.0,-6871.780439913273
38875.0,-6871.757603297631
38876.0,-6871.734766681989
38877.0,-6871.711930066347
38878.0,-6871.6890934507055
38879.0,-6871.666256835063
38880.0,-6871.643420219421
38881.0,-6871.62058360378
38882.0,-6871.597746988137
38883.0,-6871.574910372496
38884.0,-6871.552073756854
38885.0,-6871.5292371412115
38886.0,-6871.50640052557
38887.0,-6871.483563909928
38888.0,-6871.460727294286
38889.0,-6871.437890678644
38890.0,-6871.415054063003
38891.0,-6871.39221744736
38892.0,-6871.369380831718
38893.0,-6871.346544216077
38894.0,-6871.323707600434
38895.0,-6871.300870984793
38896.0,-6871.278034369151
38897.0,-6871.255197753509
38898.0,-6871.232361137867
38899.0,-6871.209524522225
38900.0,-6871.186687906583
38901.0,-6871.163851290941
38902.0,-6871.1410146753
38903.0,-6871.118178059657
38904.0,-6871.0953414440155
38905.0,-6871.072504828374
38906.0,-6871.049668212731
38907.0,-6871.02683159709
38908.0,-6871.003994981448
38909.0,-6870.981158365806
38910.0,-6870.958321750164
38911.0,-6870.935485134522
38912.0,-6870.91264851888
38913.0,-6870.881464724739
38914.0,-6870.850280930598
38915.0,-6870.8190971364575
38916.0,-6870.787913342317
38917.0,-6870.756729548176
38918.0,-6870.725545754035
38919.0,-6870.694361959894
38920.0,-6870.663178165753
38921.0,-6870.631994371613
38922.0,-6870.600810577472
38923.0,-6870.569626783331
38924.0,-6870.53844298919
38925.0,-6870.507259195049
38926.0,-6870.4760754009085
38927.0,-6870.444891606768
38928.0,-6870.413707812627
38929.0,-6870.382524018486
38930.0,-6870.351340224345
38931.0,-6870.320156430204
38932.0,-6870.288972636064
38933.0,-6870.257788841923
38934.0,-6870.226605047782
38935.0,-6870.195421253641
38936.0,-6870.1642374595
38937.0,-6870.1330536653595
38938.0,-6870.101869871219
38939.0,-6870.070686077078
38940.0,-6870.039502282937
38941.0,-6870.008318488796
38942.0,-6869.977134694655
38943.0,-6869.945950900515
38944.0,-6869.914767106374
38945.0,-6869.883583312233
38946.0,-6869.852399518092
38947.0,-6869.821215723951
38948.0,-6869.7900319298105
38949.0,-6869.75884813567
38950.0,-6869.727664341529
38951.0,-6869.696480547388
38952.0,-6869.665296753247
38953.0,-6869.6341129591065
38954.0,-6869.602929164966
38955.0,-6869.571745370825
38956.0,-6869.540561576684
38957.0,-6869.509377782543
38958.0,-6869.478193988402
38959.0,-6869.447010194262
38960.0,-6869.415826400121
38961.0,-6869.38464260598
38962.0,-6869.353458811839
38963.0,-6869.322275017698
38964.0,-6869.2910912235575
38965.0,-6869.259907429417
38966.0,-6869.228723635276
38967.0,-6869.197539841135
38968.0,-6869.166356046994
38969.0,-6869.135172252853
38970.0,-6869.103988458713
38971.0,-6869.072804664572
38972.0,-6869.041620870431
38973.0,-6869.01043707629
38974.0,-6868.979253282149
38975.0,-6868.9480694880085
38976.0,-6868.916885693868
38977.0,-6868.885701899727
38978.0,-6868.854518105586
38979.0,-6868.823334311445
38980.0,-6868.792150517304
38981.0,-6868.760966723164
38982.0,-6868.729782929023
38983.0,-6868.698599134882
38984.0,-6868.667415340741
38985.0,-6868.6362315466
38986.0,-6868.6050477524595
38987.0,-6868.573863958319
38988.0,-6868.542680164178
38989.0,-6868.511496370037
38990.0,-6868.480312575896
38991.0,-6868.4491287817555
38992.0,-6868.417944987615
38993.0,-6868.386761193474
38994.0,-6868.355577399333
38995.0,-6868.324393605192
38996.0,-6868.293209811051
38997.0,-6868.262026016911
38998.0,-6868.23084222277
38999.0,-6868.199658428629
39000.0,-6868.168474634488
39001.0,-6868.137290840347
39002.0,-6868.1061070462065
39003.0,-6868.074923252066
39004.0,-6868.043739457925
39005.0,-6868.012555663784
39006.0,-6867.981371869643
39007.0,-6867.950188075502
39008.0,-6867.919004281362
39009.0,-6867.887820487221
39010.0,-6867.85663669308
39011.0,-6867.825452898939
39012.0,-6867.794269104798
39013.0,-6867.7630853106575
39014.0,-6867.731901516517
39015.0,-6867.700717722376
39016.0,-6867.669533928235
39017.0,-6867.638350134094
39018.0,-6867.607166339953
39019.0,-6867.575982545813
39020.0,-6867.544798751672
39021.0,-6867.513614957531
39022.0,-6867.48243116339
39023.0,-6867.451247369249
39024.0,-6867.4200635751085
39025.0,-6867.388879780968
39026.0,-6867.357695986827
39027.0,-6867.326512192686
39028.0,-6867.295328398545
39029.0,-6867.2641446044045
39030.0,-6867.232960810264
39031.0,-6867.201777016123
39032.0,-6867.170593221982
39033.0,-6867.139409427841
39034.0,-6867.1082256337
39035.0,-6867.07704183956
39036.0,-6867.045858045419
39037.0,-6867.014674251278
39038.0,-6866.983490457137
39039.0,-6866.952306662996
39040.0,-6866.9211228688555
39041.0,-6866.889939074715
39042.0,-6866.858755280574
39043.0,-6866.827571486433
39044.0,-6866.796387692292
39045.0,-6866.765203898151
39046.0,-6866.734020104011
39047.0,-6866.70283630987
39048.0,-6866.671652515729
39049.0,-6866.640468721588
39050.0,-6866.609284927447
39051.0,-6866.5781011333065
39052.0,-6866.546917339166
39053.0,-6866.515733545025
39054.0,-6866.484549750884
39055.0,-6866.453365956743
39056.0,-6866.422182162602
39057.0,-6866.390998368462
39058.0,-6866.359814574321
39059.0,-6866.32863078018
39060.0,-6866.297446986039
39061.0,-6866.266263191898
39062.0,-6866.2350793977575
39063.0,-6866.203895603617
39064.0,-6866.172711809476
39065.0,-6866.141528015335
39066.0,-6866.110344221194
39067.0,-6866.0791604270535
39068.0,-6866.047976632913
39069.0,-6866.016792838772
39070.0,-6865.985609044631
39071.0,-6865.95442525049
39072.0,-6865.923241456349
39073.0,-6865.892057662209
39074.0,-6865.860873868068
39075.0,-6865.829690073927
39076.0,-6865.798506279786
39077.0,-6865.767322485645
39078.0,-6865.7361386915045
39079.0,-6865.704954897364
39080.0,-6865.673771103223
39081.0,-6865.642587309082
39082.0,-6865.611403514941
39083.0,-6865.5802197208
39084.0,-6865.54903592666
39085.0,-6865.517852132519
39086.0,-6865.486668338378
39087.0,-6865.455484544237
39088.0,-6865.424300750096
39089.0,-6865.3931169559555
39090.0,-6865.361933161815
39091.0,-6865.330749367674
39092.0,-6865.299565573533
39093.0,-6865.268381779392
39094.0,-6865.237197985251
39095.0,-6865.206014191111
39096.0,-6865.17483039697
39097.0,-6865.143646602829
39098.0,-6865.112462808688
39099.0,-6865.081279014547
39100.0,-6865.050095220407
39101.0,-6865.018911426266
39102.0,-6864.987727632125
39103.0,-6864.956543837984
39104.0,-6864.925360043843
39105.0,-6864.8941762497025
39106.0,-6864.862992455562
39107.0,-6864.831808661421
39108.0,-6864.80062486728
39109.0,-6864.769441073139
39110.0,-6864.738257278998
39111.0,-6864.707073484858
39112.0,-6864.675889690717
39113.0,-6864.644705896576
39114.0,-6864.613522102435
39115.0,-6864.582338308294
39116.0,-6864.5511545141535
39117.0,-6864.519970720013
39118.0,-6864.488786925872
39119.0,-6864.457603131731
39120.0,-6864.42641933759
39121.0,-6864.395235543449
39122.0,-6864.364051749309
39123.0,-6864.332867955168
39124.0,-6864.301684161027
39125.0,-6864.270500366886
39126.0,-6864.239316572745
39127.0,-6864.2081327786045
39128.0,-6864.176948984464
39129.0,-6864.145765190323
39130.0,-6864.114581396182
39131.0,-6864.083397602041
39132.0,-6864.0522138079
39133.0,-6864.02103001376
39134.0,-6863.989846219619
39135.0,-6863.958662425478
39136.0,-6863.927478631337
39137.0,-6863.896294837196
39138.0,-6863.865111043056
39139.0,-6863.833927248915
39140.0,-6863.802743454774
39141.0,-6863.771559660633
39142.0,-6863.740375866492
39143.0,-6863.7091920723515
39144.0,-6863.678008278211
39145.0,-6863.64682448407
39146.0,-6863.615640689929
39147.0,-6863.584456895788
39148.0,-6863.553273101647
39149.0,-6863.522089307507
39150.0,-6863.490905513366
39151.0,-6863.459721719225
39152.0,-6863.428537925084
39153.0,-6863.397354130943
39154.0,-6863.3661703368025
39155.0,-6863.334986542662
39156.0,-6863.303802748521
39157.0,-6863.27261895438
39158.0,-6863.241435160239
39159.0,-6863.210251366098
39160.0,-6863.179067571958
39161.0,-6863.147883777817
39162.0,-6863.116699983676
39163.0,-6863.085516189535
39164.0,-6863.054332395394
39165.0,-6863.0231486012535
39166.0,-6862.991964807113
39167.0,-6862.960781012972
39168.0,-6862.929597218831
39169.0,-6862.89841342469
39170.0,-6862.867229630549
39171.0,-6862.836045836409
39172.0,-6862.804862042268
39173.0,-6862.773678248127
39174.0,-6862.742494453986
39175.0,-6862.711310659845
39176.0,-6862.680126865705
39177.0,-6862.648943071564
39178.0,-6862.617759277423
39179.0,-6862.586575483282
39180.0,-6862.555391689141
39181.0,-6862.5242078950005
39182.0,-6862.49302410086
39183.0,-6862.461840306719
39184.0,-6862.430656512578
39185.0,-6862.399472718437
39186.0,-6862.368288924296
39187.0,-6862.337105130156
39188.0,-6862.305921336015
39189.0,-6862.274737541874
39190.0,-6862.243553747733
39191.0,-6862.212369953592
39192.0,-6862.1811861594515
39193.0,-6862.150002365311
39194.0,-6862.11881857117
39195.0,-6862.087634777029
39196.0,-6862.056450982888
39197.0,-6862.025267188747
39198.0,-6861.994083394607
39199.0,-6861.962899600466
39200.0,-6861.931715806325
39201.0,-6861.900532012184
39202.0,-6861.869348218043
39203.0,-6861.8381644239025
39204.0,-6861.806980629762
39205.0,-6861.775796835621
39206.0,-6861.74461304148
39207.0,-6861.713429247339
39208.0,-6861.682245453198
39209.0,-6861.651061659058
39210.0,-6861.619877864917
39211.0,-6861.588694070776
39212.0,-6861.557510276635
39213.0,-6861.526326482494
39214.0,-6861.495142688354
39215.0,-6861.463958894213
39216.0,-6861.432775100072
39217.0,-6861.401591305931
39218.0,-6861.37040751179
39219.0,-6861.3392237176495
39220.0,-6861.308039923509
39221.0,-6861.276856129368
39222.0,-6861.245672335227
39223.0,-6861.214488541086
39224.0,-6861.183304746945
39225.0,-6861.152120952805
39226.0,-6861.120937158664
39227.0,-6861.089753364523
39228.0,-6861.058569570382
39229.0,-6861.027385776241
39230.0,-6860.9962019821005
39231.0,-6860.96501818796
39232.0,-6860.933834393819
39233.0,-6860.902650599678
39234.0,-6860.871466805537
39235.0,-6860.840283011396
39236.0,-6860.809099217256
39237.0,-6860.777915423115
39238.0,-6860.746731628974
39239.0,-6860.715547834833
39240.0,-6860.684364040692
39241.0,-6860.6531802465515
39242.0,-6860.621996452411
39243.0,-6860.59081265827
39244.0,-6860.559628864129
39245.0,-6860.528445069988
39246.0,-6860.497261275847
39247.0,-6860.466077481707
39248.0,-6860.434893687566
39249.0,-6860.403709893425
39250.0,-6860.372526099284
39251.0,-6860.341342305143
39252.0,-6860.310158511003
39253.0,-6860.278974716862
39254.0,-6860.247790922721
39255.0,-6860.21660712858
39256.0,-6860.185423334439
39257.0,-6860.1542395402985
39258.0,-6860.123055746158
39259.0,-6860.091871952017
39260.0,-6860.060688157876
39261.0,-6860.029504363735
39262.0,-6859.998320569594
39263.0,-6859.967136775454
39264.0,-6859.935952981313
39265.0,-6859.904769187172
39266.0,-6859.873585393031
39267.0,-6859.84240159889
39268.0,-6859.8112178047495
39269.0,-6859.780034010609
39270.0,-6859.748850216468
39271.0,-6859.717666422327
39272.0,-6859.686482628186
39273.0,-6859.655298834045
39274.0,-6859.624115039905
39275.0,-6859.592931245764
39276.0,-6859.561747451623
39277.0,-6859.530563657482
39278.0,-6859.499379863341
39279.0,-6859.4681960692005
39280.0,-6859.43701227506
39281.0,-6859.405828480919
39282.0,-6859.374644686778
39283.0,-6859.343460892637
39284.0,-6859.312277098496
39285.0,-6859.281093304356
39286.0,-6859.249909510215
39287.0,-6859.218725716074
39288.0,-6859.187541921933
39289.0,-6859.156358127792
39290.0,-6859.125174333652
39291.0,-6859.093990539511
39292.0,-6859.06280674537
39293.0,-6859.031622951229
39294.0,-6859.000439157088
39295.0,-6858.9692553629475
39296.0,-6858.938071568807
39297.0,-6858.906887774666
39298.0,-6858.875703980525
39299.0,-6858.844520186384
39300.0,-6858.813336392243
39301.0,-6858.782152598103
39302.0,-6858.750968803962
39303.0,-6858.719785009821
39304.0,-6858.68860121568
39305.0,-6858.657417421539
39306.0,-6858.6262336273985
39307.0,-6858.595049833258
39308.0,-6858.563866039117
39309.0,-6858.532682244976
39310.0,-6858.501498450835
39311.0,-6858.470314656694
39312.0,-6858.439130862554
39313.0,-6858.407947068413
39314.0,-6858.376763274272
39315.0,-6858.345579480131
39316.0,-6858.31439568599
39317.0,-6858.2832118918495
39318.0,-6858.252028097709
39319.0,-6858.220844303568
39320.0,-6858.189660509427
39321.0,-6858.158476715286
39322.0,-6858.127292921145
39323.0,-6858.096109127005
39324.0,-6858.064925332864
39325.0,-6858.033741538723
39326.0,-6858.002557744582
39327.0,-6857.971373950441
39328.0,-6857.940190156301
39329.0,-6857.90900636216
39330.0,-6857.877822568019
39331.0,-6857.846638773878
39332.0,-6857.815454979737
39333.0,-6857.7842711855965
39334.0,-6857.753087391456
39335.0,-6857.721903597315
39336.0,-6857.690719803174
39337.0,-6857.659536009033
39338.0,-6857.628352214892
39339.0,-6857.597168420752
39340.0,-6857.565984626611
39341.0,-6857.53480083247
39342.0,-6857.503617038329
39343.0,-6857.472433244188
39344.0,-6857.4412494500475
39345.0,-6857.410065655907
39346.0,-6857.378881861766
39347.0,-6857.347698067625
39348.0,-6857.316514273484
39349.0,-6857.285330479343
39350.0,-6857.254146685203
39351.0,-6857.222962891062
39352.0,-6857.191779096921
39353.0,-6857.16059530278
39354.0,-6857.129411508639
39355.0,-6857.0982277144985
39356.0,-6857.067043920358
39357.0,-6857.035860126217
39358.0,-6857.004676332076
39359.0,-6856.973492537935
39360.0,-6856.9423087437945
39361.0,-6856.911124949654
39362.0,-6856.879941155513
39363.0,-6856.848757361372
39364.0,-6856.817573567231
39365.0,-6856.78638977309
39366.0,-6856.75520597895
39367.0,-6856.724022184809
39368.0,-6856.692838390668
39369.0,-6856.661654596527
39370.0,-6856.630470802386
39371.0,-6856.5992870082455
39372.0,-6856.568103214105
39373.0,-6856.536919419964
39374.0,-6856.505735625823
39375.0,-6856.474551831682
39376.0,-6856.443368037541
39377.0,-6856.412184243401
39378.0,-6856.38100044926
39379.0,-6856.349816655119
39380.0,-6856.318632860978
39381.0,-6856.287449066837
39382.0,-6856.2562652726965
39383.0,-6856.225081478556
39384.0,-6856.193897684415
39385.0,-6856.162713890274
39386.0,-6856.131530096133
39387.0,-6856.100346301992
39388.0,-6856.069162507852
39389.0,-6856.037978713711
39390.0,-6856.00679491957
39391.0,-6855.975611125429
39392.0,-6855.944427331288
39393.0,-6855.9132435371475
39394.0,-6855.882059743007
39395.0,-6855.850875948866
39396.0,-6855.819692154725
39397.0,-6855.788508360584
39398.0,-6855.7573245664435
39399.0,-6855.726140772303
39400.0,-6855.694956978162
39401.0,-6855.663773184021
39402.0,-6855.63258938988
39403.0,-6855.601405595739
39404.0,-6855.570221801599
39405.0,-6855.539038007458
39406.0,-6855.507854213317
39407.0,-6855.476670419176
39408.0,-6855.445486625035
39409.0,-6855.4143028308945
39410.0,-6855.383119036754
39411.0,-6855.351935242613
39412.0,-6855.320751448472
39413.0,-6855.289567654331
39414.0,-6855.25838386019
39415.0,-6855.22720006605
39416.0,-6855.196016271909
39417.0,-6855.164832477768
39418.0,-6855.133648683627
39419.0,-6855.102464889486
39420.0,-6855.0712810953455
39421.0,-6855.040097301205
39422.0,-6855.008913507064
39423.0,-6854.977729712923
39424.0,-6854.946545918782
39425.0,-6854.915362124641
39426.0,-6854.884178330501
39427.0,-6854.85299453636
39428.0,-6854.821810742219
39429.0,-6854.790626948078
39430.0,-6854.759443153937
39431.0,-6854.7282593597965
39432.0,-6854.697075565656
39433.0,-6854.665891771515
39434.0,-6854.634707977374
39435.0,-6854.603524183233
39436.0,-6854.5723403890925
39437.0,-6854.541156594952
39438.0,-6854.509972800811
39439.0,-6854.47878900667
39440.0,-6854.447605212529
39441.0,-6854.416421418388
39442.0,-6854.385237624248
39443.0,-6854.354053830107
39444.0,-6854.322870035966
39445.0,-6854.291686241825
39446.0,-6854.260502447684
39447.0,-6854.2293186535435
39448.0,-6854.198134859403
39449.0,-6854.166951065262
39450.0,-6854.135767271121
39451.0,-6854.10458347698
39452.0,-6854.073399682839
39453.0,-6854.042215888699
39454.0,-6854.011032094558
39455.0,-6853.979848300417
39456.0,-6853.948664506276
39457.0,-6853.917480712135
39458.0,-6853.8862969179945
39459.0,-6853.855113123854
39460.0,-6853.823929329713
39461.0,-6853.792745535572
39462.0,-6853.761561741431
39463.0,-6853.73037794729
39464.0,-6853.69919415315
39465.0,-6853.668010359009
39466.0,-6853.636826564868
39467.0,-6853.605642770727
39468.0,-6853.574458976586
39469.0,-6853.5432751824455
39470.0,-6853.512091388305
39471.0,-6853.480907594164
39472.0,-6853.449723800023
39473.0,-6853.418540005882
39474.0,-6853.3873562117415
39475.0,-6853.356172417601
39476.0,-6853.32498862346
39477.0,-6853.293804829319
39478.0,-6853.262621035178
39479.0,-6853.231437241037
39480.0,-6853.200253446897
39481.0,-6853.169069652756
39482.0,-6853.137885858615
39483.0,-6853.106702064474
39484.0,-6853.075518270333
39485.0,-6853.0443344761925
39486.0,-6853.013150682052
39487.0,-6852.981966887911
39488.0,-6852.95078309377
39489.0,-6852.919599299629
39490.0,-6852.888415505488
39491.0,-6852.857231711348
39492.0,-6852.826047917207
39493.0,-6852.794864123066
39494.0,-6852.763680328925
39495.0,-6852.732496534784
39496.0,-6852.7013127406435
39497.0,-6852.670128946503
39498.0,-6852.638945152362
39499.0,-6852.607761358221
39500.0,-6852.57657756408
39501.0,-6852.545393769939
39502.0,-6852.514209975799
39503.0,-6852.483026181658
39504.0,-6852.451842387517
39505.0,-6852.420658593376
39506.0,-6852.389474799235
39507.0,-6852.3582910050945
39508.0,-6852.327107210954
39509.0,-6852.295923416813
39510.0,-6852.264739622672
39511.0,-6852.233555828531
39512.0,-6852.2023720343905
39513.0,-6852.17118824025
39514.0,-6852.140004446109
39515.0,-6852.108820651968
39516.0,-6852.077636857827
39517.0,-6852.046453063686
39518.0,-6852.015269269546
39519.0,-6851.984085475405
39520.0,-6851.952901681264
39521.0,-6851.921717887123
39522.0,-6851.890534092982
39523.0,-6851.8593502988415
39524.0,-6851.828166504701
39525.0,-6851.79698271056
39526.0,-6851.765798916419
39527.0,-6851.734615122278
39528.0,-6851.703431328137
39529.0,-6851.672247533997
39530.0,-6851.641063739856
39531.0,-6851.609879945715
39532.0,-6851.578696151574
39533.0,-6851.547512357433
39534.0,-6851.5163285632925
39535.0,-6851.485144769152
39536.0,-6851.453960975011
39537.0,-6851.42277718087
39538.0,-6851.391593386729
39539.0,-6851.360409592588
39540.0,-6851.329225798448
39541.0,-6851.298042004307
39542.0,-6851.266858210166
39543.0,-6851.235674416025
39544.0,-6851.204490621884
39545.0,-6851.1733068277435
39546.0,-6851.142123033603
39547.0,-6851.110939239462
39548.0,-6851.079755445321
39549.0,-6851.04857165118
39550.0,-6851.0173878570395
39551.0,-6850.986204062899
39552.0,-6850.955020268758
39553.0,-6850.923836474617
39554.0,-6850.892652680476
39555.0,-6850.861468886335
39556.0,-6850.830285092195
39557.0,-6850.799101298054
39558.0,-6850.767917503913
39559.0,-6850.736733709772
39560.0,-6850.705549915631
39561.0,-6850.6743661214905
39562.0,-6850.64318232735
39563.0,-6850.611998533209
39564.0,-6850.580814739068
39565.0,-6850.549630944927
39566.0,-6850.518447150786
39567.0,-6850.487263356646
39568.0,-6850.456079562505
39569.0,-6850.424895768364
39570.0,-6850.393711974223
39571.0,-6850.362528180082
39572.0,-6850.3313443859415
39573.0,-6850.300160591801
39574.0,-6850.26897679766
39575.0,-6850.237793003519
39576.0,-6850.206609209378
39577.0,-6850.175425415237
39578.0,-6850.144241621097
39579.0,-6850.113057826956
39580.0,-6850.081874032815
39581.0,-6850.050690238674
39582.0,-6850.019506444533
39583.0,-6849.988322650393
39584.0,-6849.957138856252
39585.0,-6849.925955062111
39586.0,-6849.89477126797
39587.0,-6849.863587473829
39588.0,-6849.8324036796885
39589.0,-6849.801219885548
39590.0,-6849.770036091407
39591.0,-6849.738852297266
39592.0,-6849.707668503125
39593.0,-6849.676484708984
39594.0,-6849.645300914844
39595.0,-6849.614117120703
39596.0,-6849.582933326562
39597.0,-6849.551749532421
39598.0,-6849.52056573828
39599.0,-6849.4893819441395
39600.0,-6849.458198149999
39601.0,-6849.427014355858
39602.0,-6849.395830561717
39603.0,-6849.364646767576
39604.0,-6849.333462973435
39605.0,-6849.302279179295
39606.0,-6849.271095385154
39607.0,-6849.239911591013
39608.0,-6849.208727796872
39609.0,-6849.177544002731
39610.0,-6849.1463602085905
39611.0,-6849.11517641445
39612.0,-6849.083992620309
39613.0,-6849.052808826168
39614.0,-6849.021625032027
39615.0,-6848.990441237886
39616.0,-6848.959257443746
39617.0,-6848.928073649605
39618.0,-6848.896889855464
39619.0,-6848.865706061323
39620.0,-6848.834522267182
39621.0,-6848.803338473042
39622.0,-6848.772154678901
39623.0,-6848.74097088476
39624.0,-6848.709787090619
39625.0,-6848.678603296478
39626.0,-6848.6474195023375
39627.0,-6848.616235708197
39628.0,-6848.585051914056
39629.0,-6848.553868119915
39630.0,-6848.522684325774
39631.0,-6848.491500531633
39632.0,-6848.460316737493
39633.0,-6848.429132943352
39634.0,-6848.397949149211
39635.0,-6848.36676535507
39636.0,-6848.335581560929
39637.0,-6848.3043977667885
39638.0,-6848.273213972648
39639.0,-6848.242030178507
39640.0,-6848.210846384366
39641.0,-6848.179662590225
39642.0,-6848.148478796084
39643.0,-6848.117295001944
39644.0,-6848.086111207803
39645.0,-6848.054927413662
39646.0,-6848.023743619521
39647.0,-6847.99255982538
39648.0,-6847.9613760312395
39649.0,-6847.930192237099
39650.0,-6847.899008442958
39651.0,-6847.867824648817
39652.0,-6847.836640854676
39653.0,-6847.805457060535
39654.0,-6847.774273266395
39655.0,-6847.743089472254
39656.0,-6847.711905678113
39657.0,-6847.680721883972
39658.0,-6847.649538089831
39659.0,-6847.618354295691
39660.0,-6847.58717050155
39661.0,-6847.555986707409
39662.0,-6847.524802913268
39663.0,-6847.493619119127
39664.0,-6847.4624353249865
39665.0,-6847.431251530846
39666.0,-6847.400067736705
39667.0,-6847.368883942564
39668.0,-6847.337700148423
39669.0,-6847.306516354282
39670.0,-6847.275332560142
39671.0,-6847.244148766001
39672.0,-6847.21296497186
39673.0,-6847.181781177719
39674.0,-6847.150597383578
39675.0,-6847.1194135894375
39676.0,-6847.088229795297
39677.0,-6847.057046001156
39678.0,-6847.025862207015
39679.0,-6846.994678412874
39680.0,-6846.963494618733
39681.0,-6846.932310824593
39682.0,-6846.901127030452
39683.0,-6846.869943236311
39684.0,-6846.83875944217
39685.0,-6846.807575648029
39686.0,-6846.7763918538885
39687.0,-6846.745208059748
39688.0,-6846.714024265607
39689.0,-6846.682840471466
39690.0,-6846.651656677325
39691.0,-6846.620472883184
39692.0,-6846.589289089044
39693.0,-6846.558105294903
39694.0,-6846.526921500762
39695.0,-6846.495737706621
39696.0,-6846.46455391248
39697.0,-6846.43337011834
39698.0,-6846.402186324199
39699.0,-6846.371002530058
39700.0,-6846.339818735917
39701.0,-6846.308634941776
39702.0,-6846.2774511476355
39703.0,-6846.246267353495
39704.0,-6846.215083559354
39705.0,-6846.183899765213
39706.0,-6846.152715971072
39707.0,-6846.121532176931
39708.0,-6846.090348382791
39709.0,-6846.05916458865
39710.0,-6846.027980794509
39711.0,-6845.996797000368
39712.0,-6845.965613206227
39713.0,-6845.9344294120865
39714.0,-6845.903245617946
39715.0,-6845.872061823805
39716.0,-6845.840878029664
39717.0,-6845.809694235523
39718.0,-6845.778510441382
39719.0,-6845.747326647242
39720.0,-6845.716142853101
39721.0,-6845.68495905896
39722.0,-6845.653775264819
39723.0,-6845.622591470678
39724.0,-6845.5914076765375
39725.0,-6845.560223882397
39726.0,-6845.529040088256
39727.0,-6845.497856294115
39728.0,-6845.466672499974
39729.0,-6845.435488705833
39730.0,-6845.404304911693
39731.0,-6845.373121117552
39732.0,-6845.341937323411
39733.0,-6845.31075352927
39734.0,-6845.279569735129
39735.0,-6845.248385940989
39736.0,-6845.217202146848
39737.0,-6845.186018352707
39738.0,-6845.154834558566
39739.0,-6845.123650764425
39740.0,-6845.0924669702845
39741.0,-6845.061283176144
39742.0,-6845.030099382003
39743.0,-6844.998915587862
39744.0,-6844.967731793721
39745.0,-6844.93654799958
39746.0,-6844.90536420544
39747.0,-6844.874180411299
39748.0,-6844.842996617158
39749.0,-6844.811812823017
39750.0,-6844.780629028876
39751.0,-6844.7494452347355
39752.0,-6844.718261440595
39753.0,-6844.687077646454
39754.0,-6844.655893852313
39755.0,-6844.624710058172
39756.0,-6844.593526264031
39757.0,-6844.562342469891
39758.0,-6844.53115867575
39759.0,-6844.499974881609
39760.0,-6844.468791087468
39761.0,-6844.437607293327
39762.0,-6844.4064234991865
39763.0,-6844.375239705046
39764.0,-6844.344055910905
39765.0,-6844.312872116764
39766.0,-6844.281688322623
39767.0,-6844.250504528482
39768.0,-6844.219320734342
39769.0,-6844.188136940201
39770.0,-6844.15695314606
39771.0,-6844.125769351919
39772.0,-6844.094585557778
39773.0,-6844.063401763638
39774.0,-6844.032217969497
39775.0,-6844.001034175356
39776.0,-6843.969850381215
39777.0,-6843.938666587074
39778.0,-6843.9074827929335
39779.0,-6843.876298998793
39780.0,-6843.845115204652
39781.0,-6843.813931410511
39782.0,-6843.78274761637
39783.0,-6843.751563822229
39784.0,-6843.720380028089
39785.0,-6843.689196233948
39786.0,-6843.658012439807
39787.0,-6843.626828645666
39788.0,-6843.595644851525
39789.0,-6843.5644610573845
39790.0,-6843.533277263244
39791.0,-6843.502093469103
39792.0,-6843.470909674962
39793.0,-6843.439725880821
39794.0,-6843.40854208668
39795.0,-6843.37735829254
39796.0,-6843.346174498399
39797.0,-6843.314990704258
39798.0,-6843.283806910117
39799.0,-6843.252623115976
39800.0,-6843.2214393218355
39801.0,-6843.190255527695
39802.0,-6843.159071733554
39803.0,-6843.127887939413
39804.0,-6843.096704145272
39805.0,-6843.065520351131
39806.0,-6843.034336556991
39807.0,-6843.00315276285
39808.0,-6842.971968968709
39809.0,-6842.940785174568
39810.0,-6842.909601380427
39811.0,-6842.878417586287
39812.0,-6842.847233792146
39813.0,-6842.816049998005
39814.0,-6842.784866203864
39815.0,-6842.753682409723
39816.0,-6842.7224986155825
39817.0,-6842.691314821442
39818.0,-6842.660131027301
39819.0,-6842.62894723316
39820.0,-6842.597763439019
39821.0,-6842.566579644878
39822.0,-6842.535395850738
39823.0,-6842.504212056597
39824.0,-6842.473028262456
39825.0,-6842.441844468315
39826.0,-6842.410660674174
39827.0,-6842.3794768800335
39828.0,-6842.348293085893
39829.0,-6842.317109291752
39830.0,-6842.285925497611
39831.0,-6842.25474170347
39832.0,-6842.223557909329
39833.0,-6842.192374115189
39834.0,-6842.161190321048
39835.0,-6842.130006526907
39836.0,-6842.098822732766
39837.0,-6842.067638938625
39838.0,-6842.0364551444845
39839.0,-6842.005271350344
39840.0,-6841.974087556203
39841.0,-6841.942903762062
39842.0,-6841.911719967921
39843.0,-6841.8805361737805
39844.0,-6841.84935237964
39845.0,-6841.818168585499
39846.0,-6841.786984791358
39847.0,-6841.755800997217
39848.0,-6841.724617203076
39849.0,-6841.693433408936
39850.0,-6841.662249614795
39851.0,-6841.631065820654
39852.0,-6841.599882026513
39853.0,-6841.568698232372
39854.0,-6841.5375144382315
39855.0,-6841.506330644091
39856.0,-6841.47514684995
39857.0,-6841.443963055809
39858.0,-6841.412779261668
39859.0,-6841.381595467527
39860.0,-6841.350411673387
39861.0,-6841.319227879246
39862.0,-6841.288044085105
39863.0,-6841.256860290964
39864.0,-6841.225676496823
39865.0,-6841.1944927026825
39866.0,-6841.163308908542
39867.0,-6841.132125114401
39868.0,-6841.10094132026
39869.0,-6841.069757526119
39870.0,-6841.038573731978
39871.0,-6841.007389937838
39872.0,-6840.976206143697
39873.0,-6840.945022349556
39874.0,-6840.913838555415
39875.0,-6840.882654761274
39876.0,-6840.8514709671335
39877.0,-6840.820287172993
39878.0,-6840.789103378852
39879.0,-6840.757919584711
39880.0,-6840.72673579057
39881.0,-6840.6955519964295
39882.0,-6840.664368202289
39883.0,-6840.633184408148
39884.0,-6840.602000614007
39885.0,-6840.570816819866
39886.0,-6840.539633025725
39887.0,-6840.508449231585
39888.0,-6840.477265437444
39889.0,-6840.446081643303
39890.0,-6840.414897849162
39891.0,-6840.383714055021
39892.0,-6840.3525302608805
39893.0,-6840.32134646674
39894.0,-6840.290162672599
39895.0,-6840.258978878458
39896.0,-6840.227795084317
39897.0,-6840.196611290176
39898.0,-6840.165427496036
39899.0,-6840.134243701895
39900.0,-6840.103059907754
39901.0,-6840.071876113613
39902.0,-6840.040692319472
39903.0,-6840.0095085253315
39904.0,-6839.978324731191
39905.0,-6839.94714093705
39906.0,-6839.915957142909
39907.0,-6839.884773348768
39908.0,-6839.853589554627
39909.0,-6839.822405760487
39910.0,-6839.791221966346
39911.0,-6839.760038172205
39912.0,-6839.728854378064
39913.0,-6839.697670583923
39914.0,-6839.6664867897825
39915.0,-6839.635302995642
39916.0,-6839.604119201501
39917.0,-6839.57293540736
39918.0,-6839.541751613219
39919.0,-6839.5105678190785
39920.0,-6839.479384024938
39921.0,-6839.448200230797
39922.0,-6839.417016436656
39923.0,-6839.385832642515
39924.0,-6839.354648848374
39925.0,-6839.323465054234
39926.0,-6839.292281260093
39927.0,-6839.261097465952
39928.0,-6839.229913671811
39929.0,-6839.19872987767
39930.0,-6839.1675460835295
39931.0,-6839.136362289389
39932.0,-6839.105178495248
39933.0,-6839.073994701107
39934.0,-6839.042810906966
39935.0,-6839.011627112825
39936.0,-6838.980443318685
39937.0,-6838.998001078765
39938.0,-6839.015558838844
39939.0,-6839.033116598924
39940.0,-6839.050674359004
39941.0,-6839.068232119083
39942.0,-6839.085789879163
39943.0,-6839.103347639243
39944.0,-6839.1209053993225
39945.0,-6839.138463159402
39946.0,-6839.156020919482
39947.0,-6839.173578679562
39948.0,-6839.191136439641
39949.0,-6839.208694199721
39950.0,-6839.226251959801
39951.0,-6839.24380971988
39952.0,-6839.26136747996
39953.0,-6839.27892524004
39954.0,-6839.296483000119
39955.0,-6839.3140407601995
39956.0,-6839.331598520279
39957.0,-6839.349156280358
39958.0,-6839.366714040439
39959.0,-6839.384271800518
39960.0,-6839.401829560597
39961.0,-6839.419387320678
39962.0,-6839.436945080757
39963.0,-6839.4545028408365
39964.0,-6839.472060600917
39965.0,-6839.489618360996
39966.0,-6839.507176121076
39967.0,-6839.524733881156
39968.0,-6839.542291641235
39969.0,-6839.559849401315
39970.0,-6839.577407161395
39971.0,-6839.5949649214745
39972.0,-6839.612522681554
39973.0,-6839.630080441634
39974.0,-6839.647638201714
39975.0,-6839.665195961793
39976.0,-6839.682753721873
39977.0,-6839.700311481953
39978.0,-6839.717869242032
39979.0,-6839.735427002112
39980.0,-6839.752984762192
39981.0,-6839.770542522271
39982.0,-6839.7881002823515
39983.0,-6839.805658042431
39984.0,-6839.82321580251
39985.0,-6839.840773562591
39986.0,-6839.85833132267
39987.0,-6839.875889082749
39988.0,-6839.89344684283
39989.0,-6839.911004602909
39990.0,-6839.9285623629885
39991.0,-6839.946120123069
39992.0,-6839.963677883148
39993.0,-6839.981235643228
39994.0,-6839.998793403308
39995.0,-6840.016351163387
39996.0,-6840.033908923467
39997.0,-6840.051466683547
39998.0,-6840.069024443626
39999.0,-6840.086582203706
40000.0,-6840.104139963786
40001.0,-6840.1216977238655
40002.0,-6840.139255483945
40003.0,-6840.156813244025
40004.0,-6840.174371004105
40005.0,-6840.191928764184
40006.0,-6840.209486524264
40007.0,-6840.227044284344
40008.0,-6840.244602044423
40009.0,-6840.262159804503
40010.0,-6840.279717564583
40011.0,-6840.297275324662
40012.0,-6840.3148330847425
40013.0,-6840.332390844822
40014.0,-6840.349948604901
40015.0,-6840.367506364982
40016.0,-6840.385064125061
40017.0,-6840.40262188514
40018.0,-6840.420179645221
40019.0,-6840.4377374053
40020.0,-6840.4552951653795
40021.0,-6840.47285292546
40022.0,-6840.490410685539
40023.0,-6840.507968445619
40024.0,-6840.525526205699
40025.0,-6840.543083965778
40026.0,-6840.560641725858
40027.0,-6840.578199485938
40028.0,-6840.5957572460175
40029.0,-6840.613315006097
40030.0,-6840.630872766177
40031.0,-6840.648430526257
40032.0,-6840.665988286336
40033.0,-6840.683546046416
40034.0,-6840.701103806496
40035.0,-6840.718661566575
40036.0,-6840.736219326655
40037.0,-6840.753777086735
40038.0,-6840.771334846814
40039.0,-6840.7888926068945
40040.0,-6840.806450366974
40041.0,-6840.824008127053
40042.0,-6840.841565887134
40043.0,-6840.859123647213
40044.0,-6840.876681407292
40045.0,-6840.894239167373
40046.0,-6840.911796927452
40047.0,-6840.9293546875315
40048.0,-6840.946912447612
40049.0,-6840.964470207691
40050.0,-6840.982027967771
40051.0,-6840.999585727851
40052.0,-6841.01714348793
40053.0,-6841.03470124801
40054.0,-6841.05225900809
40055.0,-6841.069816768169
40056.0,-6841.087374528249
40057.0,-6841.104932288329
40058.0,-6841.1224900484085
40059.0,-6841.140047808488
40060.0,-6841.157605568568
40061.0,-6841.175163328648
40062.0,-6841.192721088727
40063.0,-6841.210278848807
40064.0,-6841.227836608887
40065.0,-6841.245394368966
40066.0,-6841.262952129046
40067.0,-6841.280509889126
40068.0,-6841.298067649205
40069.0,-6841.3156254092855
40070.0,-6841.333183169365
40071.0,-6841.350740929444
40072.0,-6841.368298689525
40073.0,-6841.385856449604
40074.0,-6841.403414209683
40075.0,-6841.420971969764
40076.0,-6841.438529729843
40077.0,-6841.4560874899225
40078.0,-6841.473645250003
40079.0,-6841.491203010082
40080.0,-6841.508760770162
40081.0,-6841.526318530242
40082.0,-6841.543876290321
40083.0,-6841.561434050401
40084.0,-6841.578991810481
40085.0,-6841.5965495705605
40086.0,-6841.61410733064
40087.0,-6841.63166509072
40088.0,-6841.6492228508
40089.0,-6841.666780610879
40090.0,-6841.684338370959
40091.0,-6841.701896131039
40092.0,-6841.719453891118
40093.0,-6841.737011651198
40094.0,-6841.754569411278
40095.0,-6841.772127171357
40096.0,-6841.7896849314375
40097.0,-6841.807242691517
40098.0,-6841.824800451596
40099.0,-6841.842358211677
40100.0,-6841.859915971756
40101.0,-6841.877473731835
40102.0,-6841.895031491916
40103.0,-6841.912589251995
40104.0,-6841.9301470120745
40105.0,-6841.947704772155
40106.0,-6841.965262532234
40107.0,-6841.982820292314
40108.0,-6842.000378052394
40109.0,-6842.017935812473
40110.0,-6842.035493572553
40111.0,-6842.053051332633
40112.0,-6842.070609092712
40113.0,-6842.088166852792
40114.0,-6842.105724612872
40115.0,-6842.1232823729515
40116.0,-6842.140840133031
40117.0,-6842.158397893111
40118.0,-6842.175955653191
40119.0,-6842.19351341327
40120.0,-6842.21107117335
40121.0,-6842.22862893343
40122.0,-6842.246186693509
40123.0,-6842.263744453589
40124.0,-6842.281302213669
40125.0,-6842.298859973748
40126.0,-6842.3164177338285
40127.0,-6842.333975493908
40128.0,-6842.351533253987
40129.0,-6842.369091014068
40130.0,-6842.386648774147
40131.0,-6842.404206534226
40132.0,-6842.421764294307
40133.0,-6842.439322054386
40134.0,-6842.4568798144655
40135.0,-6842.474437574546
40136.0,-6842.491995334625
40137.0,-6842.509553094705
40138.0,-6842.527110854785
40139.0,-6842.544668614864
40140.0,-6842.562226374944
40141.0,-6842.579784135024
40142.0,-6842.597341895103
40143.0,-6842.614899655183
40144.0,-6842.632457415263
40145.0,-6842.650015175343
40146.0,-6842.667572935422
40147.0,-6842.685130695502
40148.0,-6842.702688455582
40149.0,-6842.720246215661
40150.0,-6842.737803975741
40151.0,-6842.755361735821
40152.0,-6842.7729194959
40153.0,-6842.7904772559805
40154.0,-6842.80803501606
40155.0,-6842.825592776139
40156.0,-6842.84315053622
40157.0,-6842.860708296299
40158.0,-6842.878266056378
40159.0,-6842.895823816459
40160.0,-6842.913381576538
40161.0,-6842.9309393366175
40162.0,-6842.948497096698
40163.0,-6842.966054856777
40164.0,-6842.983612616857
40165.0,-6843.001170376937
40166.0,-6843.018728137016
40167.0,-6843.036285897096
40168.0,-6843.053843657176
40169.0,-6843.071401417255
40170.0,-6843.088959177335
40171.0,-6843.106516937415
40172.0,-6843.1240746974945
40173.0,-6843.141632457574
40174.0,-6843.159190217654
40175.0,-6843.176747977734
40176.0,-6843.194305737813
40177.0,-6843.211863497893
40178.0,-6843.229421257973
40179.0,-6843.246979018052
40180.0,-6843.264536778132
40181.0,-6843.282094538212
40182.0,-6843.299652298291
40183.0,-6843.3172100583715
40184.0,-6843.334767818451
40185.0,-6843.35232557853
40186.0,-6843.369883338611
40187.0,-6843.38744109869
40188.0,-6843.404998858769
40189.0,-6843.42255661885
40190.0,-6843.440114378929
40191.0,-6843.4576721390085
40192.0,-6843.475229899089
40193.0,-6843.492787659168
40194.0,-6843.510345419248
40195.0,-6843.527903179328
40196.0,-6843.545460939407
40197.0,-6843.563018699487
40198.0,-6843.580576459567
40199.0,-6843.598134219646
40200.0,-6843.615691979726
40201.0,-6843.633249739806
40202.0,-6843.650807499886
40203.0,-6843.668365259965
40204.0,-6843.685923020045
40205.0,-6843.703480780125
40206.0,-6843.721038540204
40207.0,-6843.738596300284
40208.0,-6843.756154060364
40209.0,-6843.773711820443
40210.0,-6843.7912695805235
40211.0,-6843.808827340603
40212.0,-6843.826385100682
40213.0,-6843.843942860763
40214.0,-6843.861500620842
40215.0,-6843.879058380921
40216.0,-6843.896616141002
40217.0,-6843.914173901081
40218.0,-6843.9317316611605
40219.0,-6843.949289421241
40220.0,-6843.96684718132
40221.0,-6843.9844049414
40222.0,-6844.00196270148
40223.0,-6844.019520461559
40224.0,-6844.037078221639
40225.0,-6844.054635981719
40226.0,-6844.072193741798
40227.0,-6844.089751501878
40228.0,-6844.107309261958
40229.0,-6844.1248670220375
40230.0,-6844.142424782117
40231.0,-6844.159982542197
40232.0,-6844.177540302277
40233.0,-6844.195098062356
40234.0,-6844.212655822436
40235.0,-6844.230213582516
40236.0,-6844.247771342595
40237.0,-6844.265329102675
40238.0,-6844.282886862755
40239.0,-6844.300444622834
40240.0,-6844.3180023829145
40241.0,-6844.335560142994
40242.0,-6844.353117903073
40243.0,-6844.370675663154
40244.0,-6844.388233423233
40245.0,-6844.405791183312
40246.0,-6844.423348943393
40247.0,-6844.440906703472
40248.0,-6844.4584644635515
40249.0,-6844.476022223632
40250.0,-6844.493579983711
40251.0,-6844.511137743791
40252.0,-6844.528695503871
40253.0,-6844.54625326395
40254.0,-6844.56381102403
40255.0,-6844.58136878411
40256.0,-6844.598926544189
40257.0,-6844.616484304269
40258.0,-6844.634042064349
40259.0,-6844.651599824429
40260.0,-6844.669157584508
40261.0,-6844.686715344588
40262.0,-6844.704273104668
40263.0,-6844.721830864747
40264.0,-6844.739388624827
40265.0,-6844.756946384907
40266.0,-6844.774504144986
40267.0,-6844.7920619050665
40268.0,-6844.809619665146
40269.0,-6844.827177425225
40270.0,-6844.844735185306
40271.0,-6844.862292945385
40272.0,-6844.879850705464
40273.0,-6844.897408465545
40274.0,-6844.914966225624
40275.0,-6844.9325239857035
40276.0,-6844.950081745784
40277.0,-6844.967639505863
40278.0,-6844.985197265943
40279.0,-6845.002755026023
40280.0,-6845.020312786102
40281.0,-6845.037870546182
40282.0,-6845.055428306262
40283.0,-6845.072986066341
40284.0,-6845.090543826421
40285.0,-6845.108101586501
40286.0,-6845.1256593465805
40287.0,-6845.14321710666
40288.0,-6845.16077486674
40289.0,-6845.17833262682
40290.0,-6845.195890386899
40291.0,-6845.213448146979
40292.0,-6845.231005907059
40293.0,-6845.248563667138
40294.0,-6845.266121427218
40295.0,-6845.283679187298
40296.0,-6845.301236947377
40297.0,-6845.3187947074575
40298.0,-6845.336352467537
40299.0,-6845.353910227616
40300.0,-6845.371467987697
40301.0,-6845.389025747776
40302.0,-6845.406583507855
40303.0,-6845.424141267936
40304.0,-6845.441699028015
40305.0,-6845.4592567880945
40306.0,-6845.476814548175
40307.0,-6845.494372308254
40308.0,-6845.511930068334
40309.0,-6845.529487828414
40310.0,-6845.547045588493
40311.0,-6845.564603348573
40312.0,-6845.582161108653
40313.0,-6845.599718868732
40314.0,-6845.617276628812
40315.0,-6845.634834388892
40316.0,-6845.652392148972
40317.0,-6845.669949909051
40318.0,-6845.687507669131
40319.0,-6845.705065429211
40320.0,-6845.72262318929
40321.0,-6845.74018094937
40322.0,-6845.75773870945
40323.0,-6845.775296469529
40324.0,-6845.7928542296095
40325.0,-6845.810411989689
40326.0,-6845.827969749768
40327.0,-6845.845527509849
40328.0,-6845.863085269928
40329.0,-6845.880643030007
40330.0,-6845.898200790088
40331.0,-6845.915758550167
40332.0,-6845.9333163102465
40333.0,-6845.950874070327
40334.0,-6845.968431830406
40335.0,-6845.985989590486
40336.0,-6846.003547350566
40337.0,-6846.021105110645
40338.0,-6846.038662870725
40339.0,-6846.056220630805
40340.0,-6846.073778390884
40341.0,-6846.091336150964
40342.0,-6846.108893911044
40343.0,-6846.1264516711235
40344.0,-6846.144009431203
40345.0,-6846.161567191283
40346.0,-6846.179124951363
40347.0,-6846.196682711442
40348.0,-6846.214240471522
40349.0,-6846.231798231602
40350.0,-6846.249355991681
40351.0,-6846.266913751761
40352.0,-6846.284471511841
40353.0,-6846.30202927192
40354.0,-6846.3195870320005
40355.0,-6846.33714479208
40356.0,-6846.354702552159
40357.0,-6846.37226031224
40358.0,-6846.389818072319
40359.0,-6846.407375832398
40360.0,-6846.424933592479
40361.0,-6846.442491352558
40362.0,-6846.4600491126375
40363.0,-6846.477606872718
40364.0,-6846.495164632797
40365.0,-6846.512722392877
40366.0,-6846.530280152957
40367.0,-6846.547837913036
40368.0,-6846.565395673116
40369.0,-6846.582953433196
40370.0,-6846.600511193275
40371.0,-6846.618068953355
40372.0,-6846.635626713435
40373.0,-6846.653184473515
40374.0,-6846.670742233594
40375.0,-6846.688299993674
40376.0,-6846.705857753754
40377.0,-6846.723415513833
40378.0,-6846.740973273913
40379.0,-6846.758531033993
40380.0,-6846.776088794072
40381.0,-6846.7936465541525
40382.0,-6846.811204314232
40383.0,-6846.828762074311
40384.0,-6846.846319834392
40385.0,-6846.863877594471
40386.0,-6846.88143535455
40387.0,-6846.898993114631
40388.0,-6846.91655087471
40389.0,-6846.9341086347895
40390.0,-6846.95166639487
40391.0,-6846.969224154949
40392.0,-6846.986781915029
40393.0,-6847.004339675109
40394.0,-6847.021897435188
40395.0,-6847.039455195268
40396.0,-6847.057012955348
40397.0,-6847.074570715427
40398.0,-6847.092128475507
40399.0,-6847.109686235587
40400.0,-6847.1272439956665
40401.0,-6847.144801755746
40402.0,-6847.162359515826
40403.0,-6847.179917275906
40404.0,-6847.197475035985
40405.0,-6847.215032796065
40406.0,-6847.232590556145
40407.0,-6847.250148316224
40408.0,-6847.267706076304
40409.0,-6847.285263836384
40410.0,-6847.302821596463
40411.0,-6847.3203793565435
40412.0,-6847.337937116623
40413.0,-6847.355494876702
40414.0,-6847.373052636783
40415.0,-6847.390610396862
40416.0,-6847.408168156941
40417.0,-6847.425725917022
40418.0,-6847.443283677101
40419.0,-6847.4608414371805
40420.0,-6847.478399197261
40421.0,-6847.49595695734
40422.0,-6847.51351471742
40423.0,-6847.5310724775
40424.0,-6847.548630237579
40425.0,-6847.566187997659
40426.0,-6847.583745757739
40427.0,-6847.601303517818
40428.0,-6847.618861277898
40429.0,-6847.636419037978
40430.0,-6847.653976798058
40431.0,-6847.671534558137
40432.0,-6847.689092318217
40433.0,-6847.706650078297
40434.0,-6847.724207838376
40435.0,-6847.741765598456
40436.0,-6847.759323358536
40437.0,-6847.776881118615
40438.0,-6847.7944388786955
40439.0,-6847.811996638775
40440.0,-6847.829554398854
40441.0,-6847.847112158935
40442.0,-6847.864669919014
40443.0,-6847.882227679093
40444.0,-6847.899785439174
40445.0,-6847.917343199253
40446.0,-6847.9349009593325
40447.0,-6847.952458719413
40448.0,-6847.970016479492
40449.0,-6847.987574239572
40450.0,-6848.005131999652
40451.0,-6848.022689759731
40452.0,-6848.040247519811
40453.0,-6848.057805279891
40454.0,-6848.07536303997
40455.0,-6848.09292080005
40456.0,-6848.11047856013
40457.0,-6848.1280363202095
40458.0,-6848.145594080289
40459.0,-6848.163151840369
40460.0,-6848.180709600449
40461.0,-6848.198267360528
40462.0,-6848.215825120608
40463.0,-6848.233382880688
40464.0,-6848.250940640767
40465.0,-6848.268498400847
40466.0,-6848.286056160927
40467.0,-6848.303613921006
40468.0,-6848.3211716810865
40469.0,-6848.338729441166
40470.0,-6848.356287201245
40471.0,-6848.373844961326
40472.0,-6848.391402721405
40473.0,-6848.408960481484
40474.0,-6848.426518241565
40475.0,-6848.444076001644
40476.0,-6848.4616337617235
40477.0,-6848.479191521804
40478.0,-6848.496749281883
40479.0,-6848.514307041963
40480.0,-6848.531864802043
40481.0,-6848.549422562122
40482.0,-6848.566980322202
40483.0,-6848.584538082282
40484.0,-6848.602095842361
40485.0,-6848.619653602441
40486.0,-6848.637211362521
40487.0,-6848.654769122601
40488.0,-6848.67232688268
40489.0,-6848.68988464276
40490.0,-6848.70744240284
40491.0,-6848.725000162919
40492.0,-6848.742557922999
40493.0,-6848.760115683079
40494.0,-6848.777673443158
40495.0,-6848.7952312032385
40496.0,-6848.812788963318
40497.0,-6848.830346723397
40498.0,-6848.847904483478
40499.0,-6848.865462243557
40500.0,-6848.883020003636
40501.0,-6848.900577763717
40502.0,-6848.918135523796
40503.0,-6848.9356932838755
40504.0,-6848.953251043956
40505.0,-6848.970808804035
40506.0,-6848.988366564115
40507.0,-6849.005924324195
40508.0,-6849.023482084274
40509.0,-6849.041039844354
40510.0,-6849.058597604434
40511.0,-6849.076155364513
40512.0,-6849.093713124593
40513.0,-6849.111270884673
40514.0,-6849.1288286447525
40515.0,-6849.146386404832
40516.0,-6849.163944164912
40517.0,-6849.181501924992
40518.0,-6849.199059685071
40519.0,-6849.216617445151
40520.0,-6849.234175205231
40521.0,-6849.25173296531
40522.0,-6849.26929072539
40523.0,-6849.28684848547
40524.0,-6849.304406245549
40525.0,-6849.3219640056295
40526.0,-6849.339521765709
40527.0,-6849.357079525788
40528.0,-6849.374637285869
40529.0,-6849.392195045948
40530.0,-6849.409752806027
40531.0,-6849.427310566108
40532.0,-6849.444868326187
40533.0,-6849.4624260862665
40534.0,-6849.479983846347
40535.0,-6849.497541606426
40536.0,-6849.515099366506
40537.0,-6849.532657126586
40538.0,-6849.550214886665
40539.0,-6849.567772646745
40540.0,-6849.585330406825
40541.0,-6849.602888166904
40542.0,-6849.620445926984
40543.0,-6849.638003687064
40544.0,-6849.655561447144
40545.0,-6849.673119207223
40546.0,-6849.690676967303
40547.0,-6849.708234727383
40548.0,-6849.725792487462
40549.0,-6849.743350247542
40550.0,-6849.760908007622
40551.0,-6849.778465767701
40552.0,-6849.7960235277815
40553.0,-6849.813581287861
40554.0,-6849.83113904794
40555.0,-6849.848696808021
40556.0,-6849.8662545681
40557.0,-6849.883812328179
40558.0,-6849.90137008826
40559.0,-6849.918927848339
40560.0,-6849.9364856084185
40561.0,-6849.954043368499
40562.0,-6849.971601128578
40563.0,-6849.989158888658
40564.0,-6850.006716648738
40565.0,-6850.024274408817
40566.0,-6850.041832168897
40567.0,-6850.059389928977
40568.0,-6850.076947689056
40569.0,-6850.094505449136
40570.0,-6850.112063209216
40571.0,-6850.1296209692955
40572.0,-6850.147178729375
40573.0,-6850.164736489455
40574.0,-6850.182294249535
40575.0,-6850.199852009614
40576.0,-6850.217409769694
40577.0,-6850.234967529774
40578.0,-6850.252525289853
40579.0,-6850.270083049933
40580.0,-6850.287640810013
40581.0,-6850.305198570092
40582.0,-6850.3227563301725
40583.0,-6850.340314090252
40584.0,-6850.357871850331
40585.0,-6850.375429610412
40586.0,-6850.392987370491
40587.0,-6850.41054513057
40588.0,-6850.428102890651
40589.0,-6850.44566065073
40590.0,-6850.4632184108095
40591.0,-6850.48077617089
40592.0,-6850.498333930969
40593.0,-6850.515891691049
40594.0,-6850.533449451129
40595.0,-6850.551007211208
40596.0,-6850.568564971288
40597.0,-6850.586122731368
40598.0,-6850.603680491447
40599.0,-6850.621238251527
40600.0,-6850.638796011607
40601.0,-6850.656353771687
40602.0,-6850.673911531766
40603.0,-6850.691469291846
40604.0,-6850.709027051926
40605.0,-6850.726584812005
40606.0,-6850.744142572085
40607.0,-6850.761700332165
40608.0,-6850.779258092244
40609.0,-6850.7968158523245
40610.0,-6850.814373612404
40611.0,-6850.831931372483
40612.0,-6850.849489132564
40613.0,-6850.867046892643
40614.0,-6850.884604652722
40615.0,-6850.902162412803
40616.0,-6850.919720172882
40617.0,-6850.9372779329615
40618.0,-6850.954835693042
40619.0,-6850.972393453121
40620.0,-6850.989951213201
40621.0,-6851.007508973281
40622.0,-6851.02506673336
40623.0,-6851.04262449344
40624.0,-6851.06018225352
40625.0,-6851.077740013599
40626.0,-6851.095297773679
40627.0,-6851.112855533759
40628.0,-6851.1304132938385
40629.0,-6851.147971053918
40630.0,-6851.165528813998
40631.0,-6851.183086574078
40632.0,-6851.200644334157
40633.0,-6851.218202094237
40634.0,-6851.235759854317
40635.0,-6851.253317614396
40636.0,-6851.270875374476
40637.0,-6851.288433134556
40638.0,-6851.305990894635
40639.0,-6851.3235486547155
40640.0,-6851.341106414795
40641.0,-6851.358664174874
40642.0,-6851.376221934955
40643.0,-6851.393779695034
40644.0,-6851.411337455113
40645.0,-6851.428895215194
40646.0,-6851.446452975273
40647.0,-6851.4640107353525
40648.0,-6851.481568495433
40649.0,-6851.499126255512
40650.0,-6851.516684015592
40651.0,-6851.534241775672
40652.0,-6851.551799535751
40653.0,-6851.569357295831
40654.0,-6851.586915055911
40655.0,-6851.60447281599
40656.0,-6851.62203057607
40657.0,-6851.63958833615
40658.0,-6851.65714609623
40659.0,-6851.674703856309
40660.0,-6851.692261616389
40661.0,-6851.709819376469
40662.0,-6851.727377136548
40663.0,-6851.744934896628
40664.0,-6851.762492656708
40665.0,-6851.780050416787
40666.0,-6851.7976081768675
40667.0,-6851.815165936947
40668.0,-6851.832723697026
40669.0,-6851.850281457107
40670.0,-6851.867839217186
40671.0,-6851.885396977265
40672.0,-6851.902954737346
40673.0,-6851.920512497425
40674.0,-6851.9380702575045
40675.0,-6851.955628017585
40676.0,-6851.973185777664
40677.0,-6851.990743537744
40678.0,-6852.008301297824
40679.0,-6852.025859057903
40680.0,-6852.043416817983
40681.0,-6852.060974578063
40682.0,-6852.078532338142
40683.0,-6852.096090098222
40684.0,-6852.113647858302
40685.0,-6852.1312056183815
40686.0,-6852.148763378461
40687.0,-6852.166321138541
40688.0,-6852.183878898621
40689.0,-6852.2014366587
40690.0,-6852.21899441878
40691.0,-6852.23655217886
40692.0,-6852.254109938939
40693.0,-6852.271667699019
40694.0,-6852.289225459099
40695.0,-6852.306783219178
40696.0,-6852.3243409792585
40697.0,-6852.341898739338
40698.0,-6852.359456499417
40699.0,-6852.377014259498
40700.0,-6852.394572019577
40701.0,-6852.412129779656
40702.0,-6852.429687539737
40703.0,-6852.447245299816
40704.0,-6852.4648030598955
40705.0,-6852.482360819976
40706.0,-6852.499918580055
40707.0,-6852.517476340135
40708.0,-6852.535034100215
40709.0,-6852.552591860294
40710.0,-6852.570149620374
40711.0,-6852.587707380454
40712.0,-6852.605265140533
40713.0,-6852.622822900613
40714.0,-6852.640380660693
40715.0,-6852.657938420773
40716.0,-6852.675496180852
40717.0,-6852.693053940932
40718.0,-6852.710611701012
40719.0,-6852.728169461091
40720.0,-6852.745727221171
40721.0,-6852.763284981251
40722.0,-6852.78084274133
40723.0,-6852.7984005014105
40724.0,-6852.81595826149
40725.0,-6852.833516021569
40726.0,-6852.85107378165
40727.0,-6852.868631541729
40728.0,-6852.886189301808
40729.0,-6852.903747061889
40730.0,-6852.921304821968
40731.0,-6852.9388625820475
40732.0,-6852.956420342128
40733.0,-6852.973978102207
40734.0,-6852.991535862287
40735.0,-6853.009093622367
40736.0,-6853.026651382446
40737.0,-6853.044209142526
40738.0,-6853.061766902606
40739.0,-6853.079324662685
40740.0,-6853.096882422765
40741.0,-6853.114440182845
40742.0,-6853.1319979429245
40743.0,-6853.149555703004
40744.0,-6853.167113463084
40745.0,-6853.184671223164
40746.0,-6853.202228983243
40747.0,-6853.219786743323
40748.0,-6853.237344503403
40749.0,-6853.254902263482
40750.0,-6853.272460023562
40751.0,-6853.290017783642
40752.0,-6853.307575543721
40753.0,-6853.3251333038015
40754.0,-6853.342691063881
40755.0,-6853.36024882396
40756.0,-6853.377806584041
40757.0,-6853.39536434412
40758.0,-6853.412922104199
40759.0,-6853.43047986428
40760.0,-6853.448037624359
40761.0,-6853.4655953844385
40762.0,-6853.483153144519
40763.0,-6853.500710904598
40764.0,-6853.518268664678
40765.0,-6853.535826424758
40766.0,-6853.553384184837
40767.0,-6853.570941944917
40768.0,-6853.588499704997
40769.0,-6853.606057465076
40770.0,-6853.623615225156
40771.0,-6853.641172985236
40772.0,-6853.658730745316
40773.0,-6853.676288505395
40774.0,-6853.693846265475
40775.0,-6853.711404025555
40776.0,-6853.728961785634
40777.0,-6853.746519545714
40778.0,-6853.764077305794
40779.0,-6853.781635065873
40780.0,-6853.7991928259535
40781.0,-6853.816750586033
40782.0,-6853.834308346112
40783.0,-6853.851866106193
40784.0,-6853.869423866272
40785.0,-6853.886981626351
40786.0,-6853.904539386432
40787.0,-6853.922097146511
40788.0,-6853.9396549065905
40789.0,-6853.957212666671
40790.0,-6853.97477042675
40791.0,-6853.99232818683
40792.0,-6854.00988594691
40793.0,-6854.027443706989
40794.0,-6854.045001467069
40795.0,-6854.062559227149
40796.0,-6854.080116987228
40797.0,-6854.097674747308
40798.0,-6854.115232507388
40799.0,-6854.1327902674675
40800.0,-6854.150348027547
40801.0,-6854.167905787627
40802.0,-6854.185463547707
40803.0,-6854.203021307786
40804.0,-6854.220579067866
40805.0,-6854.238136827946
40806.0,-6854.255694588025
40807.0,-6854.273252348105
40808.0,-6854.290810108185
40809.0,-6854.308367868264
40810.0,-6854.3259256283445
40811.0,-6854.343483388424
40812.0,-6854.361041148503
40813.0,-6854.378598908584
40814.0,-6854.396156668663
40815.0,-6854.413714428742
40816.0,-6854.431272188823
40817.0,-6854.448829948902
40818.0,-6854.4663877089815
40819.0,-6854.483945469062
40820.0,-6854.501503229141
40821.0,-6854.519060989221
40822.0,-6854.536618749301
40823.0,-6854.55417650938
40824.0,-6854.57173426946
40825.0,-6854.58929202954
40826.0,-6854.606849789619
40827.0,-6854.624407549699
40828.0,-6854.641965309779
40829.0,-6854.659523069859
40830.0,-6854.677080829938
40831.0,-6854.694638590018
40832.0,-6854.712196350098
40833.0,-6854.729754110177
40834.0,-6854.747311870257
40835.0,-6854.764869630337
40836.0,-6854.782427390416
40837.0,-6854.7999851504965
40838.0,-6854.817542910576
40839.0,-6854.835100670655
40840.0,-6854.852658430736
40841.0,-6854.870216190815
40842.0,-6854.887773950894
40843.0,-6854.905331710975
40844.0,-6854.922889471054
40845.0,-6854.9404472311335
40846.0,-6854.958004991214
40847.0,-6854.975562751293
40848.0,-6854.993120511373
40849.0,-6855.010678271453
40850.0,-6855.028236031532
40851.0,-6855.045793791612
40852.0,-6855.063351551692
40853.0,-6855.080909311771
40854.0,-6855.098467071851
40855.0,-6855.116024831931
40856.0,-6855.1335825920105
40857.0,-6855.15114035209
40858.0,-6855.16869811217
40859.0,-6855.18625587225
40860.0,-6855.203813632329
40861.0,-6855.221371392409
40862.0,-6855.238929152489
40863.0,-6855.256486912568
40864.0,-6855.274044672648
40865.0,-6855.291602432728
40866.0,-6855.309160192807
40867.0,-6855.3267179528875
40868.0,-6855.344275712967
40869.0,-6855.361833473046
40870.0,-6855.379391233127
40871.0,-6855.396948993206
40872.0,-6855.414506753285
40873.0,-6855.432064513366
40874.0,-6855.449622273445
40875.0,-6855.4671800335245
40876.0,-6855.484737793605
40877.0,-6855.502295553684
40878.0,-6855.519853313764
40879.0,-6855.537411073844
40880.0,-6855.554968833923
40881.0,-6855.572526594003
40882.0,-6855.590084354083
40883.0,-6855.607642114162
40884.0,-6855.625199874242
40885.0,-6855.642757634322
40886.0,-6855.660315394402
40887.0,-6855.677873154481
40888.0,-6855.695430914561
40889.0,-6855.712988674641
40890.0,-6855.73054643472
40891.0,-6855.7481041948
40892.0,-6855.76566195488
40893.0,-6855.783219714959
40894.0,-6855.8007774750395
40895.0,-6855.818335235119
40896.0,-6855.835892995198
40897.0,-6855.853450755279
40898.0,-6855.871008515358
40899.0,-6855.888566275437
40900.0,-6855.906124035518
40901.0,-6855.923681795597
40902.0,-6855.9412395556765
40903.0,-6855.958797315757
40904.0,-6855.976355075836
40905.0,-6855.993912835916
40906.0,-6856.011470595996
40907.0,-6856.029028356075
40908.0,-6856.046586116155
40909.0,-6856.064143876235
40910.0,-6856.081701636314
40911.0,-6856.099259396394
40912.0,-6856.116817156474
40913.0,-6856.1343749165535
40914.0,-6856.151932676633
40915.0,-6856.169490436713
40916.0,-6856.187048196793
40917.0,-6856.204605956872
40918.0,-6856.222163716952
40919.0,-6856.239721477032
40920.0,-6856.257279237111
40921.0,-6856.274836997191
40922.0,-6856.292394757271
40923.0,-6856.30995251735
40924.0,-6856.3275102774305
40925.0,-6856.34506803751
40926.0,-6856.362625797589
40927.0,-6856.38018355767
40928.0,-6856.397741317749
40929.0,-6856.415299077828
40930.0,-6856.432856837909
40931.0,-6856.450414597988
40932.0,-6856.4679723580675
40933.0,-6856.485530118148
40934.0,-6856.503087878227
40935.0,-6856.520645638307
40936.0,-6856.538203398387
40937.0,-6856.555761158466
40938.0,-6856.573318918546
40939.0,-6856.590876678626
40940.0,-6856.608434438705
40941.0,-6856.625992198785
40942.0,-6856.643549958865
40943.0,-6856.661107718945
40944.0,-6856.678665479024
40945.0,-6856.696223239104
40946.0,-6856.713780999184
40947.0,-6856.731338759263
40948.0,-6856.748896519343
40949.0,-6856.766454279423
40950.0,-6856.784012039502
40951.0,-6856.8015697995825
40952.0,-6856.819127559662
40953.0,-6856.836685319741
40954.0,-6856.854243079822
40955.0,-6856.871800839901
40956.0,-6856.88935859998
40957.0,-6856.906916360061
40958.0,-6856.92447412014
40959.0,-6856.9420318802195
40960.0,-6856.9595896403
40961.0,-6857.000276103616
40962.0,-6857.040962566932
40963.0,-6857.081649030249
40964.0,-6857.122335493565
40965.0,-6857.163021956881
40966.0,-6857.2037084201975
40967.0,-6857.244394883513
40968.0,-6857.285081346829
40969.0,-6857.325767810146
40970.0,-6857.366454273462
40971.0,-6857.407140736778
40972.0,-6857.447827200095
40973.0,-6857.488513663411
40974.0,-6857.529200126727
40975.0,-6857.569886590044
40976.0,-6857.61057305336
40977.0,-6857.651259516676
40978.0,-6857.691945979993
40979.0,-6857.732632443309
40980.0,-6857.773318906625
40981.0,-6857.814005369942
40982.0,-6857.854691833258
40983.0,-6857.895378296574
40984.0,-6857.9360647598905
40985.0,-6857.9767512232065
40986.0,-6858.0174376865225
40987.0,-6858.058124149839
40988.0,-6858.098810613155
40989.0,-6858.139497076471
40990.0,-6858.180183539788
40991.0,-6858.220870003104
40992.0,-6858.26155646642
40993.0,-6858.302242929737
40994.0,-6858.342929393053
40995.0,-6858.383615856369
40996.0,-6858.424302319686
40997.0,-6858.464988783002
40998.0,-6858.505675246318
40999.0,-6858.546361709635
41000.0,-6858.587048172951
41001.0,-6858.627734636267
41002.0,-6858.668421099584
41003.0,-6858.7091075629
41004.0,-6858.749794026216
41005.0,-6858.7904804895325
41006.0,-6858.831166952848
41007.0,-6858.871853416164
41008.0,-6858.912539879481
41009.0,-6858.953226342797
41010.0,-6858.993912806113
41011.0,-6859.03459926943
41012.0,-6859.075285732746
41013.0,-6859.115972196062
41014.0,-6859.156658659379
41015.0,-6859.197345122695
41016.0,-6859.238031586011
41017.0,-6859.278718049328
41018.0,-6859.319404512644
41019.0,-6859.36009097596
41020.0,-6859.400777439277
41021.0,-6859.441463902593
41022.0,-6859.482150365909
41023.0,-6859.5228368292255
41024.0,-6859.5635232925415
41025.0,-6859.6042097558575
41026.0,-6859.644896219174
41027.0,-6859.68558268249
41028.0,-6859.726269145806
41029.0,-6859.766955609123
41030.0,-6859.807642072439
41031.0,-6859.848328535755
41032.0,-6859.889014999072
41033.0,-6859.929701462388
41034.0,-6859.970387925704
41035.0,-6860.011074389021
41036.0,-6860.051760852337
41037.0,-6860.092447315653
41038.0,-6860.13313377897
41039.0,-6860.173820242286
41040.0,-6860.214506705602
41041.0,-6860.255193168919
41042.0,-6860.295879632235
41043.0,-6860.336566095551
41044.0,-6860.377252558867
41045.0,-6860.417939022183
41046.0,-6860.458625485499
41047.0,-6860.499311948816
41048.0,-6860.539998412132
41049.0,-6860.580684875448
41050.0,-6860.621371338765
41051.0,-6860.662057802081
41052.0,-6860.702744265397
41053.0,-6860.743430728714
41054.0,-6860.78411719203
41055.0,-6860.824803655346
41056.0,-6860.865490118663
41057.0,-6860.906176581979
41058.0,-6860.946863045295
41059.0,-6860.987549508612
41060.0,-6861.028235971928
41061.0,-6861.068922435244
41062.0,-6861.1096088985605
41063.0,-6861.1502953618765
41064.0,-6861.1909818251925
41065.0,-6861.231668288509
41066.0,-6861.272354751825
41067.0,-6861.313041215141
41068.0,-6861.353727678458
41069.0,-6861.394414141774
41070.0,-6861.43510060509
41071.0,-6861.475787068407
41072.0,-6861.516473531723
41073.0,-6861.557159995039
41074.0,-6861.597846458356
41075.0,-6861.638532921672
41076.0,-6861.679219384988
41077.0,-6861.719905848305
41078.0,-6861.760592311621
41079.0,-6861.801278774937
41080.0,-6861.841965238254
41081.0,-6861.88265170157
41082.0,-6861.9233381648855
41083.0,-6861.964024628202
41084.0,-6862.004711091518
41085.0,-6862.045397554834
41086.0,-6862.086084018151
41087.0,-6862.126770481467
41088.0,-6862.167456944783
41089.0,-6862.2081434081
41090.0,-6862.248829871416
41091.0,-6862.289516334732
41092.0,-6862.330202798049
41093.0,-6862.370889261365
41094.0,-6862.411575724681
41095.0,-6862.452262187998
41096.0,-6862.492948651314
41097.0,-6862.53363511463
41098.0,-6862.574321577947
41099.0,-6862.615008041263
41100.0,-6862.655694504579
41101.0,-6862.6963809678955
41102.0,-6862.7370674312115
41103.0,-6862.777753894527
41104.0,-6862.818440357844
41105.0,-6862.85912682116
41106.0,-6862.899813284476
41107.0,-6862.940499747793
41108.0,-6862.981186211109
41109.0,-6863.021872674425
41110.0,-6863.062559137742
41111.0,-6863.103245601058
41112.0,-6863.143932064374
41113.0,-6863.184618527691
41114.0,-6863.225304991007
41115.0,-6863.265991454323
41116.0,-6863.30667791764
41117.0,-6863.347364380956
41118.0,-6863.388050844272
41119.0,-6863.428737307589
41120.0,-6863.4694237709045
41121.0,-6863.5101102342205
41122.0,-6863.550796697537
41123.0,-6863.591483160853
41124.0,-6863.632169624169
41125.0,-6863.672856087486
41126.0,-6863.713542550802
41127.0,-6863.754229014118
41128.0,-6863.794915477435
41129.0,-6863.835601940751
41130.0,-6863.876288404067
41131.0,-6863.916974867384
41132.0,-6863.9576613307
41133.0,-6863.998347794016
41134.0,-6864.039034257333
41135.0,-6864.079720720649
41136.0,-6864.120407183965
41137.0,-6864.161093647282
41138.0,-6864.201780110598
41139.0,-6864.242466573914
41140.0,-6864.2831530372305
41141.0,-6864.3238395005465
41142.0,-6864.364525963862
41143.0,-6864.405212427179
41144.0,-6864.445898890495
41145.0,-6864.486585353811
41146.0,-6864.527271817128
41147.0,-6864.567958280444
41148.0,-6864.60864474376
41149.0,-6864.649331207077
41150.0,-6864.690017670393
41151.0,-6864.730704133709
41152.0,-6864.771390597026
41153.0,-6864.812077060342
41154.0,-6864.852763523658
41155.0,-6864.893449986975
41156.0,-6864.934136450291
41157.0,-6864.974822913607
41158.0,-6865.015509376924
41159.0,-6865.0561958402395
41160.0,-6865.0968823035555
41161.0,-6865.137568766872
41162.0,-6865.178255230188
41163.0,-6865.218941693504
41164.0,-6865.259628156821
41165.0,-6865.300314620137
41166.0,-6865.341001083453
41167.0,-6865.38168754677
41168.0,-6865.422374010086
41169.0,-6865.463060473402
41170.0,-6865.503746936719
41171.0,-6865.544433400035
41172.0,-6865.585119863351
41173.0,-6865.625806326668
41174.0,-6865.666492789984
41175.0,-6865.7071792533
41176.0,-6865.747865716617
41177.0,-6865.788552179933
41178.0,-6865.829238643249
41179.0,-6865.8699251065655
41180.0,-6865.910611569881
41181.0,-6865.951298033197
41182.0,-6865.991984496514
41183.0,-6866.03267095983
41184.0,-6866.073357423146
41185.0,-6866.114043886463
41186.0,-6866.154730349779
41187.0,-6866.195416813095
41188.0,-6866.236103276412
41189.0,-6866.276789739728
41190.0,-6866.317476203044
41191.0,-6866.358162666361
41192.0,-6866.398849129677
41193.0,-6866.439535592993
41194.0,-6866.48022205631
41195.0,-6866.520908519626
41196.0,-6866.561594982942
41197.0,-6866.6022814462585
41198.0,-6866.6429679095745
41199.0,-6866.6836543728905
41200.0,-6866.724340836207
41201.0,-6866.765027299523
41202.0,-6866.805713762839
41203.0,-6866.846400226156
41204.0,-6866.887086689472
41205.0,-6866.927773152788
41206.0,-6866.968459616105
41207.0,-6867.009146079421
41208.0,-6867.049832542737
41209.0,-6867.090519006054
41210.0,-6867.13120546937
41211.0,-6867.171891932686
41212.0,-6867.212578396003
41213.0,-6867.253264859319
41214.0,-6867.293951322635
41215.0,-6867.334637785952
41216.0,-6867.375324249268
41217.0,-6867.416010712584
41218.0,-6867.4566971759
41219.0,-6867.497383639216
41220.0,-6867.538070102532
41221.0,-6867.578756565849
41222.0,-6867.619443029165
41223.0,-6867.660129492481
41224.0,-6867.700815955798
41225.0,-6867.741502419114
41226.0,-6867.78218888243
41227.0,-6867.822875345747
41228.0,-6867.863561809063
41229.0,-6867.904248272379
41230.0,-6867.944934735696
41231.0,-6867.985621199012
41232.0,-6868.026307662328
41233.0,-6868.066994125645
41234.0,-6868.107680588961
41235.0,-6868.148367052277
41236.0,-6868.1890535155935
41237.0,-6868.2297399789095
41238.0,-6868.2704264422255
41239.0,-6868.311112905542
41240.0,-6868.351799368858
41241.0,-6868.392485832174
41242.0,-6868.433172295491
41243.0,-6868.473858758807
41244.0,-6868.514545222123
41245.0,-6868.55523168544
41246.0,-6868.595918148756
41247.0,-6868.636604612072
41248.0,-6868.677291075389
41249.0,-6868.717977538705
41250.0,-6868.758664002021
41251.0,-6868.799350465338
41252.0,-6868.840036928654
41253.0,-6868.88072339197
41254.0,-6868.921409855287
41255.0,-6868.962096318603
41256.0,-6869.0027827819185
41257.0,-6869.043469245235
41258.0,-6869.084155708551
41259.0,-6869.124842171867
41260.0,-6869.165528635184
41261.0,-6869.2062150985
41262.0,-6869.246901561816
41263.0,-6869.287588025133
41264.0,-6869.328274488449
41265.0,-6869.368960951765
41266.0,-6869.409647415082
41267.0,-6869.450333878398
41268.0,-6869.491020341714
41269.0,-6869.531706805031
41270.0,-6869.572393268347
41271.0,-6869.613079731663
41272.0,-6869.65376619498
41273.0,-6869.694452658296
41274.0,-6869.735139121612
41275.0,-6869.7758255849285
41276.0,-6869.8165120482445
41277.0,-6869.8571985115605
41278.0,-6869.897884974877
41279.0,-6869.938571438193
41280.0,-6869.979257901509
41281.0,-6870.019944364826
41282.0,-6870.060630828142
41283.0,-6870.101317291458
41284.0,-6870.142003754775
41285.0,-6870.182690218091
41286.0,-6870.223376681407
41287.0,-6870.264063144724
41288.0,-6870.30474960804
41289.0,-6870.345436071356
41290.0,-6870.386122534673
41291.0,-6870.426808997989
41292.0,-6870.467495461305
41293.0,-6870.508181924622
41294.0,-6870.548868387938
41295.0,-6870.5895548512535
41296.0,-6870.63024131457
41297.0,-6870.670927777886
41298.0,-6870.711614241202
41299.0,-6870.752300704519
41300.0,-6870.792987167835
41301.0,-6870.833673631151
41302.0,-6870.874360094468
41303.0,-6870.915046557784
41304.0,-6870.9557330211
41305.0,-6870.996419484417
41306.0,-6871.037105947733
41307.0,-6871.077792411049
41308.0,-6871.118478874366
41309.0,-6871.159165337682
41310.0,-6871.199851800998
41311.0,-6871.240538264315
41312.0,-6871.281224727631
41313.0,-6871.321911190947
41314.0,-6871.3625976542635
41315.0,-6871.4032841175795
41316.0,-6871.443970580895
41317.0,-6871.484657044212
41318.0,-6871.525343507528
41319.0,-6871.566029970844
41320.0,-6871.606716434161
41321.0,-6871.647402897477
41322.0,-6871.688089360793
41323.0,-6871.72877582411
41324.0,-6871.769462287426
41325.0,-6871.810148750742
41326.0,-6871.850835214059
41327.0,-6871.891521677375
41328.0,-6871.932208140691
41329.0,-6871.972894604008
41330.0,-6872.013581067324
41331.0,-6872.05426753064
41332.0,-6872.094953993957
41333.0,-6872.1356404572725
41334.0,-6872.1763269205885
41335.0,-6872.217013383905
41336.0,-6872.257699847221
41337.0,-6872.298386310537
41338.0,-6872.339072773854
41339.0,-6872.37975923717
41340.0,-6872.420445700486
41341.0,-6872.461132163803
41342.0,-6872.501818627119
41343.0,-6872.542505090435
41344.0,-6872.583191553752
41345.0,-6872.623878017068
41346.0,-6872.664564480384
41347.0,-6872.705250943701
41348.0,-6872.745937407017
41349.0,-6872.786623870333
41350.0,-6872.82731033365
41351.0,-6872.867996796966
41352.0,-6872.908683260282
41353.0,-6872.9493697235985
41354.0,-6872.990056186914
41355.0,-6873.03074265023
41356.0,-6873.071429113547
41357.0,-6873.112115576863
41358.0,-6873.152802040179
41359.0,-6873.193488503496
41360.0,-6873.234174966812
41361.0,-6873.274861430128
41362.0,-6873.315547893445
41363.0,-6873.356234356761
41364.0,-6873.396920820077
41365.0,-6873.437607283394
41366.0,-6873.47829374671
41367.0,-6873.518980210026
41368.0,-6873.559666673343
41369.0,-6873.600353136659
41370.0,-6873.641039599975
41371.0,-6873.6817260632915
41372.0,-6873.7224125266075
41373.0,-6873.7630989899235
41374.0,-6873.80378545324
41375.0,-6873.844471916556
41376.0,-6873.885158379872
41377.0,-6873.925844843189
41378.0,-6873.966531306505
41379.0,-6874.007217769821
41380.0,-6874.047904233138
41381.0,-6874.088590696454
41382.0,-6874.12927715977
41383.0,-6874.169963623087
41384.0,-6874.210650086403
41385.0,-6874.251336549719
41386.0,-6874.292023013036
41387.0,-6874.332709476352
41388.0,-6874.373395939668
41389.0,-6874.414082402985
41390.0,-6874.454768866301
41391.0,-6874.495455329617
41392.0,-6874.536141792933
41393.0,-6874.576828256249
41394.0,-6874.617514719565
41395.0,-6874.658201182882
41396.0,-6874.698887646198
41397.0,-6874.739574109514
41398.0,-6874.780260572831
41399.0,-6874.820947036147
41400.0,-6874.861633499463
41401.0,-6874.90231996278
41402.0,-6874.943006426096
41403.0,-6874.983692889412
41404.0,-6875.024379352729
41405.0,-6875.065065816045
41406.0,-6875.105752279361
41407.0,-6875.146438742678
41408.0,-6875.187125205994
41409.0,-6875.22781166931
41410.0,-6875.2684981326265
41411.0,-6875.3091845959425
41412.0,-6875.3498710592585
41413.0,-6875.390557522575
41414.0,-6875.431243985891
41415.0,-6875.471930449207
41416.0,-6875.512616912524
41417.0,-6875.55330337584
41418.0,-6875.593989839156
41419.0,-6875.634676302473
41420.0,-6875.675362765789
41421.0,-6875.716049229105
41422.0,-6875.756735692422
41423.0,-6875.797422155738
41424.0,-6875.838108619054
41425.0,-6875.878795082371
41426.0,-6875.919481545687
41427.0,-6875.960168009003
41428.0,-6876.00085447232
41429.0,-6876.041540935636
41430.0,-6876.0822273989515
41431.0,-6876.122913862268
41432.0,-6876.163600325584
41433.0,-6876.2042867889
41434.0,-6876.244973252217
41435.0,-6876.285659715533
41436.0,-6876.326346178849
41437.0,-6876.367032642166
41438.0,-6876.407719105482
41439.0,-6876.448405568798
41440.0,-6876.489092032115
41441.0,-6876.529778495431
41442.0,-6876.570464958747
41443.0,-6876.611151422064
41444.0,-6876.65183788538
41445.0,-6876.692524348696
41446.0,-6876.733210812013
41447.0,-6876.773897275329
41448.0,-6876.814583738645
41449.0,-6876.8552702019615
41450.0,-6876.8959566652775
41451.0,-6876.9366431285935
41452.0,-6876.97732959191
41453.0,-6877.018016055226
41454.0,-6877.058702518542
41455.0,-6877.099388981859
41456.0,-6877.140075445175
41457.0,-6877.180761908491
41458.0,-6877.221448371808
41459.0,-6877.262134835124
41460.0,-6877.30282129844
41461.0,-6877.343507761757
41462.0,-6877.384194225073
41463.0,-6877.424880688389
41464.0,-6877.465567151706
41465.0,-6877.506253615022
41466.0,-6877.546940078338
41467.0,-6877.587626541655
41468.0,-6877.628313004971
41469.0,-6877.6689994682865
41470.0,-6877.709685931603
41471.0,-6877.750372394919
41472.0,-6877.791058858235
41473.0,-6877.831745321552
41474.0,-6877.872431784868
41475.0,-6877.913118248184
41476.0,-6877.953804711501
41477.0,-6877.994491174817
41478.0,-6878.035177638133
41479.0,-6878.07586410145
41480.0,-6878.116550564766
41481.0,-6878.157237028082
41482.0,-6878.197923491399
41483.0,-6878.238609954715
41484.0,-6878.279296418031
41485.0,-6878.319982881348
41486.0,-6878.360669344664
41487.0,-6878.40135580798
41488.0,-6878.4420422712965
41489.0,-6878.4827287346125
41490.0,-6878.523415197928
41491.0,-6878.564101661245
41492.0,-6878.604788124561
41493.0,-6878.645474587877
41494.0,-6878.686161051194
41495.0,-6878.72684751451
41496.0,-6878.767533977826
41497.0,-6878.808220441143
41498.0,-6878.848906904459
41499.0,-6878.889593367775
41500.0,-6878.930279831092
41501.0,-6878.970966294408
41502.0,-6879.011652757724
41503.0,-6879.052339221041
41504.0,-6879.093025684357
41505.0,-6879.133712147673
41506.0,-6879.17439861099
41507.0,-6879.2150850743055
41508.0,-6879.2557715376215
41509.0,-6879.296458000938
41510.0,-6879.337144464254
41511.0,-6879.37783092757
41512.0,-6879.418517390887
41513.0,-6879.459203854203
41514.0,-6879.499890317519
41515.0,-6879.540576780836
41516.0,-6879.581263244152
41517.0,-6879.621949707468
41518.0,-6879.662636170785
41519.0,-6879.703322634101
41520.0,-6879.744009097417
41521.0,-6879.784695560734
41522.0,-6879.82538202405
41523.0,-6879.866068487366
41524.0,-6879.906754950683
41525.0,-6879.947441413999
41526.0,-6879.988127877315
41527.0,-6880.0288143406315
41528.0,-6880.069500803947
41529.0,-6880.110187267263
41530.0,-6880.15087373058
41531.0,-6880.191560193896
41532.0,-6880.232246657212
41533.0,-6880.272933120529
41534.0,-6880.313619583845
41535.0,-6880.354306047161
41536.0,-6880.394992510478
41537.0,-6880.435678973794
41538.0,-6880.47636543711
41539.0,-6880.517051900427
41540.0,-6880.557738363743
41541.0,-6880.598424827059
41542.0,-6880.639111290376
41543.0,-6880.679797753692
41544.0,-6880.720484217008
41545.0,-6880.7611706803245
41546.0,-6880.8018571436405
41547.0,-6880.8425436069565
41548.0,-6880.883230070273
41549.0,-6880.923916533589
41550.0,-6880.964602996905
41551.0,-6881.005289460222
41552.0,-6881.045975923538
41553.0,-6881.086662386854
41554.0,-6881.127348850171
41555.0,-6881.168035313487
41556.0,-6881.208721776803
41557.0,-6881.24940824012
41558.0,-6881.290094703436
41559.0,-6881.330781166752
41560.0,-6881.371467630069
41561.0,-6881.412154093385
41562.0,-6881.452840556701
41563.0,-6881.493527020018
41564.0,-6881.534213483334
41565.0,-6881.57489994665
41566.0,-6881.615586409966
41567.0,-6881.656272873282
41568.0,-6881.696959336598
41569.0,-6881.737645799915
41570.0,-6881.778332263231
41571.0,-6881.819018726547
41572.0,-6881.859705189864
41573.0,-6881.90039165318
41574.0,-6881.941078116496
41575.0,-6881.981764579813
41576.0,-6882.022451043129
41577.0,-6882.063137506445
41578.0,-6882.103823969762
41579.0,-6882.144510433078
41580.0,-6882.185196896394
41581.0,-6882.225883359711
41582.0,-6882.266569823027
41583.0,-6882.307256286343
41584.0,-6882.3479427496595
41585.0,-6882.3886292129755
41586.0,-6882.4293156762915
41587.0,-6882.470002139608
41588.0,-6882.510688602924
41589.0,-6882.55137506624
41590.0,-6882.592061529557
41591.0,-6882.632747992873
41592.0,-6882.673434456189
41593.0,-6882.714120919506
41594.0,-6882.754807382822
41595.0,-6882.795493846138
41596.0,-6882.836180309455
41597.0,-6882.876866772771
41598.0,-6882.917553236087
41599.0,-6882.958239699404
41600.0,-6882.99892616272
41601.0,-6883.039612626036
41602.0,-6883.080299089353
41603.0,-6883.120985552669
41604.0,-6883.161672015985
41605.0,-6883.202358479301
41606.0,-6883.243044942617
41607.0,-6883.283731405933
41608.0,-6883.32441786925
41609.0,-6883.365104332566
41610.0,-6883.405790795882
41611.0,-6883.446477259199
41612.0,-6883.487163722515
41613.0,-6883.527850185831
41614.0,-6883.568536649148
41615.0,-6883.609223112464
41616.0,-6883.64990957578
41617.0,-6883.690596039097
41618.0,-6883.731282502413
41619.0,-6883.771968965729
41620.0,-6883.812655429046
41621.0,-6883.853341892362
41622.0,-6883.894028355678
41623.0,-6883.9347148189945
41624.0,-6883.9754012823105
41625.0,-6884.0160877456265
41626.0,-6884.056774208943
41627.0,-6884.097460672259
41628.0,-6884.138147135575
41629.0,-6884.178833598892
41630.0,-6884.219520062208
41631.0,-6884.260206525524
41632.0,-6884.300892988841
41633.0,-6884.341579452157
41634.0,-6884.382265915473
41635.0,-6884.42295237879
41636.0,-6884.463638842106
41637.0,-6884.504325305422
41638.0,-6884.545011768739
41639.0,-6884.585698232055
41640.0,-6884.626384695371
41641.0,-6884.667071158688
41642.0,-6884.707757622004
41643.0,-6884.7484440853195
41644.0,-6884.789130548636
41645.0,-6884.829817011952
41646.0,-6884.870503475268
41647.0,-6884.911189938585
41648.0,-6884.951876401901
41649.0,-6884.992562865217
41650.0,-6885.033249328534
41651.0,-6885.07393579185
41652.0,-6885.114622255166
41653.0,-6885.155308718483
41654.0,-6885.195995181799
41655.0,-6885.236681645115
41656.0,-6885.277368108432
41657.0,-6885.318054571748
41658.0,-6885.358741035064
41659.0,-6885.399427498381
41660.0,-6885.440113961697
41661.0,-6885.480800425013
41662.0,-6885.5214868883295
41663.0,-6885.5621733516455
41664.0,-6885.602859814961
41665.0,-6885.643546278278
41666.0,-6885.684232741594
41667.0,-6885.72491920491
41668.0,-6885.765605668227
41669.0,-6885.806292131543
41670.0,-6885.846978594859
41671.0,-6885.887665058176
41672.0,-6885.928351521492
41673.0,-6885.969037984808
41674.0,-6886.009724448125
41675.0,-6886.050410911441
41676.0,-6886.091097374757
41677.0,-6886.131783838074
41678.0,-6886.17247030139
41679.0,-6886.213156764706
41680.0,-6886.253843228023
41681.0,-6886.2945296913385
41682.0,-6886.3352161546545
41683.0,-6886.375902617971
41684.0,-6886.416589081287
41685.0,-6886.457275544603
41686.0,-6886.49796200792
41687.0,-6886.538648471236
41688.0,-6886.579334934552
41689.0,-6886.620021397869
41690.0,-6886.660707861185
41691.0,-6886.701394324501
41692.0,-6886.742080787818
41693.0,-6886.782767251134
41694.0,-6886.82345371445
41695.0,-6886.864140177767
41696.0,-6886.904826641083
41697.0,-6886.945513104399
41698.0,-6886.986199567716
41699.0,-6887.026886031032
41700.0,-6887.067572494348
41701.0,-6887.1082589576645
41702.0,-6887.14894542098
41703.0,-6887.189631884296
41704.0,-6887.230318347613
41705.0,-6887.271004810929
41706.0,-6887.311691274245
41707.0,-6887.352377737562
41708.0,-6887.393064200878
41709.0,-6887.433750664194
41710.0,-6887.474437127511
41711.0,-6887.515123590827
41712.0,-6887.555810054143
41713.0,-6887.59649651746
41714.0,-6887.637182980776
41715.0,-6887.677869444092
41716.0,-6887.718555907409
41717.0,-6887.759242370725
41718.0,-6887.799928834041
41719.0,-6887.8406152973575
41720.0,-6887.8813017606735
41721.0,-6887.9219882239895
41722.0,-6887.962674687306
41723.0,-6888.003361150622
41724.0,-6888.044047613938
41725.0,-6888.084734077255
41726.0,-6888.125420540571
41727.0,-6888.166107003887
41728.0,-6888.206793467204
41729.0,-6888.24747993052
41730.0,-6888.288166393836
41731.0,-6888.328852857153
41732.0,-6888.369539320469
41733.0,-6888.410225783785
41734.0,-6888.450912247102
41735.0,-6888.491598710418
41736.0,-6888.532285173734
41737.0,-6888.572971637051
41738.0,-6888.613658100367
41739.0,-6888.654344563683
41740.0,-6888.6950310269995
41741.0,-6888.735717490315
41742.0,-6888.776403953631
41743.0,-6888.817090416948
41744.0,-6888.857776880264
41745.0,-6888.89846334358
41746.0,-6888.939149806897
41747.0,-6888.979836270213
41748.0,-6889.020522733529
41749.0,-6889.061209196846
41750.0,-6889.101895660162
41751.0,-6889.142582123478
41752.0,-6889.183268586795
41753.0,-6889.223955050111
41754.0,-6889.264641513427
41755.0,-6889.305327976744
41756.0,-6889.34601444006
41757.0,-6889.386700903376
41758.0,-6889.4273873666925
41759.0,-6889.4680738300085
41760.0,-6889.5087602933245
41761.0,-6889.549446756641
41762.0,-6889.590133219957
41763.0,-6889.630819683273
41764.0,-6889.67150614659
41765.0,-6889.712192609906
41766.0,-6889.752879073222
41767.0,-6889.793565536539
41768.0,-6889.834251999855
41769.0,-6889.874938463171
41770.0,-6889.915624926488
41771.0,-6889.956311389804
41772.0,-6889.99699785312
41773.0,-6890.037684316437
41774.0,-6890.078370779753
41775.0,-6890.119057243069
41776.0,-6890.159743706386
41777.0,-6890.200430169702
41778.0,-6890.241116633018
41779.0,-6890.281803096334
41780.0,-6890.32248955965
41781.0,-6890.363176022966
41782.0,-6890.403862486283
41783.0,-6890.444548949599
41784.0,-6890.485235412915
41785.0,-6890.525921876232
41786.0,-6890.566608339548
41787.0,-6890.607294802864
41788.0,-6890.647981266181
41789.0,-6890.688667729497
41790.0,-6890.729354192813
41791.0,-6890.77004065613
41792.0,-6890.810727119446
41793.0,-6890.851413582762
41794.0,-6890.892100046079
41795.0,-6890.932786509395
41796.0,-6890.973472972711
41797.0,-6891.0141594360275
41798.0,-6891.0548458993435
41799.0,-6891.0955323626595
41800.0,-6891.136218825976
41801.0,-6891.176905289292
41802.0,-6891.217591752608
41803.0,-6891.258278215925
41804.0,-6891.298964679241
41805.0,-6891.339651142557
41806.0,-6891.380337605874
41807.0,-6891.42102406919
41808.0,-6891.461710532506
41809.0,-6891.502396995823
41810.0,-6891.543083459139
41811.0,-6891.583769922455
41812.0,-6891.624456385772
41813.0,-6891.665142849088
41814.0,-6891.705829312404
41815.0,-6891.746515775721
41816.0,-6891.787202239037
41817.0,-6891.8278887023525
41818.0,-6891.868575165669
41819.0,-6891.909261628985
41820.0,-6891.949948092301
41821.0,-6891.990634555618
41822.0,-6892.031321018934
41823.0,-6892.07200748225
41824.0,-6892.112693945567
41825.0,-6892.153380408883
41826.0,-6892.194066872199
41827.0,-6892.234753335516
41828.0,-6892.275439798832
41829.0,-6892.316126262148
41830.0,-6892.356812725465
41831.0,-6892.397499188781
41832.0,-6892.438185652097
41833.0,-6892.478872115414
41834.0,-6892.51955857873
41835.0,-6892.560245042046
41836.0,-6892.6009315053625
41837.0,-6892.6416179686785
41838.0,-6892.682304431994
41839.0,-6892.722990895311
41840.0,-6892.763677358627
41841.0,-6892.804363821943
41842.0,-6892.84505028526
41843.0,-6892.885736748576
41844.0,-6892.926423211892
41845.0,-6892.967109675209
41846.0,-6893.007796138525
41847.0,-6893.048482601841
41848.0,-6893.089169065158
41849.0,-6893.129855528474
41850.0,-6893.17054199179
41851.0,-6893.211228455107
41852.0,-6893.251914918423
41853.0,-6893.292601381739
41854.0,-6893.333287845056
41855.0,-6893.3739743083715
41856.0,-6893.4146607716875
41857.0,-6893.455347235004
41858.0,-6893.49603369832
41859.0,-6893.536720161636
41860.0,-6893.577406624953
41861.0,-6893.618093088269
41862.0,-6893.658779551585
41863.0,-6893.699466014902
41864.0,-6893.740152478218
41865.0,-6893.780838941534
41866.0,-6893.821525404851
41867.0,-6893.862211868167
41868.0,-6893.902898331483
41869.0,-6893.9435847948
41870.0,-6893.984271258116
41871.0,-6894.024957721432
41872.0,-6894.065644184749
41873.0,-6894.106330648065
41874.0,-6894.147017111381
41875.0,-6894.1877035746975
41876.0,-6894.2283900380135
41877.0,-6894.269076501329
41878.0,-6894.309762964646
41879.0,-6894.350449427962
41880.0,-6894.391135891278
41881.0,-6894.431822354595
41882.0,-6894.472508817911
41883.0,-6894.513195281227
41884.0,-6894.553881744544
41885.0,-6894.59456820786
41886.0,-6894.635254671176
41887.0,-6894.675941134493
41888.0,-6894.716627597809
41889.0,-6894.757314061125
41890.0,-6894.798000524442
41891.0,-6894.838686987758
41892.0,-6894.879373451074
41893.0,-6894.920059914391
41894.0,-6894.9607463777065
41895.0,-6895.0014328410225
41896.0,-6895.042119304339
41897.0,-6895.082805767655
41898.0,-6895.123492230971
41899.0,-6895.164178694288
41900.0,-6895.204865157604
41901.0,-6895.24555162092
41902.0,-6895.286238084237
41903.0,-6895.326924547553
41904.0,-6895.367611010869
41905.0,-6895.408297474186
41906.0,-6895.448983937502
41907.0,-6895.489670400818
41908.0,-6895.530356864135
41909.0,-6895.571043327451
41910.0,-6895.611729790767
41911.0,-6895.652416254084
41912.0,-6895.6931027174
41913.0,-6895.733789180716
41914.0,-6895.7744756440325
41915.0,-6895.815162107348
41916.0,-6895.855848570664
41917.0,-6895.896535033981
41918.0,-6895.937221497297
41919.0,-6895.977907960613
41920.0,-6896.01859442393
41921.0,-6896.059280887246
41922.0,-6896.099967350562
41923.0,-6896.140653813879
41924.0,-6896.181340277195
41925.0,-6896.222026740511
41926.0,-6896.262713203828
41927.0,-6896.303399667144
41928.0,-6896.34408613046
41929.0,-6896.384772593777
41930.0,-6896.425459057093
41931.0,-6896.466145520409
41932.0,-6896.5068319837255
41933.0,-6896.5475184470415
41934.0,-6896.5882049103575
41935.0,-6896.628891373674
41936.0,-6896.66957783699
41937.0,-6896.710264300306
41938.0,-6896.750950763623
41939.0,-6896.791637226939
41940.0,-6896.832323690255
41941.0,-6896.873010153572
41942.0,-6896.913696616888
41943.0,-6896.954383080204
41944.0,-6896.995069543521
41945.0,-6897.035756006837
41946.0,-6897.076442470153
41947.0,-6897.11712893347
41948.0,-6897.157815396786
41949.0,-6897.198501860102
41950.0,-6897.239188323419
41951.0,-6897.279874786735
41952.0,-6897.320561250051
41953.0,-6897.361247713367
41954.0,-6897.401934176683
41955.0,-6897.442620639999
41956.0,-6897.483307103316
41957.0,-6897.523993566632
41958.0,-6897.564680029948
41959.0,-6897.605366493265
41960.0,-6897.646052956581
41961.0,-6897.686739419897
41962.0,-6897.727425883214
41963.0,-6897.76811234653
41964.0,-6897.808798809846
41965.0,-6897.849485273163
41966.0,-6897.890171736479
41967.0,-6897.930858199795
41968.0,-6897.971544663112
41969.0,-6898.012231126428
41970.0,-6898.052917589744
41971.0,-6898.0936040530605
41972.0,-6898.1342905163765
41973.0,-6898.1749769796925
41974.0,-6898.215663443009
41975.0,-6898.256349906325
41976.0,-6898.297036369641
41977.0,-6898.337722832958
41978.0,-6898.378409296274
41979.0,-6898.41909575959
41980.0,-6898.459782222907
41981.0,-6898.500468686223
41982.0,-6898.541155149539
41983.0,-6898.581841612856
41984.0,-6898.622528076172
41985.0,-6898.61157173415
41986.0,-6898.600615392129
41987.0,-6898.589659050107
41988.0,-6898.578702708085
41989.0,-6898.567746366064
41990.0,-6898.556790024042
41991.0,-6898.54583368202
41992.0,-6898.534877339999
41993.0,-6898.523920997977
41994.0,-6898.512964655955
41995.0,-6898.502008313934
41996.0,-6898.491051971912
41997.0,-6898.4800956298905
41998.0,-6898.469139287869
41999.0,-6898.4581829458475
42000.0,-6898.447226603826
42001.0,-6898.436270261805
42002.0,-6898.425313919783
42003.0,-6898.414357577761
42004.0,-6898.40340123574
42005.0,-6898.392444893718
42006.0,-6898.381488551696
42007.0,-6898.370532209675
42008.0,-6898.359575867653
42009.0,-6898.348619525631
42010.0,-6898.33766318361
42011.0,-6898.326706841588
42012.0,-6898.315750499566
42013.0,-6898.304794157545
42014.0,-6898.293837815523
42015.0,-6898.282881473501
42016.0,-6898.27192513148
42017.0,-6898.260968789458
42018.0,-6898.250012447436
42019.0,-6898.239056105415
42020.0,-6898.228099763393
42021.0,-6898.2171434213715
42022.0,-6898.2061870793505
42023.0,-6898.1952307373285
42024.0,-6898.184274395307
42025.0,-6898.173318053286
42026.0,-6898.162361711264
42027.0,-6898.151405369242
42028.0,-6898.140449027221
42029.0,-6898.129492685199
42030.0,-6898.118536343177
42031.0,-6898.107580001156
42032.0,-6898.096623659134
42033.0,-6898.085667317112
42034.0,-6898.074710975091
42035.0,-6898.063754633069
42036.0,-6898.052798291047
42037.0,-6898.041841949026
42038.0,-6898.030885607004
42039.0,-6898.019929264982
42040.0,-6898.008972922961
42041.0,-6897.998016580939
42042.0,-6897.987060238917
42043.0,-6897.976103896896
42044.0,-6897.965147554874
42045.0,-6897.9541912128525
42046.0,-6897.9432348708315
42047.0,-6897.93227852881
42048.0,-6897.921322186788
42049.0,-6897.910365844767
42050.0,-6897.899409502745
42051.0,-6897.888453160723
42052.0,-6897.877496818702
42053.0,-6897.86654047668
42054.0,-6897.855584134658
42055.0,-6897.844627792637
42056.0,-6897.833671450615
42057.0,-6897.822715108593
42058.0,-6897.811758766572
42059.0,-6897.80080242455
42060.0,-6897.789846082528
42061.0,-6897.778889740507
42062.0,-6897.767933398485
42063.0,-6897.756977056463
42064.0,-6897.746020714442
42065.0,-6897.73506437242
42066.0,-6897.724108030398
42067.0,-6897.713151688377
42068.0,-6897.702195346355
42069.0,-6897.6912390043335
42070.0,-6897.6802826623125
42071.0,-6897.669326320291
42072.0,-6897.658369978269
42073.0,-6897.647413636248
42074.0,-6897.636457294226
42075.0,-6897.625500952204
42076.0,-6897.614544610183
42077.0,-6897.603588268161
42078.0,-6897.592631926139
42079.0,-6897.581675584118
42080.0,-6897.570719242096
42081.0,-6897.559762900074
42082.0,-6897.548806558053
42083.0,-6897.537850216031
42084.0,-6897.526893874009
42085.0,-6897.515937531988
42086.0,-6897.504981189966
42087.0,-6897.494024847944
42088.0,-6897.483068505923
42089.0,-6897.472112163901
42090.0,-6897.461155821879
42091.0,-6897.450199479858
42092.0,-6897.4392431378365
42093.0,-6897.4282867958145
42094.0,-6897.4173304537935
42095.0,-6897.406374111772
42096.0,-6897.39541776975
42097.0,-6897.384461427729
42098.0,-6897.373505085707
42099.0,-6897.362548743685
42100.0,-6897.351592401664
42101.0,-6897.340636059642
42102.0,-6897.32967971762
42103.0,-6897.318723375599
42104.0,-6897.307767033577
42105.0,-6897.296810691555
42106.0,-6897.285854349534
42107.0,-6897.274898007512
42108.0,-6897.26394166549
42109.0,-6897.252985323469
42110.0,-6897.242028981447
42111.0,-6897.231072639425
42112.0,-6897.220116297404
42113.0,-6897.209159955382
42114.0,-6897.19820361336
42115.0,-6897.187247271339
42116.0,-6897.1762909293175
42117.0,-6897.165334587296
42118.0,-6897.1543782452745
42119.0,-6897.143421903253
42120.0,-6897.132465561231
42121.0,-6897.12150921921
42122.0,-6897.110552877188
42123.0,-6897.099596535166
42124.0,-6897.088640193145
42125.0,-6897.077683851123
42126.0,-6897.066727509101
42127.0,-6897.05577116708
42128.0,-6897.044814825058
42129.0,-6897.033858483036
42130.0,-6897.022902141015
42131.0,-6897.011945798993
42132.0,-6897.000989456971
42133.0,-6896.99003311495
42134.0,-6896.979076772928
42135.0,-6896.968120430906
42136.0,-6896.957164088885
42137.0,-6896.946207746863
42138.0,-6896.935251404841
42139.0,-6896.92429506282
42140.0,-6896.9133387207985
42141.0,-6896.902382378777
42142.0,-6896.891426036756
42143.0,-6896.880469694734
42144.0,-6896.869513352712
42145.0,-6896.858557010691
42146.0,-6896.847600668669
42147.0,-6896.836644326647
42148.0,-6896.825687984626
42149.0,-6896.814731642604
42150.0,-6896.803775300582
42151.0,-6896.792818958561
42152.0,-6896.781862616539
42153.0,-6896.770906274517
42154.0,-6896.759949932496
42155.0,-6896.748993590474
42156.0,-6896.738037248452
42157.0,-6896.727080906431
42158.0,-6896.716124564409
42159.0,-6896.705168222387
42160.0,-6896.694211880366
42161.0,-6896.683255538344
42162.0,-6896.6722991963225
42163.0,-6896.661342854301
42164.0,-6896.6503865122795
42165.0,-6896.639430170258
42166.0,-6896.628473828237
42167.0,-6896.617517486215
42168.0,-6896.606561144193
42169.0,-6896.595604802172
42170.0,-6896.58464846015
42171.0,-6896.573692118128
42172.0,-6896.562735776107
42173.0,-6896.551779434085
42174.0,-6896.540823092063
42175.0,-6896.529866750042
42176.0,-6896.51891040802
42177.0,-6896.507954065998
42178.0,-6896.496997723977
42179.0,-6896.486041381955
42180.0,-6896.475085039933
42181.0,-6896.464128697912
42182.0,-6896.45317235589
42183.0,-6896.442216013868
42184.0,-6896.431259671847
42185.0,-6896.420303329825
42186.0,-6896.4093469878035
42187.0,-6896.3983906457825
42188.0,-6896.3874343037605
42189.0,-6896.376477961739
42190.0,-6896.365521619718
42191.0,-6896.354565277696
42192.0,-6896.343608935674
42193.0,-6896.332652593653
42194.0,-6896.321696251631
42195.0,-6896.310739909609
42196.0,-6896.299783567588
42197.0,-6896.288827225566
42198.0,-6896.277870883544
42199.0,-6896.266914541523
42200.0,-6896.255958199501
42201.0,-6896.245001857479
42202.0,-6896.234045515458
42203.0,-6896.223089173436
42204.0,-6896.212132831414
42205.0,-6896.201176489393
42206.0,-6896.190220147371
42207.0,-6896.179263805349
42208.0,-6896.168307463328
42209.0,-6896.157351121306
42210.0,-6896.1463947792845
42211.0,-6896.1354384372635
42212.0,-6896.124482095242
42213.0,-6896.11352575322
42214.0,-6896.102569411199
42215.0,-6896.091613069177
42216.0,-6896.080656727155
42217.0,-6896.069700385134
42218.0,-6896.058744043112
42219.0,-6896.04778770109
42220.0,-6896.036831359069
42221.0,-6896.025875017047
42222.0,-6896.014918675025
42223.0,-6896.003962333004
42224.0,-6895.993005990982
42225.0,-6895.98204964896
42226.0,-6895.971093306939
42227.0,-6895.960136964917
42228.0,-6895.949180622895
42229.0,-6895.938224280874
42230.0,-6895.927267938852
42231.0,-6895.91631159683
42232.0,-6895.905355254809
42233.0,-6895.894398912787
42234.0,-6895.8834425707655
42235.0,-6895.8724862287445
42236.0,-6895.861529886723
42237.0,-6895.850573544701
42238.0,-6895.83961720268
42239.0,-6895.828660860658
42240.0,-6895.817704518636
42241.0,-6895.806748176615
42242.0,-6895.795791834593
42243.0,-6895.784835492571
42244.0,-6895.77387915055
42245.0,-6895.762922808528
42246.0,-6895.751966466506
42247.0,-6895.741010124485
42248.0,-6895.730053782463
42249.0,-6895.719097440441
42250.0,-6895.70814109842
42251.0,-6895.697184756398
42252.0,-6895.686228414376
42253.0,-6895.675272072355
42254.0,-6895.664315730333
42255.0,-6895.653359388311
42256.0,-6895.64240304629
42257.0,-6895.6314467042685
42258.0,-6895.6204903622465
42259.0,-6895.6095340202255
42260.0,-6895.598577678204
42261.0,-6895.587621336182
42262.0,-6895.576664994161
42263.0,-6895.565708652139
42264.0,-6895.554752310117
42265.0,-6895.543795968096
42266.0,-6895.532839626074
42267.0,-6895.521883284052
42268.0,-6895.510926942031
42269.0,-6895.499970600009
42270.0,-6895.489014257987
42271.0,-6895.478057915966
42272.0,-6895.467101573944
42273.0,-6895.456145231922
42274.0,-6895.445188889901
42275.0,-6895.434232547879
42276.0,-6895.423276205857
42277.0,-6895.412319863836
42278.0,-6895.401363521814
42279.0,-6895.390407179792
42280.0,-6895.379450837771
42281.0,-6895.3684944957495
42282.0,-6895.357538153728
42283.0,-6895.3465818117065
42284.0,-6895.335625469685
42285.0,-6895.324669127663
42286.0,-6895.313712785642
42287.0,-6895.30275644362
42288.0,-6895.291800101598
42289.0,-6895.280843759577
42290.0,-6895.269887417555
42291.0,-6895.258931075533
42292.0,-6895.247974733512
42293.0,-6895.23701839149
42294.0,-6895.226062049468
42295.0,-6895.215105707447
42296.0,-6895.204149365425
42297.0,-6895.193193023403
42298.0,-6895.182236681382
42299.0,-6895.17128033936
42300.0,-6895.160323997338
42301.0,-6895.149367655317
42302.0,-6895.138411313295
42303.0,-6895.127454971273
42304.0,-6895.116498629252
42305.0,-6895.1055422872305
42306.0,-6895.094585945209
42307.0,-6895.083629603188
42308.0,-6895.072673261166
42309.0,-6895.061716919144
42310.0,-6895.050760577123
42311.0,-6895.039804235101
42312.0,-6895.028847893079
42313.0,-6895.017891551058
42314.0,-6895.006935209036
42315.0,-6894.995978867014
42316.0,-6894.985022524993
42317.0,-6894.974066182971
42318.0,-6894.963109840949
42319.0,-6894.952153498928
42320.0,-6894.941197156906
42321.0,-6894.930240814884
42322.0,-6894.919284472863
42323.0,-6894.908328130841
42324.0,-6894.897371788819
42325.0,-6894.886415446798
42326.0,-6894.875459104776
42327.0,-6894.8645027627545
42328.0,-6894.853546420733
42329.0,-6894.8425900787115
42330.0,-6894.83163373669
42331.0,-6894.820677394669
42332.0,-6894.809721052647
42333.0,-6894.798764710625
42334.0,-6894.787808368604
42335.0,-6894.776852026582
42336.0,-6894.76589568456
42337.0,-6894.754939342539
42338.0,-6894.743983000517
42339.0,-6894.733026658495
42340.0,-6894.722070316474
42341.0,-6894.711113974452
42342.0,-6894.70015763243
42343.0,-6894.689201290409
42344.0,-6894.678244948387
42345.0,-6894.667288606365
42346.0,-6894.656332264344
42347.0,-6894.645375922322
42348.0,-6894.6344195803
42349.0,-6894.623463238279
42350.0,-6894.612506896257
42351.0,-6894.6015505542355
42352.0,-6894.5905942122145
42353.0,-6894.5796378701925
42354.0,-6894.568681528171
42355.0,-6894.55772518615
42356.0,-6894.546768844128
42357.0,-6894.535812502106
42358.0,-6894.524856160085
42359.0,-6894.513899818063
42360.0,-6894.502943476041
42361.0,-6894.49198713402
42362.0,-6894.481030791998
42363.0,-6894.470074449976
42364.0,-6894.459118107955
42365.0,-6894.448161765933
42366.0,-6894.437205423911
42367.0,-6894.42624908189
42368.0,-6894.415292739868
42369.0,-6894.404336397846
42370.0,-6894.393380055825
42371.0,-6894.382423713803
42372.0,-6894.371467371781
42373.0,-6894.36051102976
42374.0,-6894.349554687738
42375.0,-6894.3385983457165
42376.0,-6894.3276420036955
42377.0,-6894.316685661674
42378.0,-6894.305729319652
42379.0,-6894.294772977631
42380.0,-6894.283816635609
42381.0,-6894.272860293587
42382.0,-6894.261903951566
42383.0,-6894.250947609544
42384.0,-6894.239991267522
42385.0,-6894.229034925501
42386.0,-6894.218078583479
42387.0,-6894.207122241457
42388.0,-6894.196165899436
42389.0,-6894.185209557414
42390.0,-6894.174253215392
42391.0,-6894.163296873371
42392.0,-6894.152340531349
42393.0,-6894.141384189327
42394.0,-6894.130427847306
42395.0,-6894.119471505284
42396.0,-6894.108515163262
42397.0,-6894.097558821241
42398.0,-6894.086602479219
42399.0,-6894.0756461371975
42400.0,-6894.0646897951765
42401.0,-6894.053733453155
42402.0,-6894.042777111133
42403.0,-6894.031820769112
42404.0,-6894.02086442709
42405.0,-6894.009908085068
42406.0,-6893.998951743047
42407.0,-6893.987995401025
42408.0,-6893.977039059003
42409.0,-6893.966082716982
42410.0,-6893.95512637496
42411.0,-6893.944170032938
42412.0,-6893.933213690917
42413.0,-6893.922257348895
42414.0,-6893.911301006873
42415.0,-6893.900344664852
42416.0,-6893.88938832283
42417.0,-6893.878431980808
42418.0,-6893.867475638787
42419.0,-6893.856519296765
42420.0,-6893.845562954743
42421.0,-6893.834606612722
42422.0,-6893.8236502707
42423.0,-6893.8126939286785
42424.0,-6893.8017375866575
42425.0,-6893.790781244636
42426.0,-6893.779824902614
42427.0,-6893.768868560593
42428.0,-6893.757912218571
42429.0,-6893.746955876549
42430.0,-6893.735999534528
42431.0,-6893.725043192506
42432.0,-6893.714086850484
42433.0,-6893.703130508463
42434.0,-6893.692174166441
42435.0,-6893.681217824419
42436.0,-6893.670261482398
42437.0,-6893.659305140376
42438.0,-6893.648348798354
42439.0,-6893.637392456333
42440.0,-6893.626436114311
42441.0,-6893.615479772289
42442.0,-6893.604523430268
42443.0,-6893.593567088246
42444.0,-6893.582610746224
42445.0,-6893.571654404203
42446.0,-6893.5606980621815
42447.0,-6893.54974172016
42448.0,-6893.5387853781385
42449.0,-6893.527829036117
42450.0,-6893.516872694095
42451.0,-6893.505916352074
42452.0,-6893.494960010052
42453.0,-6893.48400366803
42454.0,-6893.473047326009
42455.0,-6893.462090983987
42456.0,-6893.451134641965
42457.0,-6893.440178299944
42458.0,-6893.429221957922
42459.0,-6893.4182656159
42460.0,-6893.407309273879
42461.0,-6893.396352931857
42462.0,-6893.385396589835
42463.0,-6893.374440247814
42464.0,-6893.363483905792
42465.0,-6893.35252756377
42466.0,-6893.341571221749
42467.0,-6893.330614879727
42468.0,-6893.319658537705
42469.0,-6893.308702195684
42470.0,-6893.2977458536625
42471.0,-6893.286789511641
42472.0,-6893.27583316962
42473.0,-6893.264876827598
42474.0,-6893.253920485576
42475.0,-6893.242964143555
42476.0,-6893.232007801533
42477.0,-6893.221051459511
42478.0,-6893.21009511749
42479.0,-6893.199138775468
42480.0,-6893.188182433446
42481.0,-6893.177226091425
42482.0,-6893.166269749403
42483.0,-6893.155313407381
42484.0,-6893.14435706536
42485.0,-6893.133400723338
42486.0,-6893.122444381316
42487.0,-6893.111488039295
42488.0,-6893.100531697273
42489.0,-6893.089575355251
42490.0,-6893.07861901323
42491.0,-6893.067662671208
42492.0,-6893.056706329186
42493.0,-6893.045749987165
42494.0,-6893.0347936451435
42495.0,-6893.023837303122
42496.0,-6893.012880961101
42497.0,-6893.001924619079
42498.0,-6892.990968277057
42499.0,-6892.980011935036
42500.0,-6892.969055593014
42501.0,-6892.958099250992
42502.0,-6892.947142908971
42503.0,-6892.936186566949
42504.0,-6892.925230224927
42505.0,-6892.914273882906
42506.0,-6892.903317540884
42507.0,-6892.892361198862
42508.0,-6892.881404856841
42509.0,-6892.870448514819
42510.0,-6892.859492172797
42511.0,-6892.848535830776
42512.0,-6892.837579488754
42513.0,-6892.826623146732
42514.0,-6892.815666804711
42515.0,-6892.804710462689
42516.0,-6892.7937541206675
42517.0,-6892.782797778646
42518.0,-6892.7718414366245
42519.0,-6892.760885094603
42520.0,-6892.749928752582
42521.0,-6892.73897241056
42522.0,-6892.728016068538
42523.0,-6892.717059726517
42524.0,-6892.706103384495
42525.0,-6892.695147042473
42526.0,-6892.684190700452
42527.0,-6892.67323435843
42528.0,-6892.662278016408
42529.0,-6892.651321674387
42530.0,-6892.640365332365
42531.0,-6892.629408990343
42532.0,-6892.618452648322
42533.0,-6892.6074963063
42534.0,-6892.596539964278
42535.0,-6892.585583622257
42536.0,-6892.574627280235
42537.0,-6892.563670938213
42538.0,-6892.552714596192
42539.0,-6892.54175825417
42540.0,-6892.5308019121485
42541.0,-6892.5198455701275
42542.0,-6892.5088892281055
42543.0,-6892.497932886084
42544.0,-6892.486976544063
42545.0,-6892.476020202041
42546.0,-6892.465063860019
42547.0,-6892.454107517998
42548.0,-6892.443151175976
42549.0,-6892.432194833954
42550.0,-6892.421238491933
42551.0,-6892.410282149911
42552.0,-6892.399325807889
42553.0,-6892.388369465868
42554.0,-6892.377413123846
42555.0,-6892.366456781824
42556.0,-6892.355500439803
42557.0,-6892.344544097781
42558.0,-6892.333587755759
42559.0,-6892.322631413738
42560.0,-6892.311675071716
42561.0,-6892.300718729694
42562.0,-6892.289762387673
42563.0,-6892.278806045651
42564.0,-6892.2678497036295
42565.0,-6892.2568933616085
42566.0,-6892.245937019587
42567.0,-6892.234980677565
42568.0,-6892.224024335544
42569.0,-6892.213067993522
42570.0,-6892.2021116515
42571.0,-6892.191155309479
42572.0,-6892.180198967457
42573.0,-6892.169242625435
42574.0,-6892.158286283414
42575.0,-6892.147329941392
42576.0,-6892.13637359937
42577.0,-6892.125417257349
42578.0,-6892.114460915327
42579.0,-6892.103504573305
42580.0,-6892.092548231284
42581.0,-6892.081591889262
42582.0,-6892.07063554724
42583.0,-6892.059679205219
42584.0,-6892.048722863197
42585.0,-6892.037766521175
42586.0,-6892.026810179154
42587.0,-6892.015853837132
42588.0,-6892.0048974951105
42589.0,-6891.9939411530895
42590.0,-6891.982984811068
42591.0,-6891.972028469046
42592.0,-6891.961072127025
42593.0,-6891.950115785003
42594.0,-6891.939159442981
42595.0,-6891.92820310096
42596.0,-6891.917246758938
42597.0,-6891.906290416916
42598.0,-6891.895334074895
42599.0,-6891.884377732873
42600.0,-6891.873421390851
42601.0,-6891.86246504883
42602.0,-6891.851508706808
42603.0,-6891.840552364786
42604.0,-6891.829596022765
42605.0,-6891.818639680743
42606.0,-6891.807683338721
42607.0,-6891.7967269967
42608.0,-6891.785770654678
42609.0,-6891.774814312656
42610.0,-6891.763857970635
42611.0,-6891.7529016286135
42612.0,-6891.7419452865915
42613.0,-6891.7309889445705
42614.0,-6891.720032602549
42615.0,-6891.709076260527
42616.0,-6891.698119918506
42617.0,-6891.687163576484
42618.0,-6891.676207234462
42619.0,-6891.665250892441
42620.0,-6891.654294550419
42621.0,-6891.643338208397
42622.0,-6891.632381866376
42623.0,-6891.621425524354
42624.0,-6891.610469182332
42625.0,-6891.599512840311
42626.0,-6891.588556498289
42627.0,-6891.577600156267
42628.0,-6891.566643814246
42629.0,-6891.555687472224
42630.0,-6891.544731130202
42631.0,-6891.533774788181
42632.0,-6891.522818446159
42633.0,-6891.511862104137
42634.0,-6891.500905762116
42635.0,-6891.4899494200945
42636.0,-6891.478993078073
42637.0,-6891.4680367360515
42638.0,-6891.45708039403
42639.0,-6891.446124052008
42640.0,-6891.435167709987
42641.0,-6891.424211367965
42642.0,-6891.413255025943
42643.0,-6891.402298683922
42644.0,-6891.3913423419
42645.0,-6891.380385999878
42646.0,-6891.369429657857
42647.0,-6891.358473315835
42648.0,-6891.347516973813
42649.0,-6891.336560631792
42650.0,-6891.32560428977
42651.0,-6891.314647947748
42652.0,-6891.303691605727
42653.0,-6891.292735263705
42654.0,-6891.281778921683
42655.0,-6891.270822579662
42656.0,-6891.25986623764
42657.0,-6891.248909895618
42658.0,-6891.237953553597
42659.0,-6891.2269972115755
42660.0,-6891.216040869554
42661.0,-6891.205084527533
42662.0,-6891.194128185511
42663.0,-6891.183171843489
42664.0,-6891.172215501468
42665.0,-6891.161259159446
42666.0,-6891.150302817424
42667.0,-6891.139346475403
42668.0,-6891.128390133381
42669.0,-6891.117433791359
42670.0,-6891.106477449338
42671.0,-6891.095521107316
42672.0,-6891.084564765294
42673.0,-6891.073608423273
42674.0,-6891.062652081251
42675.0,-6891.051695739229
42676.0,-6891.040739397208
42677.0,-6891.029783055186
42678.0,-6891.018826713164
42679.0,-6891.007870371143
42680.0,-6890.996914029121
42681.0,-6890.9859576870995
42682.0,-6890.975001345078
42683.0,-6890.9640450030565
42684.0,-6890.953088661035
42685.0,-6890.942132319014
42686.0,-6890.931175976992
42687.0,-6890.92021963497
42688.0,-6890.909263292949
42689.0,-6890.898306950927
42690.0,-6890.887350608905
42691.0,-6890.876394266884
42692.0,-6890.865437924862
42693.0,-6890.85448158284
42694.0,-6890.843525240819
42695.0,-6890.832568898797
42696.0,-6890.821612556775
42697.0,-6890.810656214754
42698.0,-6890.799699872732
42699.0,-6890.78874353071
42700.0,-6890.777787188689
42701.0,-6890.766830846667
42702.0,-6890.755874504645
42703.0,-6890.744918162624
42704.0,-6890.733961820602
42705.0,-6890.7230054785805
42706.0,-6890.7120491365595
42707.0,-6890.7010927945375
42708.0,-6890.690136452516
42709.0,-6890.679180110495
42710.0,-6890.668223768473
42711.0,-6890.657267426451
42712.0,-6890.64631108443
42713.0,-6890.635354742408
42714.0,-6890.624398400386
42715.0,-6890.613442058365
42716.0,-6890.602485716343
42717.0,-6890.591529374321
42718.0,-6890.5805730323
42719.0,-6890.569616690278
42720.0,-6890.558660348256
42721.0,-6890.547704006235
42722.0,-6890.536747664213
42723.0,-6890.525791322191
42724.0,-6890.51483498017
42725.0,-6890.503878638148
42726.0,-6890.492922296126
42727.0,-6890.481965954105
42728.0,-6890.471009612083
42729.0,-6890.4600532700615
42730.0,-6890.4490969280405
42731.0,-6890.438140586019
42732.0,-6890.427184243997
42733.0,-6890.416227901976
42734.0,-6890.405271559954
42735.0,-6890.394315217932
42736.0,-6890.383358875911
42737.0,-6890.372402533889
42738.0,-6890.361446191867
42739.0,-6890.350489849846
42740.0,-6890.339533507824
42741.0,-6890.328577165802
42742.0,-6890.317620823781
42743.0,-6890.306664481759
42744.0,-6890.295708139737
42745.0,-6890.284751797716
42746.0,-6890.273795455694
42747.0,-6890.262839113672
42748.0,-6890.251882771651
42749.0,-6890.240926429629
42750.0,-6890.229970087607
42751.0,-6890.219013745586
42752.0,-6890.208057403564
42753.0,-6890.1971010615425
42754.0,-6890.1861447195215
42755.0,-6890.1751883775
42756.0,-6890.164232035478
42757.0,-6890.153275693457
42758.0,-6890.142319351435
42759.0,-6890.131363009413
42760.0,-6890.120406667392
42761.0,-6890.10945032537
42762.0,-6890.098493983348
42763.0,-6890.087537641327
42764.0,-6890.076581299305
42765.0,-6890.065624957283
42766.0,-6890.054668615262
42767.0,-6890.04371227324
42768.0,-6890.032755931218
42769.0,-6890.021799589197
42770.0,-6890.010843247175
42771.0,-6889.999886905153
42772.0,-6889.988930563132
42773.0,-6889.97797422111
42774.0,-6889.967017879088
42775.0,-6889.956061537067
42776.0,-6889.9451051950455
42777.0,-6889.9341488530235
42778.0,-6889.9231925110025
42779.0,-6889.912236168981
42780.0,-6889.901279826959
42781.0,-6889.890323484938
42782.0,-6889.879367142916
42783.0,-6889.868410800894
42784.0,-6889.857454458873
42785.0,-6889.846498116851
42786.0,-6889.835541774829
42787.0,-6889.824585432808
42788.0,-6889.813629090786
42789.0,-6889.802672748764
42790.0,-6889.791716406743
42791.0,-6889.780760064721
42792.0,-6889.769803722699
42793.0,-6889.758847380678
42794.0,-6889.747891038656
42795.0,-6889.736934696634
42796.0,-6889.725978354613
42797.0,-6889.715022012591
42798.0,-6889.704065670569
42799.0,-6889.693109328548
42800.0,-6889.6821529865265
42801.0,-6889.671196644505
42802.0,-6889.6602403024835
42803.0,-6889.649283960462
42804.0,-6889.63832761844
42805.0,-6889.627371276419
42806.0,-6889.616414934397
42807.0,-6889.605458592375
42808.0,-6889.594502250354
42809.0,-6889.583545908332
42810.0,-6889.57258956631
42811.0,-6889.561633224289
42812.0,-6889.550676882267
42813.0,-6889.539720540245
42814.0,-6889.528764198224
42815.0,-6889.517807856202
42816.0,-6889.50685151418
42817.0,-6889.495895172159
42818.0,-6889.484938830137
42819.0,-6889.473982488115
42820.0,-6889.463026146094
42821.0,-6889.452069804072
42822.0,-6889.44111346205
42823.0,-6889.430157120029
42824.0,-6889.4192007780075
42825.0,-6889.408244435986
42826.0,-6889.397288093965
42827.0,-6889.386331751943
42828.0,-6889.375375409921
42829.0,-6889.3644190679
42830.0,-6889.353462725878
42831.0,-6889.342506383856
42832.0,-6889.331550041835
42833.0,-6889.320593699813
42834.0,-6889.309637357791
42835.0,-6889.29868101577
42836.0,-6889.287724673748
42837.0,-6889.276768331726
42838.0,-6889.265811989705
42839.0,-6889.254855647683
42840.0,-6889.243899305661
42841.0,-6889.23294296364
42842.0,-6889.221986621618
42843.0,-6889.211030279596
42844.0,-6889.200073937575
42845.0,-6889.189117595553
42846.0,-6889.1781612535315
42847.0,-6889.16720491151
42848.0,-6889.1562485694885
42849.0,-6889.145292227467
42850.0,-6889.134335885446
42851.0,-6889.123379543424
42852.0,-6889.112423201402
42853.0,-6889.101466859381
42854.0,-6889.090510517359
42855.0,-6889.079554175337
42856.0,-6889.068597833316
42857.0,-6889.057641491294
42858.0,-6889.046685149272
42859.0,-6889.035728807251
42860.0,-6889.024772465229
42861.0,-6889.013816123207
42862.0,-6889.002859781186
42863.0,-6888.991903439164
42864.0,-6888.980947097142
42865.0,-6888.969990755121
42866.0,-6888.959034413099
42867.0,-6888.948078071077
42868.0,-6888.937121729056
42869.0,-6888.926165387034
42870.0,-6888.9152090450125
42871.0,-6888.9042527029915
42872.0,-6888.8932963609695
42873.0,-6888.882340018948
42874.0,-6888.871383676927
42875.0,-6888.860427334905
42876.0,-6888.849470992883
42877.0,-6888.838514650862
42878.0,-6888.82755830884
42879.0,-6888.816601966818
42880.0,-6888.805645624797
42881.0,-6888.794689282775
42882.0,-6888.783732940753
42883.0,-6888.772776598732
42884.0,-6888.76182025671
42885.0,-6888.750863914688
42886.0,-6888.739907572667
42887.0,-6888.728951230645
42888.0,-6888.717994888623
42889.0,-6888.707038546602
42890.0,-6888.69608220458
42891.0,-6888.685125862558
42892.0,-6888.674169520537
42893.0,-6888.663213178515
42894.0,-6888.6522568364935
42895.0,-6888.6413004944725
42896.0,-6888.630344152451
42897.0,-6888.619387810429
42898.0,-6888.608431468408
42899.0,-6888.597475126386
42900.0,-6888.586518784364
42901.0,-6888.575562442343
42902.0,-6888.564606100321
42903.0,-6888.553649758299
42904.0,-6888.542693416278
42905.0,-6888.531737074256
42906.0,-6888.520780732234
42907.0,-6888.509824390213
42908.0,-6888.498868048191
42909.0,-6888.487911706169
42910.0,-6888.476955364148
42911.0,-6888.465999022126
42912.0,-6888.455042680104
42913.0,-6888.444086338083
42914.0,-6888.433129996061
42915.0,-6888.422173654039
42916.0,-6888.411217312018
42917.0,-6888.400260969996
42918.0,-6888.3893046279745
42919.0,-6888.3783482859535
42920.0,-6888.367391943932
42921.0,-6888.35643560191
42922.0,-6888.345479259889
42923.0,-6888.334522917867
42924.0,-6888.323566575845
42925.0,-6888.312610233824
42926.0,-6888.301653891802
42927.0,-6888.29069754978
42928.0,-6888.279741207759
42929.0,-6888.268784865737
42930.0,-6888.257828523715
42931.0,-6888.246872181694
42932.0,-6888.235915839672
42933.0,-6888.22495949765
42934.0,-6888.214003155629
42935.0,-6888.203046813607
42936.0,-6888.192090471585
42937.0,-6888.181134129564
42938.0,-6888.170177787542
42939.0,-6888.15922144552
42940.0,-6888.148265103499
42941.0,-6888.1373087614775
42942.0,-6888.1263524194555
42943.0,-6888.1153960774345
42944.0,-6888.104439735413
42945.0,-6888.093483393391
42946.0,-6888.08252705137
42947.0,-6888.071570709348
42948.0,-6888.060614367326
42949.0,-6888.049658025305
42950.0,-6888.038701683283
42951.0,-6888.027745341261
42952.0,-6888.01678899924
42953.0,-6888.005832657218
42954.0,-6887.994876315196
42955.0,-6887.983919973175
42956.0,-6887.972963631153
42957.0,-6887.962007289131
42958.0,-6887.95105094711
42959.0,-6887.940094605088
42960.0,-6887.929138263066
42961.0,-6887.918181921045
42962.0,-6887.907225579023
42963.0,-6887.896269237001
42964.0,-6887.88531289498
42965.0,-6887.8743565529585
42966.0,-6887.863400210937
42967.0,-6887.8524438689155
42968.0,-6887.841487526894
42969.0,-6887.830531184872
42970.0,-6887.819574842851
42971.0,-6887.808618500829
42972.0,-6887.797662158807
42973.0,-6887.786705816786
42974.0,-6887.775749474764
42975.0,-6887.764793132742
42976.0,-6887.753836790721
42977.0,-6887.742880448699
42978.0,-6887.731924106677
42979.0,-6887.720967764656
42980.0,-6887.710011422634
42981.0,-6887.699055080612
42982.0,-6887.688098738591
42983.0,-6887.677142396569
42984.0,-6887.666186054547
42985.0,-6887.655229712526
42986.0,-6887.644273370504
42987.0,-6887.633317028482
42988.0,-6887.622360686461
42989.0,-6887.6114043444395
42990.0,-6887.600448002418
42991.0,-6887.589491660397
42992.0,-6887.578535318375
42993.0,-6887.567578976353
42994.0,-6887.556622634332
42995.0,-6887.54566629231
42996.0,-6887.534709950288
42997.0,-6887.523753608267
42998.0,-6887.512797266245
42999.0,-6887.501840924223
43000.0,-6887.490884582202
43001.0,-6887.47992824018
43002.0,-6887.468971898158
43003.0,-6887.458015556137
43004.0,-6887.447059214115
43005.0,-6887.436102872093
43006.0,-6887.425146530072
43007.0,-6887.41419018805
43008.0,-6887.403233846028
43009.0,-6887.387321258585
43010.0,-6887.371408671141
43011.0,-6887.355496083696
43012.0,-6887.339583496253
43013.0,-6887.323670908809
43014.0,-6887.307758321364
43015.0,-6887.291845733921
43016.0,-6887.275933146477
43017.0,-6887.2600205590325
43018.0,-6887.244107971589
43019.0,-6887.228195384145
43020.0,-6887.2122827967005
43021.0,-6887.196370209257
43022.0,-6887.180457621813
43023.0,-6887.1645450343685
43024.0,-6887.148632446925
43025.0,-6887.132719859481
43026.0,-6887.116807272037
43027.0,-6887.100894684593
43028.0,-6887.084982097149
43029.0,-6887.069069509705
43030.0,-6887.053156922261
43031.0,-6887.037244334817
43032.0,-6887.021331747373
43033.0,-6887.005419159929
43034.0,-6886.989506572485
43035.0,-6886.973593985041
43036.0,-6886.957681397597
43037.0,-6886.941768810153
43038.0,-6886.925856222709
43039.0,-6886.909943635265
43040.0,-6886.894031047821
43041.0,-6886.878118460377
43042.0,-6886.862205872933
43043.0,-6886.846293285489
43044.0,-6886.830380698045
43045.0,-6886.814468110601
43046.0,-6886.798555523157
43047.0,-6886.782642935713
43048.0,-6886.766730348269
43049.0,-6886.750817760825
43050.0,-6886.734905173381
43051.0,-6886.7189925859375
43052.0,-6886.703079998493
43053.0,-6886.687167411049
43054.0,-6886.6712548236055
43055.0,-6886.655342236161
43056.0,-6886.639429648717
43057.0,-6886.623517061274
43058.0,-6886.607604473829
43059.0,-6886.591691886385
43060.0,-6886.575779298942
43061.0,-6886.559866711497
43062.0,-6886.543954124053
43063.0,-6886.52804153661
43064.0,-6886.512128949165
43065.0,-6886.496216361721
43066.0,-6886.480303774278
43067.0,-6886.464391186833
43068.0,-6886.448478599389
43069.0,-6886.432566011946
43070.0,-6886.416653424501
43071.0,-6886.400740837057
43072.0,-6886.384828249614
43073.0,-6886.3689156621695
43074.0,-6886.353003074725
43075.0,-6886.337090487282
43076.0,-6886.3211778998375
43077.0,-6886.305265312393
43078.0,-6886.28935272495
43079.0,-6886.2734401375055
43080.0,-6886.257527550061
43081.0,-6886.241614962618
43082.0,-6886.225702375174
43083.0,-6886.209789787729
43084.0,-6886.193877200286
43085.0,-6886.177964612842
43086.0,-6886.162052025397
43087.0,-6886.146139437954
43088.0,-6886.13022685051
43089.0,-6886.114314263065
43090.0,-6886.098401675622
43091.0,-6886.082489088178
43092.0,-6886.066576500733
43093.0,-6886.05066391329
43094.0,-6886.034751325846
43095.0,-6886.018838738401
43096.0,-6886.002926150958
43097.0,-6885.987013563514
43098.0,-6885.9711009760695
43099.0,-6885.955188388626
43100.0,-6885.939275801182
43101.0,-6885.9233632137375
43102.0,-6885.907450626294
43103.0,-6885.89153803885
43104.0,-6885.8756254514055
43105.0,-6885.859712863962
43106.0,-6885.843800276518
43107.0,-6885.827887689074
43108.0,-6885.81197510163
43109.0,-6885.796062514186
43110.0,-6885.780149926742
43111.0,-6885.764237339298
43112.0,-6885.748324751854
43113.0,-6885.73241216441
43114.0,-6885.716499576966
43115.0,-6885.700586989522
43116.0,-6885.684674402078
43117.0,-6885.668761814634
43118.0,-6885.65284922719
43119.0,-6885.636936639746
43120.0,-6885.621024052302
43121.0,-6885.605111464858
43122.0,-6885.589198877414
43123.0,-6885.57328628997
43124.0,-6885.557373702526
43125.0,-6885.541461115082
43126.0,-6885.525548527638
43127.0,-6885.509635940194
43128.0,-6885.49372335275
43129.0,-6885.4778107653065
43130.0,-6885.461898177862
43131.0,-6885.445985590418
43132.0,-6885.4300730029745
43133.0,-6885.41416041553
43134.0,-6885.398247828086
43135.0,-6885.3823352406425
43136.0,-6885.366422653198
43137.0,-6885.350510065754
43138.0,-6885.334597478311
43139.0,-6885.318684890866
43140.0,-6885.302772303422
43141.0,-6885.286859715979
43142.0,-6885.270947128534
43143.0,-6885.25503454109
43144.0,-6885.239121953647
43145.0,-6885.223209366202
43146.0,-6885.207296778758
43147.0,-6885.191384191315
43148.0,-6885.17547160387
43149.0,-6885.159559016426
43150.0,-6885.143646428983
43151.0,-6885.127733841538
43152.0,-6885.111821254094
43153.0,-6885.095908666651
43154.0,-6885.0799960792065
43155.0,-6885.064083491762
43156.0,-6885.048170904319
43157.0,-6885.0322583168745
43158.0,-6885.01634572943
43159.0,-6885.000433141987
43160.0,-6884.9845205545425
43161.0,-6884.968607967098
43162.0,-6884.952695379655
43163.0,-6884.936782792211
43164.0,-6884.920870204766
43165.0,-6884.904957617323
43166.0,-6884.889045029879
43167.0,-6884.873132442434
43168.0,-6884.857219854991
43169.0,-6884.841307267547
43170.0,-6884.825394680102
43171.0,-6884.809482092659
43172.0,-6884.793569505215
43173.0,-6884.77765691777
43174.0,-6884.761744330327
43175.0,-6884.745831742883
43176.0,-6884.729919155438
43177.0,-6884.714006567995
43178.0,-6884.698093980551
43179.0,-6884.6821813931065
43180.0,-6884.666268805663
43181.0,-6884.650356218219
43182.0,-6884.6344436307745
43183.0,-6884.618531043331
43184.0,-6884.602618455887
43185.0,-6884.586705868443
43186.0,-6884.570793280999
43187.0,-6884.554880693555
43188.0,-6884.538968106111
43189.0,-6884.523055518667
43190.0,-6884.507142931223
43191.0,-6884.491230343779
43192.0,-6884.475317756335
43193.0,-6884.459405168891
43194.0,-6884.443492581447
43195.0,-6884.427579994003
43196.0,-6884.411667406559
43197.0,-6884.395754819115
43198.0,-6884.379842231671
43199.0,-6884.363929644227
43200.0,-6884.348017056783
43201.0,-6884.332104469339
43202.0,-6884.316191881895
43203.0,-6884.300279294451
43204.0,-6884.284366707007
43205.0,-6884.268454119563
43206.0,-6884.252541532119
43207.0,-6884.236628944675
43208.0,-6884.220716357231
43209.0,-6884.204803769787
43210.0,-6884.1888911823435
43211.0,-6884.172978594899
43212.0,-6884.157066007455
43213.0,-6884.1411534200115
43214.0,-6884.125240832567
43215.0,-6884.109328245123
43216.0,-6884.0934156576795
43217.0,-6884.077503070235
43218.0,-6884.061590482791
43219.0,-6884.045677895348
43220.0,-6884.029765307903
43221.0,-6884.013852720459
43222.0,-6883.997940133016
43223.0,-6883.982027545571
43224.0,-6883.966114958127
43225.0,-6883.950202370684
43226.0,-6883.934289783239
43227.0,-6883.918377195795
43228.0,-6883.902464608352
43229.0,-6883.886552020907
43230.0,-6883.870639433463
43231.0,-6883.85472684602
43232.0,-6883.838814258575
43233.0,-6883.822901671131
43234.0,-6883.806989083688
43235.0,-6883.7910764962435
43236.0,-6883.775163908799
43237.0,-6883.759251321356
43238.0,-6883.7433387339115
43239.0,-6883.727426146467
43240.0,-6883.711513559024
43241.0,-6883.69560097158
43242.0,-6883.679688384135
43243.0,-6883.663775796692
43244.0,-6883.647863209248
43245.0,-6883.631950621803
43246.0,-6883.61603803436
43247.0,-6883.600125446916
43248.0,-6883.584212859471
43249.0,-6883.568300272028
43250.0,-6883.552387684584
43251.0,-6883.536475097139
43252.0,-6883.520562509696
43253.0,-6883.504649922252
43254.0,-6883.488737334807
43255.0,-6883.472824747364
43256.0,-6883.45691215992
43257.0,-6883.440999572475
43258.0,-6883.425086985032
43259.0,-6883.409174397588
43260.0,-6883.3932618101435
43261.0,-6883.3773492227
43262.0,-6883.361436635256
43263.0,-6883.3455240478115
43264.0,-6883.329611460368
43265.0,-6883.313698872924
43266.0,-6883.29778628548
43267.0,-6883.281873698036
43268.0,-6883.265961110592
43269.0,-6883.250048523148
43270.0,-6883.234135935704
43271.0,-6883.21822334826
43272.0,-6883.202310760816
43273.0,-6883.186398173372
43274.0,-6883.170485585928
43275.0,-6883.154572998484
43276.0,-6883.13866041104
43277.0,-6883.122747823596
43278.0,-6883.106835236152
43279.0,-6883.090922648708
43280.0,-6883.075010061264
43281.0,-6883.05909747382
43282.0,-6883.043184886376
43283.0,-6883.027272298932
43284.0,-6883.011359711488
43285.0,-6882.995447124044
43286.0,-6882.9795345366
43287.0,-6882.963621949156
43288.0,-6882.947709361712
43289.0,-6882.931796774268
43290.0,-6882.915884186824
43291.0,-6882.8999715993805
43292.0,-6882.884059011936
43293.0,-6882.868146424492
43294.0,-6882.8522338370485
43295.0,-6882.836321249604
43296.0,-6882.82040866216
43297.0,-6882.804496074717
43298.0,-6882.788583487272
43299.0,-6882.772670899828
43300.0,-6882.756758312385
43301.0,-6882.74084572494
43302.0,-6882.724933137496
43303.0,-6882.709020550053
43304.0,-6882.693107962608
43305.0,-6882.677195375164
43306.0,-6882.661282787721
43307.0,-6882.645370200276
43308.0,-6882.629457612832
43309.0,-6882.613545025389
43310.0,-6882.597632437944
43311.0,-6882.5817198505
43312.0,-6882.565807263057
43313.0,-6882.549894675612
43314.0,-6882.533982088168
43315.0,-6882.518069500725
43316.0,-6882.5021569132805
43317.0,-6882.486244325836
43318.0,-6882.470331738393
43319.0,-6882.4544191509485
43320.0,-6882.438506563504
43321.0,-6882.422593976061
43322.0,-6882.406681388617
43323.0,-6882.390768801172
43324.0,-6882.374856213729
43325.0,-6882.358943626285
43326.0,-6882.34303103884
43327.0,-6882.327118451397
43328.0,-6882.311205863953
43329.0,-6882.295293276508
43330.0,-6882.279380689065
43331.0,-6882.263468101621
43332.0,-6882.247555514176
43333.0,-6882.231642926733
43334.0,-6882.215730339289
43335.0,-6882.199817751844
43336.0,-6882.183905164401
43337.0,-6882.167992576957
43338.0,-6882.1520799895125
43339.0,-6882.136167402069
43340.0,-6882.120254814625
43341.0,-6882.1043422271805
43342.0,-6882.088429639737
43343.0,-6882.072517052293
43344.0,-6882.0566044648485
43345.0,-6882.040691877405
43346.0,-6882.024779289961
43347.0,-6882.008866702517
43348.0,-6881.992954115073
43349.0,-6881.977041527629
43350.0,-6881.961128940185
43351.0,-6881.945216352741
43352.0,-6881.929303765297
43353.0,-6881.913391177853
43354.0,-6881.897478590409
43355.0,-6881.881566002965
43356.0,-6881.865653415521
43357.0,-6881.849740828077
43358.0,-6881.833828240633
43359.0,-6881.817915653189
43360.0,-6881.802003065745
43361.0,-6881.786090478301
43362.0,-6881.770177890857
43363.0,-6881.754265303413
43364.0,-6881.738352715969
43365.0,-6881.722440128525
43366.0,-6881.706527541081
43367.0,-6881.690614953637
43368.0,-6881.674702366193
43369.0,-6881.658789778749
43370.0,-6881.642877191305
43371.0,-6881.626964603861
43372.0,-6881.6110520164175
43373.0,-6881.595139428973
43374.0,-6881.579226841529
43375.0,-6881.5633142540855
43376.0,-6881.547401666641
43377.0,-6881.531489079197
43378.0,-6881.515576491754
43379.0,-6881.499663904309
43380.0,-6881.483751316865
43381.0,-6881.467838729422
43382.0,-6881.451926141977
43383.0,-6881.436013554533
43384.0,-6881.42010096709
43385.0,-6881.404188379645
43386.0,-6881.388275792201
43387.0,-6881.372363204758
43388.0,-6881.356450617313
43389.0,-6881.340538029869
43390.0,-6881.324625442426
43391.0,-6881.308712854981
43392.0,-6881.292800267537
43393.0,-6881.276887680094
43394.0,-6881.2609750926495
43395.0,-6881.245062505205
43396.0,-6881.229149917762
43397.0,-6881.2132373303175
43398.0,-6881.197324742873
43399.0,-6881.18141215543
43400.0,-6881.1654995679855
43401.0,-6881.149586980541
43402.0,-6881.133674393098
43403.0,-6881.117761805654
43404.0,-6881.101849218209
43405.0,-6881.085936630766
43406.0,-6881.070024043322
43407.0,-6881.054111455877
43408.0,-6881.038198868434
43409.0,-6881.02228628099
43410.0,-6881.006373693545
43411.0,-6880.990461106102
43412.0,-6880.974548518658
43413.0,-6880.958635931213
43414.0,-6880.94272334377
43415.0,-6880.926810756326
43416.0,-6880.910898168881
43417.0,-6880.894985581438
43418.0,-6880.879072993994
43419.0,-6880.8631604065495
43420.0,-6880.847247819106
43421.0,-6880.831335231662
43422.0,-6880.8154226442175
43423.0,-6880.799510056774
43424.0,-6880.78359746933
43425.0,-6880.7676848818855
43426.0,-6880.751772294442
43427.0,-6880.735859706998
43428.0,-6880.719947119554
43429.0,-6880.70403453211
43430.0,-6880.688121944666
43431.0,-6880.672209357222
43432.0,-6880.656296769778
43433.0,-6880.640384182334
43434.0,-6880.62447159489
43435.0,-6880.608559007446
43436.0,-6880.592646420002
43437.0,-6880.576733832558
43438.0,-6880.560821245114
43439.0,-6880.54490865767
43440.0,-6880.528996070226
43441.0,-6880.513083482782
43442.0,-6880.497170895338
43443.0,-6880.481258307894
43444.0,-6880.46534572045
43445.0,-6880.449433133006
43446.0,-6880.433520545562
43447.0,-6880.417607958118
43448.0,-6880.401695370674
43449.0,-6880.38578278323
43450.0,-6880.3698701957865
43451.0,-6880.353957608342
43452.0,-6880.338045020898
43453.0,-6880.3221324334545
43454.0,-6880.30621984601
43455.0,-6880.290307258566
43456.0,-6880.2743946711225
43457.0,-6880.258482083678
43458.0,-6880.242569496234
43459.0,-6880.226656908791
43460.0,-6880.210744321346
43461.0,-6880.194831733902
43462.0,-6880.178919146459
43463.0,-6880.163006559014
43464.0,-6880.14709397157
43465.0,-6880.131181384127
43466.0,-6880.115268796682
43467.0,-6880.099356209238
43468.0,-6880.083443621795
43469.0,-6880.06753103435
43470.0,-6880.051618446906
43471.0,-6880.035705859463
43472.0,-6880.019793272018
43473.0,-6880.003880684574
43474.0,-6879.987968097131
43475.0,-6879.9720555096865
43476.0,-6879.956142922242
43477.0,-6879.940230334799
43478.0,-6879.9243177473545
43479.0,-6879.90840515991
43480.0,-6879.892492572467
43481.0,-6879.8765799850225
43482.0,-6879.860667397578
43483.0,-6879.844754810135
43484.0,-6879.828842222691
43485.0,-6879.812929635246
43486.0,-6879.797017047803
43487.0,-6879.781104460359
43488.0,-6879.765191872914
43489.0,-6879.749279285471
43490.0,-6879.733366698027
43491.0,-6879.717454110582
43492.0,-6879.701541523139
43493.0,-6879.685628935695
43494.0,-6879.66971634825
43495.0,-6879.653803760807
43496.0,-6879.637891173363
43497.0,-6879.621978585918
43498.0,-6879.606065998475
43499.0,-6879.590153411031
43500.0,-6879.5742408235865
43501.0,-6879.558328236143
43502.0,-6879.542415648699
43503.0,-6879.5265030612545
43504.0,-6879.510590473811
43505.0,-6879.494677886367
43506.0,-6879.478765298923
43507.0,-6879.462852711479
43508.0,-6879.446940124035
43509.0,-6879.431027536591
43510.0,-6879.415114949147
43511.0,-6879.399202361703
43512.0,-6879.383289774259
43513.0,-6879.367377186815
43514.0,-6879.351464599371
43515.0,-6879.335552011927
43516.0,-6879.319639424483
43517.0,-6879.303726837039
43518.0,-6879.287814249595
43519.0,-6879.271901662151
43520.0,-6879.255989074707
43521.0,-6879.240076487263
43522.0,-6879.224163899819
43523.0,-6879.208251312375
43524.0,-6879.192338724931
43525.0,-6879.176426137487
43526.0,-6879.160513550043
43527.0,-6879.144600962599
43528.0,-6879.128688375155
43529.0,-6879.112775787711
43530.0,-6879.096863200267
43531.0,-6879.0809506128235
43532.0,-6879.065038025379
43533.0,-6879.049125437935
43534.0,-6879.0332128504915
43535.0,-6879.017300263047
43536.0,-6879.001387675603
43537.0,-6878.98547508816
43538.0,-6878.969562500715
43539.0,-6878.953649913271
43540.0,-6878.937737325828
43541.0,-6878.921824738383
43542.0,-6878.905912150939
43543.0,-6878.889999563496
43544.0,-6878.874086976051
43545.0,-6878.858174388607
43546.0,-6878.842261801164
43547.0,-6878.826349213719
43548.0,-6878.810436626275
43549.0,-6878.794524038832
43550.0,-6878.778611451387
43551.0,-6878.762698863943
43552.0,-6878.7467862765
43553.0,-6878.730873689055
43554.0,-6878.714961101611
43555.0,-6878.699048514168
43556.0,-6878.6831359267235
43557.0,-6878.667223339279
43558.0,-6878.651310751836
43559.0,-6878.6353981643915
43560.0,-6878.619485576947
43561.0,-6878.603572989504
43562.0,-6878.58766040206
43563.0,-6878.571747814615
43564.0,-6878.555835227172
43565.0,-6878.539922639728
43566.0,-6878.524010052283
43567.0,-6878.50809746484
43568.0,-6878.492184877396
43569.0,-6878.476272289951
43570.0,-6878.460359702508
43571.0,-6878.444447115064
43572.0,-6878.428534527619
43573.0,-6878.412621940176
43574.0,-6878.396709352732
43575.0,-6878.380796765287
43576.0,-6878.364884177844
43577.0,-6878.3489715904
43578.0,-6878.333059002955
43579.0,-6878.317146415512
43580.0,-6878.301233828068
43581.0,-6878.2853212406235
43582.0,-6878.26940865318
43583.0,-6878.253496065736
43584.0,-6878.2375834782915
43585.0,-6878.221670890848
43586.0,-6878.205758303404
43587.0,-6878.18984571596
43588.0,-6878.173933128516
43589.0,-6878.158020541072
43590.0,-6878.142107953628
43591.0,-6878.126195366184
43592.0,-6878.11028277874
43593.0,-6878.094370191296
43594.0,-6878.078457603852
43595.0,-6878.062545016408
43596.0,-6878.046632428964
43597.0,-6878.03071984152
43598.0,-6878.014807254076
43599.0,-6877.998894666632
43600.0,-6877.982982079188
43601.0,-6877.967069491744
43602.0,-6877.9511569043
43603.0,-6877.935244316856
43604.0,-6877.919331729412
43605.0,-6877.903419141968
43606.0,-6877.887506554524
43607.0,-6877.87159396708
43608.0,-6877.855681379636
43609.0,-6877.839768792192
43610.0,-6877.823856204748
43611.0,-6877.807943617304
43612.0,-6877.7920310298605
43613.0,-6877.776118442416
43614.0,-6877.760205854972
43615.0,-6877.7442932675285
43616.0,-6877.728380680084
43617.0,-6877.71246809264
43618.0,-6877.696555505197
43619.0,-6877.680642917752
43620.0,-6877.664730330308
43621.0,-6877.648817742865
43622.0,-6877.63290515542
43623.0,-6877.616992567976
43624.0,-6877.601079980533
43625.0,-6877.585167393088
43626.0,-6877.569254805644
43627.0,-6877.553342218201
43628.0,-6877.537429630756
43629.0,-6877.521517043312
43630.0,-6877.505604455869
43631.0,-6877.489691868424
43632.0,-6877.47377928098
43633.0,-6877.457866693537
43634.0,-6877.441954106092
43635.0,-6877.426041518648
43636.0,-6877.410128931205
43637.0,-6877.3942163437605
43638.0,-6877.378303756316
43639.0,-6877.362391168873
43640.0,-6877.3464785814285
43641.0,-6877.330565993984
43642.0,-6877.314653406541
43643.0,-6877.298740819097
43644.0,-6877.282828231652
43645.0,-6877.266915644209
43646.0,-6877.251003056765
43647.0,-6877.23509046932
43648.0,-6877.219177881877
43649.0,-6877.203265294433
43650.0,-6877.187352706988
43651.0,-6877.171440119545
43652.0,-6877.155527532101
43653.0,-6877.139614944656
43654.0,-6877.123702357213
43655.0,-6877.107789769769
43656.0,-6877.091877182324
43657.0,-6877.075964594881
43658.0,-6877.060052007437
43659.0,-6877.0441394199925
43660.0,-6877.028226832549
43661.0,-6877.012314245105
43662.0,-6876.9964016576605
43663.0,-6876.980489070217
43664.0,-6876.964576482773
43665.0,-6876.9486638953285
43666.0,-6876.932751307885
43667.0,-6876.916838720441
43668.0,-6876.900926132997
43669.0,-6876.885013545553
43670.0,-6876.869100958109
43671.0,-6876.853188370665
43672.0,-6876.837275783221
43673.0,-6876.821363195777
43674.0,-6876.805450608333
43675.0,-6876.789538020889
43676.0,-6876.773625433445
43677.0,-6876.757712846001
43678.0,-6876.741800258557
43679.0,-6876.725887671113
43680.0,-6876.709975083669
43681.0,-6876.694062496225
43682.0,-6876.678149908781
43683.0,-6876.662237321337
43684.0,-6876.646324733893
43685.0,-6876.630412146449
43686.0,-6876.614499559005
43687.0,-6876.598586971561
43688.0,-6876.582674384117
43689.0,-6876.566761796673
43690.0,-6876.550849209229
43691.0,-6876.534936621785
43692.0,-6876.519024034341
43693.0,-6876.5031114468975
43694.0,-6876.487198859453
43695.0,-6876.471286272009
43696.0,-6876.4553736845655
43697.0,-6876.439461097121
43698.0,-6876.423548509677
43699.0,-6876.407635922234
43700.0,-6876.391723334789
43701.0,-6876.375810747345
43702.0,-6876.359898159902
43703.0,-6876.343985572457
43704.0,-6876.328072985013
43705.0,-6876.31216039757
43706.0,-6876.296247810125
43707.0,-6876.280335222681
43708.0,-6876.264422635238
43709.0,-6876.248510047793
43710.0,-6876.232597460349
43711.0,-6876.216684872906
43712.0,-6876.200772285461
43713.0,-6876.184859698017
43714.0,-6876.168947110574
43715.0,-6876.1530345231295
43716.0,-6876.137121935685
43717.0,-6876.121209348242
43718.0,-6876.1052967607975
43719.0,-6876.089384173353
43720.0,-6876.07347158591
43721.0,-6876.0575589984655
43722.0,-6876.041646411021
43723.0,-6876.025733823578
43724.0,-6876.009821236134
43725.0,-6875.993908648689
43726.0,-6875.977996061246
43727.0,-6875.962083473802
43728.0,-6875.946170886357
43729.0,-6875.930258298914
43730.0,-6875.91434571147
43731.0,-6875.898433124025
43732.0,-6875.882520536582
43733.0,-6875.866607949138
43734.0,-6875.850695361693
43735.0,-6875.83478277425
43736.0,-6875.818870186806
43737.0,-6875.802957599361
43738.0,-6875.787045011918
43739.0,-6875.771132424474
43740.0,-6875.7552198370295
43741.0,-6875.739307249586
43742.0,-6875.723394662142
43743.0,-6875.7074820746975
43744.0,-6875.691569487254
43745.0,-6875.67565689981
43746.0,-6875.659744312366
43747.0,-6875.643831724922
43748.0,-6875.627919137478
43749.0,-6875.612006550034
43750.0,-6875.59609396259
43751.0,-6875.580181375146
43752.0,-6875.564268787702
43753.0,-6875.548356200258
43754.0,-6875.532443612814
43755.0,-6875.51653102537
43756.0,-6875.500618437926
43757.0,-6875.484705850482
43758.0,-6875.468793263038
43759.0,-6875.452880675594
43760.0,-6875.43696808815
43761.0,-6875.421055500706
43762.0,-6875.405142913262
43763.0,-6875.389230325818
43764.0,-6875.373317738374
43765.0,-6875.35740515093
43766.0,-6875.341492563486
43767.0,-6875.325579976042
43768.0,-6875.309667388598
43769.0,-6875.293754801154
43770.0,-6875.27784221371
43771.0,-6875.2619296262665
43772.0,-6875.246017038822
43773.0,-6875.230104451378
43774.0,-6875.2141918639345
43775.0,-6875.19827927649
43776.0,-6875.182366689046
43777.0,-6875.1664541016025
43778.0,-6875.150541514158
43779.0,-6875.134628926714
43780.0,-6875.118716339271
43781.0,-6875.102803751826
43782.0,-6875.086891164382
43783.0,-6875.070978576939
43784.0,-6875.055065989494
43785.0,-6875.03915340205
43786.0,-6875.023240814607
43787.0,-6875.007328227162
43788.0,-6874.991415639718
43789.0,-6874.975503052275
43790.0,-6874.95959046483
43791.0,-6874.943677877386
43792.0,-6874.927765289943
43793.0,-6874.911852702498
43794.0,-6874.895940115054
43795.0,-6874.880027527611
43796.0,-6874.8641149401665
43797.0,-6874.848202352722
43798.0,-6874.832289765279
43799.0,-6874.8163771778345
43800.0,-6874.80046459039
43801.0,-6874.784552002947
43802.0,-6874.768639415503
43803.0,-6874.752726828058
43804.0,-6874.736814240615
43805.0,-6874.720901653171
43806.0,-6874.704989065726
43807.0,-6874.689076478283
43808.0,-6874.673163890839
43809.0,-6874.657251303394
43810.0,-6874.641338715951
43811.0,-6874.625426128507
43812.0,-6874.609513541062
43813.0,-6874.593600953619
43814.0,-6874.577688366175
43815.0,-6874.56177577873
43816.0,-6874.545863191287
43817.0,-6874.529950603843
43818.0,-6874.514038016398
43819.0,-6874.498125428955
43820.0,-6874.482212841511
43821.0,-6874.4663002540665
43822.0,-6874.450387666623
43823.0,-6874.434475079179
43824.0,-6874.4185624917345
43825.0,-6874.402649904291
43826.0,-6874.386737316847
43827.0,-6874.370824729403
43828.0,-6874.354912141959
43829.0,-6874.338999554515
43830.0,-6874.323086967071
43831.0,-6874.307174379627
43832.0,-6874.291261792183
43833.0,-6874.275349204739
43834.0,-6874.259436617295
43835.0,-6874.243524029851
43836.0,-6874.227611442407
43837.0,-6874.211698854963
43838.0,-6874.195786267519
43839.0,-6874.179873680075
43840.0,-6874.163961092631
43841.0,-6874.148048505187
43842.0,-6874.132135917743
43843.0,-6874.116223330299
43844.0,-6874.100310742855
43845.0,-6874.084398155411
43846.0,-6874.068485567967
43847.0,-6874.052572980523
43848.0,-6874.036660393079
43849.0,-6874.020747805635
43850.0,-6874.004835218191
43851.0,-6873.988922630747
43852.0,-6873.9730100433035
43853.0,-6873.957097455859
43854.0,-6873.941184868415
43855.0,-6873.9252722809715
43856.0,-6873.909359693527
43857.0,-6873.893447106083
43858.0,-6873.87753451864
43859.0,-6873.861621931195
43860.0,-6873.845709343751
43861.0,-6873.829796756308
43862.0,-6873.813884168863
43863.0,-6873.797971581419
43864.0,-6873.782058993976
43865.0,-6873.766146406531
43866.0,-6873.750233819087
43867.0,-6873.734321231644
43868.0,-6873.718408644199
43869.0,-6873.702496056755
43870.0,-6873.686583469312
43871.0,-6873.670670881867
43872.0,-6873.654758294423
43873.0,-6873.63884570698
43874.0,-6873.622933119535
43875.0,-6873.607020532091
43876.0,-6873.591107944648
43877.0,-6873.5751953572035
43878.0,-6873.559282769759
43879.0,-6873.543370182316
43880.0,-6873.5274575948715
43881.0,-6873.511545007427
43882.0,-6873.495632419984
43883.0,-6873.47971983254
43884.0,-6873.463807245095
43885.0,-6873.447894657652
43886.0,-6873.431982070208
43887.0,-6873.416069482763
43888.0,-6873.40015689532
43889.0,-6873.384244307876
43890.0,-6873.368331720431
43891.0,-6873.352419132988
43892.0,-6873.336506545544
43893.0,-6873.320593958099
43894.0,-6873.304681370656
43895.0,-6873.288768783212
43896.0,-6873.272856195767
43897.0,-6873.256943608324
43898.0,-6873.24103102088
43899.0,-6873.2251184334355
43900.0,-6873.209205845992
43901.0,-6873.193293258548
43902.0,-6873.1773806711035
43903.0,-6873.16146808366
43904.0,-6873.145555496216
43905.0,-6873.1296429087715
43906.0,-6873.113730321328
43907.0,-6873.097817733884
43908.0,-6873.08190514644
43909.0,-6873.065992558996
43910.0,-6873.050079971552
43911.0,-6873.034167384108
43912.0,-6873.018254796664
43913.0,-6873.00234220922
43914.0,-6872.986429621776
43915.0,-6872.970517034332
43916.0,-6872.954604446888
43917.0,-6872.938691859444
43918.0,-6872.922779272
43919.0,-6872.906866684556
43920.0,-6872.890954097112
43921.0,-6872.875041509668
43922.0,-6872.859128922224
43923.0,-6872.84321633478
43924.0,-6872.827303747336
43925.0,-6872.811391159892
43926.0,-6872.795478572448
43927.0,-6872.779565985004
43928.0,-6872.76365339756
43929.0,-6872.747740810116
43930.0,-6872.731828222672
43931.0,-6872.715915635228
43932.0,-6872.700003047784
43933.0,-6872.6840904603405
43934.0,-6872.668177872896
43935.0,-6872.652265285452
43936.0,-6872.6363526980085
43937.0,-6872.620440110564
43938.0,-6872.60452752312
43939.0,-6872.588614935677
43940.0,-6872.572702348232
43941.0,-6872.556789760788
43942.0,-6872.540877173345
43943.0,-6872.5249645859
43944.0,-6872.509051998456
43945.0,-6872.493139411013
43946.0,-6872.477226823568
43947.0,-6872.461314236124
43948.0,-6872.445401648681
43949.0,-6872.429489061236
43950.0,-6872.413576473792
43951.0,-6872.397663886349
43952.0,-6872.381751298904
43953.0,-6872.36583871146
43954.0,-6872.349926124017
43955.0,-6872.3340135365725
43956.0,-6872.318100949128
43957.0,-6872.302188361685
43958.0,-6872.2862757742405
43959.0,-6872.270363186796
43960.0,-6872.254450599353
43961.0,-6872.2385380119085
43962.0,-6872.222625424464
43963.0,-6872.206712837021
43964.0,-6872.190800249577
43965.0,-6872.174887662132
43966.0,-6872.158975074689
43967.0,-6872.143062487245
43968.0,-6872.1271498998
43969.0,-6872.111237312357
43970.0,-6872.095324724913
43971.0,-6872.079412137468
43972.0,-6872.063499550025
43973.0,-6872.047586962581
43974.0,-6872.031674375136
43975.0,-6872.015761787693
43976.0,-6871.999849200249
43977.0,-6871.983936612804
43978.0,-6871.968024025361
43979.0,-6871.952111437917
43980.0,-6871.9361988504725
43981.0,-6871.920286263029
43982.0,-6871.904373675585
43983.0,-6871.8884610881405
43984.0,-6871.872548500697
43985.0,-6871.856635913253
43986.0,-6871.8407233258085
43987.0,-6871.824810738365
43988.0,-6871.808898150921
43989.0,-6871.792985563477
43990.0,-6871.777072976033
43991.0,-6871.761160388589
43992.0,-6871.745247801145
43993.0,-6871.729335213701
43994.0,-6871.713422626257
43995.0,-6871.697510038813
43996.0,-6871.681597451369
43997.0,-6871.665684863925
43998.0,-6871.649772276481
43999.0,-6871.633859689037
44000.0,-6871.617947101593
44001.0,-6871.602034514149
44002.0,-6871.586121926705
44003.0,-6871.570209339261
44004.0,-6871.554296751817
44005.0,-6871.538384164373
44006.0,-6871.522471576929
44007.0,-6871.506558989485
44008.0,-6871.490646402041
44009.0,-6871.474733814597
44010.0,-6871.458821227153
44011.0,-6871.4429086397095
44012.0,-6871.426996052265
44013.0,-6871.411083464821
44014.0,-6871.3951708773775
44015.0,-6871.379258289933
44016.0,-6871.363345702489
44017.0,-6871.3474331150455
44018.0,-6871.331520527601
44019.0,-6871.315607940157
44020.0,-6871.299695352714
44021.0,-6871.283782765269
44022.0,-6871.267870177825
44023.0,-6871.251957590382
44024.0,-6871.236045002937
44025.0,-6871.220132415493
44026.0,-6871.20421982805
44027.0,-6871.188307240605
44028.0,-6871.172394653161
44029.0,-6871.156482065718
44030.0,-6871.140569478273
44031.0,-6871.124656890829
44032.0,-6871.108744303386
44033.0,-6871.133493120472
44034.0,-6871.158241937558
44035.0,-6871.182990754644
44036.0,-6871.207739571731
44037.0,-6871.232488388817
44038.0,-6871.257237205903
44039.0,-6871.281986022989
44040.0,-6871.3067348400755
44041.0,-6871.331483657162
44042.0,-6871.356232474248
44043.0,-6871.380981291334
44044.0,-6871.40573010842
44045.0,-6871.430478925507
44046.0,-6871.455227742593
44047.0,-6871.479976559679
44048.0,-6871.504725376765
44049.0,-6871.5294741938515
44050.0,-6871.554223010938
44051.0,-6871.578971828024
44052.0,-6871.60372064511
44053.0,-6871.628469462196
44054.0,-6871.653218279283
44055.0,-6871.677967096369
44056.0,-6871.702715913455
44057.0,-6871.727464730541
44058.0,-6871.752213547627
44059.0,-6871.776962364714
44060.0,-6871.8017111818
44061.0,-6871.826459998886
44062.0,-6871.851208815972
44063.0,-6871.8759576330585
44064.0,-6871.900706450145
44065.0,-6871.925455267231
44066.0,-6871.950204084317
44067.0,-6871.974952901403
44068.0,-6871.99970171849
44069.0,-6872.024450535576
44070.0,-6872.049199352662
44071.0,-6872.073948169748
44072.0,-6872.0986969868345
44073.0,-6872.123445803921
44074.0,-6872.148194621007
44075.0,-6872.172943438093
44076.0,-6872.197692255179
44077.0,-6872.222441072266
44078.0,-6872.247189889352
44079.0,-6872.271938706438
44080.0,-6872.296687523524
44081.0,-6872.3214363406105
44082.0,-6872.346185157697
44083.0,-6872.370933974783
44084.0,-6872.395682791869
44085.0,-6872.420431608955
44086.0,-6872.445180426042
44087.0,-6872.469929243128
44088.0,-6872.494678060214
44089.0,-6872.5194268773
44090.0,-6872.5441756943865
44091.0,-6872.568924511473
44092.0,-6872.593673328559
44093.0,-6872.618422145645
44094.0,-6872.643170962731
44095.0,-6872.667919779818
44096.0,-6872.692668596904
44097.0,-6872.71741741399
44098.0,-6872.742166231076
44099.0,-6872.766915048162
44100.0,-6872.791663865249
44101.0,-6872.816412682335
44102.0,-6872.841161499421
44103.0,-6872.865910316507
44104.0,-6872.8906591335935
44105.0,-6872.91540795068
44106.0,-6872.940156767766
44107.0,-6872.964905584852
44108.0,-6872.989654401938
44109.0,-6873.014403219025
44110.0,-6873.039152036111
44111.0,-6873.063900853197
44112.0,-6873.088649670283
44113.0,-6873.1133984873695
44114.0,-6873.138147304456
44115.0,-6873.162896121542
44116.0,-6873.187644938628
44117.0,-6873.212393755714
44118.0,-6873.237142572801
44119.0,-6873.261891389887
44120.0,-6873.286640206973
44121.0,-6873.311389024059
44122.0,-6873.3361378411455
44123.0,-6873.360886658232
44124.0,-6873.385635475318
44125.0,-6873.410384292404
44126.0,-6873.43513310949
44127.0,-6873.459881926577
44128.0,-6873.484630743663
44129.0,-6873.509379560749
44130.0,-6873.534128377835
44131.0,-6873.5588771949215
44132.0,-6873.583626012008
44133.0,-6873.608374829094
44134.0,-6873.63312364618
44135.0,-6873.657872463266
44136.0,-6873.682621280353
44137.0,-6873.707370097439
44138.0,-6873.732118914525
44139.0,-6873.756867731611
44140.0,-6873.7816165486975
44141.0,-6873.806365365784
44142.0,-6873.83111418287
44143.0,-6873.855862999956
44144.0,-6873.880611817042
44145.0,-6873.905360634129
44146.0,-6873.930109451215
44147.0,-6873.954858268301
44148.0,-6873.979607085387
44149.0,-6874.004355902473
44150.0,-6874.02910471956
44151.0,-6874.053853536646
44152.0,-6874.078602353732
44153.0,-6874.103351170818
44154.0,-6874.1280999879045
44155.0,-6874.152848804991
44156.0,-6874.177597622077
44157.0,-6874.202346439163
44158.0,-6874.227095256249
44159.0,-6874.251844073336
44160.0,-6874.276592890422
44161.0,-6874.301341707508
44162.0,-6874.326090524594
44163.0,-6874.3508393416805
44164.0,-6874.375588158767
44165.0,-6874.400336975853
44166.0,-6874.425085792939
44167.0,-6874.449834610025
44168.0,-6874.474583427112
44169.0,-6874.499332244198
44170.0,-6874.524081061284
44171.0,-6874.54882987837
44172.0,-6874.5735786954565
44173.0,-6874.598327512543
44174.0,-6874.623076329629
44175.0,-6874.647825146715
44176.0,-6874.672573963801
44177.0,-6874.697322780888
44178.0,-6874.722071597974
44179.0,-6874.74682041506
44180.0,-6874.771569232146
44181.0,-6874.7963180492325
44182.0,-6874.821066866319
44183.0,-6874.845815683405
44184.0,-6874.870564500491
44185.0,-6874.895313317577
44186.0,-6874.920062134664
44187.0,-6874.94481095175
44188.0,-6874.969559768836
44189.0,-6874.994308585922
44190.0,-6875.019057403008
44191.0,-6875.043806220095
44192.0,-6875.068555037181
44193.0,-6875.093303854267
44194.0,-6875.118052671353
44195.0,-6875.1428014884395
44196.0,-6875.167550305526
44197.0,-6875.192299122612
44198.0,-6875.217047939698
44199.0,-6875.241796756784
44200.0,-6875.266545573871
44201.0,-6875.291294390957
44202.0,-6875.316043208043
44203.0,-6875.340792025129
44204.0,-6875.3655408422155
44205.0,-6875.390289659302
44206.0,-6875.415038476388
44207.0,-6875.439787293474
44208.0,-6875.46453611056
44209.0,-6875.489284927647
44210.0,-6875.514033744733
44211.0,-6875.538782561819
44212.0,-6875.563531378905
44213.0,-6875.5882801959915
44214.0,-6875.613029013078
44215.0,-6875.637777830164
44216.0,-6875.66252664725
44217.0,-6875.687275464336
44218.0,-6875.712024281423
44219.0,-6875.736773098509
44220.0,-6875.761521915595
44221.0,-6875.786270732681
44222.0,-6875.8110195497675
44223.0,-6875.835768366854
44224.0,-6875.86051718394
44225.0,-6875.885266001026
44226.0,-6875.910014818112
44227.0,-6875.934763635199
44228.0,-6875.959512452285
44229.0,-6875.984261269371
44230.0,-6876.009010086457
44231.0,-6876.0337589035435
44232.0,-6876.05850772063
44233.0,-6876.083256537716
44234.0,-6876.108005354802
44235.0,-6876.132754171888
44236.0,-6876.157502988975
44237.0,-6876.182251806061
44238.0,-6876.207000623147
44239.0,-6876.231749440233
44240.0,-6876.256498257319
44241.0,-6876.281247074406
44242.0,-6876.305995891492
44243.0,-6876.330744708578
44244.0,-6876.355493525664
44245.0,-6876.3802423427505
44246.0,-6876.404991159837
44247.0,-6876.429739976923
44248.0,-6876.454488794009
44249.0,-6876.479237611095
44250.0,-6876.503986428182
44251.0,-6876.528735245268
44252.0,-6876.553484062354
44253.0,-6876.57823287944
44254.0,-6876.6029816965265
44255.0,-6876.627730513613
44256.0,-6876.652479330699
44257.0,-6876.677228147785
44258.0,-6876.701976964871
44259.0,-6876.726725781958
44260.0,-6876.751474599044
44261.0,-6876.77622341613
44262.0,-6876.800972233216
44263.0,-6876.8257210503025
44264.0,-6876.850469867389
44265.0,-6876.875218684475
44266.0,-6876.899967501561
44267.0,-6876.924716318647
44268.0,-6876.949465135734
44269.0,-6876.97421395282
44270.0,-6876.998962769906
44271.0,-6877.023711586992
44272.0,-6877.0484604040785
44273.0,-6877.073209221165
44274.0,-6877.097958038251
44275.0,-6877.122706855337
44276.0,-6877.147455672423
44277.0,-6877.17220448951
44278.0,-6877.196953306596
44279.0,-6877.221702123682
44280.0,-6877.246450940768
44281.0,-6877.271199757854
44282.0,-6877.295948574941
44283.0,-6877.320697392027
44284.0,-6877.345446209113
44285.0,-6877.370195026199
44286.0,-6877.394943843286
44287.0,-6877.419692660372
44288.0,-6877.444441477458
44289.0,-6877.469190294544
44290.0,-6877.49393911163
44291.0,-6877.518687928717
44292.0,-6877.543436745803
44293.0,-6877.568185562889
44294.0,-6877.592934379975
44295.0,-6877.6176831970615
44296.0,-6877.642432014148
44297.0,-6877.667180831234
44298.0,-6877.69192964832
44299.0,-6877.716678465406
44300.0,-6877.741427282493
44301.0,-6877.766176099579
44302.0,-6877.790924916665
44303.0,-6877.815673733751
44304.0,-6877.8404225508375
44305.0,-6877.865171367924
44306.0,-6877.88992018501
44307.0,-6877.914669002096
44308.0,-6877.939417819182
44309.0,-6877.964166636269
44310.0,-6877.988915453355
44311.0,-6878.013664270441
44312.0,-6878.038413087527
44313.0,-6878.0631619046135
44314.0,-6878.0879107217
44315.0,-6878.112659538786
44316.0,-6878.137408355872
44317.0,-6878.162157172958
44318.0,-6878.186905990045
44319.0,-6878.211654807131
44320.0,-6878.236403624217
44321.0,-6878.261152441303
44322.0,-6878.2859012583895
44323.0,-6878.310650075476
44324.0,-6878.335398892562
44325.0,-6878.360147709648
44326.0,-6878.384896526734
44327.0,-6878.409645343821
44328.0,-6878.434394160907
44329.0,-6878.459142977993
44330.0,-6878.483891795079
44331.0,-6878.508640612165
44332.0,-6878.533389429252
44333.0,-6878.558138246338
44334.0,-6878.582887063424
44335.0,-6878.60763588051
44336.0,-6878.6323846975965
44337.0,-6878.657133514683
44338.0,-6878.681882331769
44339.0,-6878.706631148855
44340.0,-6878.731379965941
44341.0,-6878.756128783028
44342.0,-6878.780877600114
44343.0,-6878.8056264172
44344.0,-6878.830375234286
44345.0,-6878.8551240513725
44346.0,-6878.879872868459
44347.0,-6878.904621685545
44348.0,-6878.929370502631
44349.0,-6878.954119319717
44350.0,-6878.978868136804
44351.0,-6879.00361695389
44352.0,-6879.028365770976
44353.0,-6879.053114588062
44354.0,-6879.0778634051485
44355.0,-6879.102612222235
44356.0,-6879.127361039321
44357.0,-6879.152109856407
44358.0,-6879.176858673493
44359.0,-6879.20160749058
44360.0,-6879.226356307666
44361.0,-6879.251105124752
44362.0,-6879.275853941838
44363.0,-6879.3006027589245
44364.0,-6879.325351576011
44365.0,-6879.350100393097
44366.0,-6879.374849210183
44367.0,-6879.399598027269
44368.0,-6879.424346844356
44369.0,-6879.449095661442
44370.0,-6879.473844478528
44371.0,-6879.498593295614
44372.0,-6879.5233421127
44373.0,-6879.548090929787
44374.0,-6879.572839746873
44375.0,-6879.597588563959
44376.0,-6879.622337381045
44377.0,-6879.647086198132
44378.0,-6879.671835015218
44379.0,-6879.696583832304
44380.0,-6879.72133264939
44381.0,-6879.746081466476
44382.0,-6879.770830283563
44383.0,-6879.795579100649
44384.0,-6879.820327917735
44385.0,-6879.845076734821
44386.0,-6879.8698255519075
44387.0,-6879.894574368994
44388.0,-6879.91932318608
44389.0,-6879.944072003166
44390.0,-6879.968820820252
44391.0,-6879.993569637339
44392.0,-6880.018318454425
44393.0,-6880.043067271511
44394.0,-6880.067816088597
44395.0,-6880.0925649056835
44396.0,-6880.11731372277
44397.0,-6880.142062539856
44398.0,-6880.166811356942
44399.0,-6880.191560174028
44400.0,-6880.216308991115
44401.0,-6880.241057808201
44402.0,-6880.265806625287
44403.0,-6880.290555442373
44404.0,-6880.3153042594595
44405.0,-6880.340053076546
44406.0,-6880.364801893632
44407.0,-6880.389550710718
44408.0,-6880.414299527804
44409.0,-6880.439048344891
44410.0,-6880.463797161977
44411.0,-6880.488545979063
44412.0,-6880.513294796149
44413.0,-6880.5380436132355
44414.0,-6880.562792430322
44415.0,-6880.587541247408
44416.0,-6880.612290064494
44417.0,-6880.63703888158
44418.0,-6880.661787698667
44419.0,-6880.686536515753
44420.0,-6880.711285332839
44421.0,-6880.736034149925
44422.0,-6880.760782967011
44423.0,-6880.785531784098
44424.0,-6880.810280601184
44425.0,-6880.83502941827
44426.0,-6880.859778235356
44427.0,-6880.8845270524425
44428.0,-6880.909275869529
44429.0,-6880.934024686615
44430.0,-6880.958773503701
44431.0,-6880.983522320787
44432.0,-6881.008271137874
44433.0,-6881.03301995496
44434.0,-6881.057768772046
44435.0,-6881.082517589132
44436.0,-6881.1072664062185
44437.0,-6881.132015223305
44438.0,-6881.156764040391
44439.0,-6881.181512857477
44440.0,-6881.206261674563
44441.0,-6881.23101049165
44442.0,-6881.255759308736
44443.0,-6881.280508125822
44444.0,-6881.305256942908
44445.0,-6881.3300057599945
44446.0,-6881.354754577081
44447.0,-6881.379503394167
44448.0,-6881.404252211253
44449.0,-6881.429001028339
44450.0,-6881.453749845426
44451.0,-6881.478498662512
44452.0,-6881.503247479598
44453.0,-6881.527996296684
44454.0,-6881.5527451137705
44455.0,-6881.577493930857
44456.0,-6881.602242747943
44457.0,-6881.626991565029
44458.0,-6881.651740382115
44459.0,-6881.676489199202
44460.0,-6881.701238016288
44461.0,-6881.725986833374
44462.0,-6881.75073565046
44463.0,-6881.775484467546
44464.0,-6881.800233284633
44465.0,-6881.824982101719
44466.0,-6881.849730918805
44467.0,-6881.874479735891
44468.0,-6881.899228552978
44469.0,-6881.923977370064
44470.0,-6881.94872618715
44471.0,-6881.973475004236
44472.0,-6881.998223821322
44473.0,-6882.022972638409
44474.0,-6882.047721455495
44475.0,-6882.072470272581
44476.0,-6882.097219089667
44477.0,-6882.1219679067535
44478.0,-6882.14671672384
44479.0,-6882.171465540926
44480.0,-6882.196214358012
44481.0,-6882.220963175098
44482.0,-6882.245711992185
44483.0,-6882.270460809271
44484.0,-6882.295209626357
44485.0,-6882.319958443443
44486.0,-6882.3447072605295
44487.0,-6882.369456077616
44488.0,-6882.394204894702
44489.0,-6882.418953711788
44490.0,-6882.443702528874
44491.0,-6882.468451345961
44492.0,-6882.493200163047
44493.0,-6882.517948980133
44494.0,-6882.542697797219
44495.0,-6882.5674466143055
44496.0,-6882.592195431392
44497.0,-6882.616944248478
44498.0,-6882.641693065564
44499.0,-6882.66644188265
44500.0,-6882.691190699737
44501.0,-6882.715939516823
44502.0,-6882.740688333909
44503.0,-6882.765437150995
44504.0,-6882.7901859680815
44505.0,-6882.814934785168
44506.0,-6882.839683602254
44507.0,-6882.86443241934
44508.0,-6882.889181236426
44509.0,-6882.913930053513
44510.0,-6882.938678870599
44511.0,-6882.963427687685
44512.0,-6882.988176504771
44513.0,-6883.012925321857
44514.0,-6883.037674138944
44515.0,-6883.06242295603
44516.0,-6883.087171773116
44517.0,-6883.111920590202
44518.0,-6883.1366694072885
44519.0,-6883.161418224375
44520.0,-6883.186167041461
44521.0,-6883.210915858547
44522.0,-6883.235664675633
44523.0,-6883.26041349272
44524.0,-6883.285162309806
44525.0,-6883.309911126892
44526.0,-6883.334659943978
44527.0,-6883.3594087610645
44528.0,-6883.384157578151
44529.0,-6883.408906395237
44530.0,-6883.433655212323
44531.0,-6883.458404029409
44532.0,-6883.483152846496
44533.0,-6883.507901663582
44534.0,-6883.532650480668
44535.0,-6883.557399297754
44536.0,-6883.5821481148405
44537.0,-6883.606896931927
44538.0,-6883.631645749013
44539.0,-6883.656394566099
44540.0,-6883.681143383185
44541.0,-6883.705892200272
44542.0,-6883.730641017358
44543.0,-6883.755389834444
44544.0,-6883.78013865153
44545.0,-6883.8048874686165
44546.0,-6883.829636285703
44547.0,-6883.854385102789
44548.0,-6883.879133919875
44549.0,-6883.903882736961
44550.0,-6883.928631554048
44551.0,-6883.953380371134
44552.0,-6883.97812918822
44553.0,-6884.002878005306
44554.0,-6884.027626822392
44555.0,-6884.052375639479
44556.0,-6884.077124456565
44557.0,-6884.101873273651
44558.0,-6884.126622090737
44559.0,-6884.151370907824
44560.0,-6884.17611972491
44561.0,-6884.200868541996
44562.0,-6884.225617359082
44563.0,-6884.250366176168
44564.0,-6884.275114993255
44565.0,-6884.299863810341
44566.0,-6884.324612627427
44567.0,-6884.349361444513
44568.0,-6884.3741102615995
44569.0,-6884.398859078686
44570.0,-6884.423607895772
44571.0,-6884.448356712858
44572.0,-6884.473105529944
44573.0,-6884.497854347031
44574.0,-6884.522603164117
44575.0,-6884.547351981203
44576.0,-6884.572100798289
44577.0,-6884.5968496153755
44578.0,-6884.621598432462
44579.0,-6884.646347249548
44580.0,-6884.671096066634
44581.0,-6884.69584488372
44582.0,-6884.720593700807
44583.0,-6884.745342517893
44584.0,-6884.770091334979
44585.0,-6884.794840152065
44586.0,-6884.8195889691515
44587.0,-6884.844337786238
44588.0,-6884.869086603324
44589.0,-6884.89383542041
44590.0,-6884.918584237496
44591.0,-6884.943333054583
44592.0,-6884.968081871669
44593.0,-6884.992830688755
44594.0,-6885.017579505841
44595.0,-6885.0423283229275
44596.0,-6885.067077140014
44597.0,-6885.0918259571
44598.0,-6885.116574774186
44599.0,-6885.141323591272
44600.0,-6885.166072408359
44601.0,-6885.190821225445
44602.0,-6885.215570042531
44603.0,-6885.240318859617
44604.0,-6885.265067676703
44605.0,-6885.28981649379
44606.0,-6885.314565310876
44607.0,-6885.339314127962
44608.0,-6885.364062945048
44609.0,-6885.3888117621345
44610.0,-6885.413560579221
44611.0,-6885.438309396307
44612.0,-6885.463058213393
44613.0,-6885.487807030479
44614.0,-6885.512555847566
44615.0,-6885.537304664652
44616.0,-6885.562053481738
44617.0,-6885.586802298824
44618.0,-6885.6115511159105
44619.0,-6885.636299932997
44620.0,-6885.661048750083
44621.0,-6885.685797567169
44622.0,-6885.710546384255
44623.0,-6885.735295201342
44624.0,-6885.760044018428
44625.0,-6885.784792835514
44626.0,-6885.8095416526
44627.0,-6885.8342904696865
44628.0,-6885.859039286773
44629.0,-6885.883788103859
44630.0,-6885.908536920945
44631.0,-6885.933285738031
44632.0,-6885.958034555118
44633.0,-6885.982783372204
44634.0,-6886.00753218929
44635.0,-6886.032281006376
44636.0,-6886.0570298234625
44637.0,-6886.081778640549
44638.0,-6886.106527457635
44639.0,-6886.131276274721
44640.0,-6886.156025091807
44641.0,-6886.180773908894
44642.0,-6886.20552272598
44643.0,-6886.230271543066
44644.0,-6886.255020360152
44645.0,-6886.279769177238
44646.0,-6886.304517994325
44647.0,-6886.329266811411
44648.0,-6886.354015628497
44649.0,-6886.378764445583
44650.0,-6886.40351326267
44651.0,-6886.428262079756
44652.0,-6886.453010896842
44653.0,-6886.477759713928
44654.0,-6886.502508531014
44655.0,-6886.527257348101
44656.0,-6886.552006165187
44657.0,-6886.576754982273
44658.0,-6886.601503799359
44659.0,-6886.6262526164455
44660.0,-6886.651001433532
44661.0,-6886.675750250618
44662.0,-6886.700499067704
44663.0,-6886.72524788479
44664.0,-6886.749996701877
44665.0,-6886.774745518963
44666.0,-6886.799494336049
44667.0,-6886.824243153135
44668.0,-6886.8489919702215
44669.0,-6886.873740787308
44670.0,-6886.898489604394
44671.0,-6886.92323842148
44672.0,-6886.947987238566
44673.0,-6886.972736055653
44674.0,-6886.997484872739
44675.0,-6887.022233689825
44676.0,-6887.046982506911
44677.0,-6887.0717313239975
44678.0,-6887.096480141084
44679.0,-6887.12122895817
44680.0,-6887.145977775256
44681.0,-6887.170726592342
44682.0,-6887.195475409429
44683.0,-6887.220224226515
44684.0,-6887.244973043601
44685.0,-6887.269721860687
44686.0,-6887.2944706777735
44687.0,-6887.31921949486
44688.0,-6887.343968311946
44689.0,-6887.368717129032
44690.0,-6887.393465946118
44691.0,-6887.418214763205
44692.0,-6887.442963580291
44693.0,-6887.467712397377
44694.0,-6887.492461214463
44695.0,-6887.517210031549
44696.0,-6887.541958848636
44697.0,-6887.566707665722
44698.0,-6887.591456482808
44699.0,-6887.616205299894
44700.0,-6887.6409541169805
44701.0,-6887.665702934067
44702.0,-6887.690451751153
44703.0,-6887.715200568239
44704.0,-6887.739949385325
44705.0,-6887.764698202412
44706.0,-6887.789447019498
44707.0,-6887.814195836584
44708.0,-6887.83894465367
44709.0,-6887.8636934707565
44710.0,-6887.888442287843
44711.0,-6887.913191104929
44712.0,-6887.937939922015
44713.0,-6887.962688739101
44714.0,-6887.987437556188
44715.0,-6888.012186373274
44716.0,-6888.03693519036
44717.0,-6888.061684007446
44718.0,-6888.0864328245325
44719.0,-6888.111181641619
44720.0,-6888.135930458705
44721.0,-6888.160679275791
44722.0,-6888.185428092877
44723.0,-6888.210176909964
44724.0,-6888.23492572705
44725.0,-6888.259674544136
44726.0,-6888.284423361222
44727.0,-6888.3091721783085
44728.0,-6888.333920995395
44729.0,-6888.358669812481
44730.0,-6888.383418629567
44731.0,-6888.408167446653
44732.0,-6888.43291626374
44733.0,-6888.457665080826
44734.0,-6888.482413897912
44735.0,-6888.507162714998
44736.0,-6888.531911532084
44737.0,-6888.556660349171
44738.0,-6888.581409166257
44739.0,-6888.606157983343
44740.0,-6888.630906800429
44741.0,-6888.655655617516
44742.0,-6888.680404434602
44743.0,-6888.705153251688
44744.0,-6888.729902068774
44745.0,-6888.75465088586
44746.0,-6888.779399702947
44747.0,-6888.804148520033
44748.0,-6888.828897337119
44749.0,-6888.853646154205
44750.0,-6888.8783949712915
44751.0,-6888.903143788378
44752.0,-6888.927892605464
44753.0,-6888.95264142255
44754.0,-6888.977390239636
44755.0,-6889.002139056723
44756.0,-6889.026887873809
44757.0,-6889.051636690895
44758.0,-6889.076385507981
44759.0,-6889.1011343250675
44760.0,-6889.125883142154
44761.0,-6889.15063195924
44762.0,-6889.175380776326
44763.0,-6889.200129593412
44764.0,-6889.224878410499
44765.0,-6889.249627227585
44766.0,-6889.274376044671
44767.0,-6889.299124861757
44768.0,-6889.3238736788435
44769.0,-6889.34862249593
44770.0,-6889.373371313016
44771.0,-6889.398120130102
44772.0,-6889.422868947188
44773.0,-6889.447617764275
44774.0,-6889.472366581361
44775.0,-6889.497115398447
44776.0,-6889.521864215533
44777.0,-6889.5466130326195
44778.0,-6889.571361849706
44779.0,-6889.596110666792
44780.0,-6889.620859483878
44781.0,-6889.645608300964
44782.0,-6889.670357118051
44783.0,-6889.695105935137
44784.0,-6889.719854752223
44785.0,-6889.744603569309
44786.0,-6889.769352386395
44787.0,-6889.794101203482
44788.0,-6889.818850020568
44789.0,-6889.843598837654
44790.0,-6889.86834765474
44791.0,-6889.8930964718265
44792.0,-6889.917845288913
44793.0,-6889.942594105999
44794.0,-6889.967342923085
44795.0,-6889.992091740171
44796.0,-6890.016840557258
44797.0,-6890.041589374344
44798.0,-6890.06633819143
44799.0,-6890.091087008516
44800.0,-6890.1158358256025
44801.0,-6890.140584642689
44802.0,-6890.165333459775
44803.0,-6890.190082276861
44804.0,-6890.214831093947
44805.0,-6890.239579911034
44806.0,-6890.26432872812
44807.0,-6890.289077545206
44808.0,-6890.313826362292
44809.0,-6890.3385751793785
44810.0,-6890.363323996465
44811.0,-6890.388072813551
44812.0,-6890.412821630637
44813.0,-6890.437570447723
44814.0,-6890.46231926481
44815.0,-6890.487068081896
44816.0,-6890.511816898982
44817.0,-6890.536565716068
44818.0,-6890.5613145331545
44819.0,-6890.586063350241
44820.0,-6890.610812167327
44821.0,-6890.635560984413
44822.0,-6890.660309801499
44823.0,-6890.685058618586
44824.0,-6890.709807435672
44825.0,-6890.734556252758
44826.0,-6890.759305069844
44827.0,-6890.78405388693
44828.0,-6890.808802704017
44829.0,-6890.833551521103
44830.0,-6890.858300338189
44831.0,-6890.883049155275
44832.0,-6890.907797972362
44833.0,-6890.932546789448
44834.0,-6890.957295606534
44835.0,-6890.98204442362
44836.0,-6891.006793240706
44837.0,-6891.031542057793
44838.0,-6891.056290874879
44839.0,-6891.081039691965
44840.0,-6891.105788509051
44841.0,-6891.1305373261375
44842.0,-6891.155286143224
44843.0,-6891.18003496031
44844.0,-6891.204783777396
44845.0,-6891.229532594482
44846.0,-6891.254281411569
44847.0,-6891.279030228655
44848.0,-6891.303779045741
44849.0,-6891.328527862827
44850.0,-6891.3532766799135
44851.0,-6891.378025497
44852.0,-6891.402774314086
44853.0,-6891.427523131172
44854.0,-6891.452271948258
44855.0,-6891.477020765345
44856.0,-6891.501769582431
44857.0,-6891.526518399517
44858.0,-6891.551267216603
44859.0,-6891.5760160336895
44860.0,-6891.600764850776
44861.0,-6891.625513667862
44862.0,-6891.650262484948
44863.0,-6891.675011302034
44864.0,-6891.699760119121
44865.0,-6891.724508936207
44866.0,-6891.749257753293
44867.0,-6891.774006570379
44868.0,-6891.7987553874655
44869.0,-6891.823504204552
44870.0,-6891.848253021638
44871.0,-6891.873001838724
44872.0,-6891.89775065581
44873.0,-6891.922499472897
44874.0,-6891.947248289983
44875.0,-6891.971997107069
44876.0,-6891.996745924155
44877.0,-6892.021494741241
44878.0,-6892.046243558328
44879.0,-6892.070992375414
44880.0,-6892.0957411925
44881.0,-6892.120490009586
44882.0,-6892.1452388266725
44883.0,-6892.169987643759
44884.0,-6892.194736460845
44885.0,-6892.219485277931
44886.0,-6892.244234095017
44887.0,-6892.268982912104
44888.0,-6892.29373172919
44889.0,-6892.318480546276
44890.0,-6892.343229363362
44891.0,-6892.3679781804485
44892.0,-6892.392726997535
44893.0,-6892.417475814621
44894.0,-6892.442224631707
44895.0,-6892.466973448793
44896.0,-6892.49172226588
44897.0,-6892.516471082966
44898.0,-6892.541219900052
44899.0,-6892.565968717138
44900.0,-6892.5907175342245
44901.0,-6892.615466351311
44902.0,-6892.640215168397
44903.0,-6892.664963985483
44904.0,-6892.689712802569
44905.0,-6892.714461619656
44906.0,-6892.739210436742
44907.0,-6892.763959253828
44908.0,-6892.788708070914
44909.0,-6892.8134568880005
44910.0,-6892.838205705087
44911.0,-6892.862954522173
44912.0,-6892.887703339259
44913.0,-6892.912452156345
44914.0,-6892.937200973432
44915.0,-6892.961949790518
44916.0,-6892.986698607604
44917.0,-6893.01144742469
44918.0,-6893.036196241776
44919.0,-6893.060945058863
44920.0,-6893.085693875949
44921.0,-6893.110442693035
44922.0,-6893.135191510121
44923.0,-6893.159940327208
44924.0,-6893.184689144294
44925.0,-6893.20943796138
44926.0,-6893.234186778466
44927.0,-6893.258935595552
44928.0,-6893.283684412639
44929.0,-6893.308433229725
44930.0,-6893.333182046811
44931.0,-6893.357930863897
44932.0,-6893.3826796809835
44933.0,-6893.40742849807
44934.0,-6893.432177315156
44935.0,-6893.456926132242
44936.0,-6893.481674949328
44937.0,-6893.506423766415
44938.0,-6893.531172583501
44939.0,-6893.555921400587
44940.0,-6893.580670217673
44941.0,-6893.6054190347595
44942.0,-6893.630167851846
44943.0,-6893.654916668932
44944.0,-6893.679665486018
44945.0,-6893.704414303104
44946.0,-6893.729163120191
44947.0,-6893.753911937277
44948.0,-6893.778660754363
44949.0,-6893.803409571449
44950.0,-6893.8281583885355
44951.0,-6893.852907205622
44952.0,-6893.877656022708
44953.0,-6893.902404839794
44954.0,-6893.92715365688
44955.0,-6893.951902473967
44956.0,-6893.976651291053
44957.0,-6894.001400108139
44958.0,-6894.026148925225
44959.0,-6894.0508977423115
44960.0,-6894.075646559398
44961.0,-6894.100395376484
44962.0,-6894.12514419357
44963.0,-6894.149893010656
44964.0,-6894.174641827743
44965.0,-6894.199390644829
44966.0,-6894.224139461915
44967.0,-6894.248888279001
44968.0,-6894.273637096087
44969.0,-6894.298385913174
44970.0,-6894.32313473026
44971.0,-6894.347883547346
44972.0,-6894.372632364432
44973.0,-6894.3973811815185
44974.0,-6894.422129998605
44975.0,-6894.446878815691
44976.0,-6894.471627632777
44977.0,-6894.496376449863
44978.0,-6894.52112526695
44979.0,-6894.545874084036
44980.0,-6894.570622901122
44981.0,-6894.595371718208
44982.0,-6894.6201205352945
44983.0,-6894.644869352381
44984.0,-6894.669618169467
44985.0,-6894.694366986553
44986.0,-6894.719115803639
44987.0,-6894.743864620726
44988.0,-6894.768613437812
44989.0,-6894.793362254898
44990.0,-6894.818111071984
44991.0,-6894.8428598890705
44992.0,-6894.867608706157
44993.0,-6894.892357523243
44994.0,-6894.917106340329
44995.0,-6894.941855157415
44996.0,-6894.966603974502
44997.0,-6894.991352791588
44998.0,-6895.016101608674
44999.0,-6895.04085042576
45000.0,-6895.0655992428465
45001.0,-6895.090348059933
45002.0,-6895.115096877019
45003.0,-6895.139845694105
45004.0,-6895.164594511191
45005.0,-6895.189343328278
45006.0,-6895.214092145364
45007.0,-6895.23884096245
45008.0,-6895.263589779536
45009.0,-6895.288338596622
45010.0,-6895.313087413709
45011.0,-6895.337836230795
45012.0,-6895.362585047881
45013.0,-6895.387333864967
45014.0,-6895.412082682054
45015.0,-6895.43683149914
45016.0,-6895.461580316226
45017.0,-6895.486329133312
45018.0,-6895.511077950398
45019.0,-6895.535826767485
45020.0,-6895.560575584571
45021.0,-6895.585324401657
45022.0,-6895.610073218743
45023.0,-6895.6348220358295
45024.0,-6895.659570852916
45025.0,-6895.684319670002
45026.0,-6895.709068487088
45027.0,-6895.733817304174
45028.0,-6895.758566121261
45029.0,-6895.783314938347
45030.0,-6895.808063755433
45031.0,-6895.832812572519
45032.0,-6895.8575613896055
45033.0,-6895.882310206692
45034.0,-6895.907059023778
45035.0,-6895.931807840864
45036.0,-6895.95655665795
45037.0,-6895.981305475037
45038.0,-6896.006054292123
45039.0,-6896.030803109209
45040.0,-6896.055551926295
45041.0,-6896.0803007433815
45042.0,-6896.105049560468
45043.0,-6896.129798377554
45044.0,-6896.15454719464
45045.0,-6896.179296011726
45046.0,-6896.204044828813
45047.0,-6896.228793645899
45048.0,-6896.253542462985
45049.0,-6896.278291280071
45050.0,-6896.3030400971575
45051.0,-6896.327788914244
45052.0,-6896.35253773133
45053.0,-6896.377286548416
45054.0,-6896.402035365502
45055.0,-6896.426784182589
45056.0,-6896.451532999675
45057.0,-6896.4109631329775
45058.0,-6896.37039326628
45059.0,-6896.329823399584
45060.0,-6896.2892535328865
45061.0,-6896.248683666189
45062.0,-6896.208113799493
45063.0,-6896.1675439327955
45064.0,-6896.126974066098
45065.0,-6896.086404199402
45066.0,-6896.0458343327045
45067.0,-6896.005264466007
45068.0,-6895.964694599311
45069.0,-6895.924124732614
45070.0,-6895.883554865916
45071.0,-6895.84298499922
45072.0,-6895.802415132523
45073.0,-6895.761845265825
45074.0,-6895.721275399129
45075.0,-6895.680705532432
45076.0,-6895.640135665734
45077.0,-6895.599565799038
45078.0,-6895.558995932341
45079.0,-6895.518426065643
45080.0,-6895.477856198947
45081.0,-6895.43728633225
45082.0,-6895.396716465552
45083.0,-6895.356146598856
45084.0,-6895.315576732159
45085.0,-6895.275006865461
45086.0,-6895.234436998765
45087.0,-6895.193867132068
45088.0,-6895.15329726537
45089.0,-6895.112727398674
45090.0,-6895.072157531977
45091.0,-6895.031587665279
45092.0,-6894.991017798583
45093.0,-6894.950447931886
45094.0,-6894.909878065188
45095.0,-6894.869308198492
45096.0,-6894.828738331795
45097.0,-6894.788168465097
45098.0,-6894.747598598401
45099.0,-6894.707028731704
45100.0,-6894.6664588650065
45101.0,-6894.62588899831
45102.0,-6894.585319131613
45103.0,-6894.5447492649155
45104.0,-6894.504179398219
45105.0,-6894.463609531522
45106.0,-6894.4230396648245
45107.0,-6894.382469798128
45108.0,-6894.341899931431
45109.0,-6894.3013300647335
45110.0,-6894.260760198037
45111.0,-6894.22019033134
45112.0,-6894.1796204646425
45113.0,-6894.139050597946
45114.0,-6894.098480731249
45115.0,-6894.057910864552
45116.0,-6894.017340997855
45117.0,-6893.976771131158
45118.0,-6893.936201264461
45119.0,-6893.895631397764
45120.0,-6893.855061531067
45121.0,-6893.81449166437
45122.0,-6893.773921797673
45123.0,-6893.733351930976
45124.0,-6893.692782064279
45125.0,-6893.652212197582
45126.0,-6893.611642330885
45127.0,-6893.571072464188
45128.0,-6893.530502597491
45129.0,-6893.489932730794
45130.0,-6893.449362864097
45131.0,-6893.4087929974
45132.0,-6893.368223130703
45133.0,-6893.327653264006
45134.0,-6893.287083397309
45135.0,-6893.246513530612
45136.0,-6893.205943663915
45137.0,-6893.165373797218
45138.0,-6893.124803930521
45139.0,-6893.084234063824
45140.0,-6893.043664197127
45141.0,-6893.00309433043
45142.0,-6892.962524463733
45143.0,-6892.921954597036
45144.0,-6892.881384730339
45145.0,-6892.840814863642
45146.0,-6892.800244996945
45147.0,-6892.759675130248
45148.0,-6892.719105263551
45149.0,-6892.678535396854
45150.0,-6892.637965530157
45151.0,-6892.59739566346
45152.0,-6892.556825796763
45153.0,-6892.516255930066
45154.0,-6892.475686063369
45155.0,-6892.435116196672
45156.0,-6892.394546329975
45157.0,-6892.353976463278
45158.0,-6892.313406596581
45159.0,-6892.272836729884
45160.0,-6892.232266863187
45161.0,-6892.1916969964905
45162.0,-6892.151127129793
45163.0,-6892.110557263096
45164.0,-6892.0699873963995
45165.0,-6892.029417529702
45166.0,-6891.988847663005
45167.0,-6891.9482777963085
45168.0,-6891.907707929611
45169.0,-6891.867138062914
45170.0,-6891.8265681962175
45171.0,-6891.78599832952
45172.0,-6891.745428462823
45173.0,-6891.7048585961265
45174.0,-6891.664288729429
45175.0,-6891.623718862732
45176.0,-6891.583148996036
45177.0,-6891.542579129338
45178.0,-6891.502009262641
45179.0,-6891.461439395945
45180.0,-6891.420869529247
45181.0,-6891.38029966255
45182.0,-6891.339729795854
45183.0,-6891.299159929156
45184.0,-6891.258590062459
45185.0,-6891.218020195763
45186.0,-6891.177450329065
45187.0,-6891.136880462368
45188.0,-6891.096310595672
45189.0,-6891.055740728974
45190.0,-6891.015170862277
45191.0,-6890.974600995581
45192.0,-6890.934031128883
45193.0,-6890.893461262186
45194.0,-6890.85289139549
45195.0,-6890.812321528792
45196.0,-6890.771751662095
45197.0,-6890.731181795399
45198.0,-6890.690611928701
45199.0,-6890.650042062004
45200.0,-6890.609472195308
45201.0,-6890.56890232861
45202.0,-6890.528332461913
45203.0,-6890.487762595217
45204.0,-6890.447192728519
45205.0,-6890.406622861822
45206.0,-6890.366052995126
45207.0,-6890.3254831284285
45208.0,-6890.284913261731
45209.0,-6890.244343395035
45210.0,-6890.2037735283375
45211.0,-6890.16320366164
45212.0,-6890.122633794944
45213.0,-6890.0820639282465
45214.0,-6890.041494061549
45215.0,-6890.000924194853
45216.0,-6889.9603543281555
45217.0,-6889.919784461458
45218.0,-6889.879214594762
45219.0,-6889.8386447280645
45220.0,-6889.798074861367
45221.0,-6889.757504994671
45222.0,-6889.716935127974
45223.0,-6889.676365261276
45224.0,-6889.63579539458
45225.0,-6889.595225527883
45226.0,-6889.554655661185
45227.0,-6889.514085794489
45228.0,-6889.473515927792
45229.0,-6889.432946061094
45230.0,-6889.392376194398
45231.0,-6889.351806327701
45232.0,-6889.311236461003
45233.0,-6889.270666594307
45234.0,-6889.23009672761
45235.0,-6889.189526860912
45236.0,-6889.148956994216
45237.0,-6889.108387127519
45238.0,-6889.067817260821
45239.0,-6889.027247394125
45240.0,-6888.986677527428
45241.0,-6888.94610766073
45242.0,-6888.905537794034
45243.0,-6888.864967927337
45244.0,-6888.824398060639
45245.0,-6888.783828193943
45246.0,-6888.743258327246
45247.0,-6888.702688460548
45248.0,-6888.662118593852
45249.0,-6888.621548727155
45250.0,-6888.580978860457
45251.0,-6888.540408993761
45252.0,-6888.499839127064
45253.0,-6888.459269260366
45254.0,-6888.41869939367
45255.0,-6888.378129526973
45256.0,-6888.3375596602755
45257.0,-6888.296989793579
45258.0,-6888.256419926882
45259.0,-6888.2158500601845
45260.0,-6888.175280193488
45261.0,-6888.134710326791
45262.0,-6888.0941404600935
45263.0,-6888.053570593397
45264.0,-6888.0130007267
45265.0,-6887.9724308600025
45266.0,-6887.931860993306
45267.0,-6887.891291126609
45268.0,-6887.850721259912
45269.0,-6887.810151393215
45270.0,-6887.769581526518
45271.0,-6887.729011659821
45272.0,-6887.688441793124
45273.0,-6887.647871926427
45274.0,-6887.60730205973
45275.0,-6887.566732193033
45276.0,-6887.526162326336
45277.0,-6887.485592459639
45278.0,-6887.445022592942
45279.0,-6887.404452726245
45280.0,-6887.363882859548
45281.0,-6887.323312992851
45282.0,-6887.282743126154
45283.0,-6887.242173259457
45284.0,-6887.20160339276
45285.0,-6887.161033526063
45286.0,-6887.120463659366
45287.0,-6887.079893792669
45288.0,-6887.039323925972
45289.0,-6886.998754059275
45290.0,-6886.958184192578
45291.0,-6886.917614325881
45292.0,-6886.877044459184
45293.0,-6886.836474592487
45294.0,-6886.79590472579
45295.0,-6886.755334859093
45296.0,-6886.714764992396
45297.0,-6886.674195125699
45298.0,-6886.633625259002
45299.0,-6886.593055392305
45300.0,-6886.552485525608
45301.0,-6886.511915658911
45302.0,-6886.471345792214
45303.0,-6886.430775925517
45304.0,-6886.39020605882
45305.0,-6886.349636192123
45306.0,-6886.309066325426
45307.0,-6886.268496458729
45308.0,-6886.227926592032
45309.0,-6886.187356725335
45310.0,-6886.146786858638
45311.0,-6886.106216991941
45312.0,-6886.065647125244
45313.0,-6886.025077258547
45314.0,-6885.9845073918505
45315.0,-6885.943937525153
45316.0,-6885.903367658456
45317.0,-6885.8627977917595
45318.0,-6885.822227925062
45319.0,-6885.781658058365
45320.0,-6885.7410881916685
45321.0,-6885.700518324971
45322.0,-6885.659948458274
45323.0,-6885.6193785915775
45324.0,-6885.57880872488
45325.0,-6885.538238858183
45326.0,-6885.4976689914865
45327.0,-6885.457099124789
45328.0,-6885.416529258092
45329.0,-6885.375959391396
45330.0,-6885.335389524698
45331.0,-6885.294819658001
45332.0,-6885.254249791305
45333.0,-6885.213679924607
45334.0,-6885.17311005791
45335.0,-6885.132540191214
45336.0,-6885.091970324516
45337.0,-6885.051400457819
45338.0,-6885.010830591123
45339.0,-6884.970260724425
45340.0,-6884.929690857728
45341.0,-6884.889120991032
45342.0,-6884.848551124334
45343.0,-6884.807981257637
45344.0,-6884.767411390941
45345.0,-6884.726841524243
45346.0,-6884.686271657546
45347.0,-6884.64570179085
45348.0,-6884.605131924152
45349.0,-6884.564562057455
45350.0,-6884.523992190759
45351.0,-6884.483422324061
45352.0,-6884.442852457364
45353.0,-6884.402282590668
45354.0,-6884.36171272397
45355.0,-6884.321142857273
45356.0,-6884.280572990577
45357.0,-6884.240003123879
45358.0,-6884.199433257182
45359.0,-6884.158863390486
45360.0,-6884.118293523788
45361.0,-6884.077723657091
45362.0,-6884.037153790395
45363.0,-6883.9965839236975
45364.0,-6883.956014057
45365.0,-6883.915444190304
45366.0,-6883.8748743236065
45367.0,-6883.834304456909
45368.0,-6883.793734590213
45369.0,-6883.7531647235155
45370.0,-6883.712594856818
45371.0,-6883.672024990122
45372.0,-6883.6314551234245
45373.0,-6883.590885256727
45374.0,-6883.550315390031
45375.0,-6883.509745523334
45376.0,-6883.469175656636
45377.0,-6883.42860578994
45378.0,-6883.388035923243
45379.0,-6883.347466056545
45380.0,-6883.306896189849
45381.0,-6883.266326323152
45382.0,-6883.225756456454
45383.0,-6883.185186589758
45384.0,-6883.144616723061
45385.0,-6883.104046856363
45386.0,-6883.063476989667
45387.0,-6883.02290712297
45388.0,-6882.982337256272
45389.0,-6882.941767389576
45390.0,-6882.901197522879
45391.0,-6882.860627656181
45392.0,-6882.820057789485
45393.0,-6882.779487922788
45394.0,-6882.73891805609
45395.0,-6882.698348189394
45396.0,-6882.657778322697
45397.0,-6882.617208455999
45398.0,-6882.576638589303
45399.0,-6882.536068722606
45400.0,-6882.495498855908
45401.0,-6882.454928989212
45402.0,-6882.414359122515
45403.0,-6882.373789255817
45404.0,-6882.333219389121
45405.0,-6882.292649522424
45406.0,-6882.252079655726
45407.0,-6882.21150978903
45408.0,-6882.170939922333
45409.0,-6882.1303700556355
45410.0,-6882.089800188939
45411.0,-6882.049230322242
45412.0,-6882.0086604555445
45413.0,-6881.968090588848
45414.0,-6881.927520722151
45415.0,-6881.8869508554535
45416.0,-6881.846380988757
45417.0,-6881.80581112206
45418.0,-6881.7652412553625
45419.0,-6881.724671388666
45420.0,-6881.684101521969
45421.0,-6881.6435316552715
45422.0,-6881.602961788575
45423.0,-6881.562391921878
45424.0,-6881.521822055181
45425.0,-6881.481252188484
45426.0,-6881.440682321787
45427.0,-6881.40011245509
45428.0,-6881.359542588393
45429.0,-6881.318972721696
45430.0,-6881.278402854999
45431.0,-6881.237832988302
45432.0,-6881.197263121605
45433.0,-6881.156693254908
45434.0,-6881.116123388211
45435.0,-6881.075553521514
45436.0,-6881.034983654817
45437.0,-6880.99441378812
45438.0,-6880.953843921423
45439.0,-6880.913274054726
45440.0,-6880.872704188029
45441.0,-6880.832134321332
45442.0,-6880.791564454635
45443.0,-6880.750994587938
45444.0,-6880.710424721241
45445.0,-6880.669854854544
45446.0,-6880.629284987847
45447.0,-6880.58871512115
45448.0,-6880.548145254453
45449.0,-6880.507575387756
45450.0,-6880.467005521059
45451.0,-6880.426435654362
45452.0,-6880.385865787665
45453.0,-6880.345295920968
45454.0,-6880.304726054271
45455.0,-6880.264156187574
45456.0,-6880.223586320877
45457.0,-6880.18301645418
45458.0,-6880.142446587483
45459.0,-6880.101876720786
45460.0,-6880.061306854089
45461.0,-6880.020736987392
45462.0,-6879.980167120695
45463.0,-6879.939597253998
45464.0,-6879.899027387301
45465.0,-6879.858457520604
45466.0,-6879.817887653907
45467.0,-6879.77731778721
45468.0,-6879.736747920513
45469.0,-6879.696178053816
45470.0,-6879.6556081871195
45471.0,-6879.615038320422
45472.0,-6879.574468453725
45473.0,-6879.5338985870285
45474.0,-6879.493328720331
45475.0,-6879.452758853634
45476.0,-6879.4121889869375
45477.0,-6879.37161912024
45478.0,-6879.331049253543
45479.0,-6879.2904793868465
45480.0,-6879.249909520149
45481.0,-6879.209339653452
45482.0,-6879.168769786756
45483.0,-6879.128199920058
45484.0,-6879.087630053361
45485.0,-6879.047060186665
45486.0,-6879.006490319967
45487.0,-6878.96592045327
45488.0,-6878.925350586574
45489.0,-6878.884780719876
45490.0,-6878.844210853179
45491.0,-6878.803640986483
45492.0,-6878.763071119785
45493.0,-6878.722501253088
45494.0,-6878.681931386392
45495.0,-6878.641361519694
45496.0,-6878.600791652997
45497.0,-6878.560221786301
45498.0,-6878.519651919603
45499.0,-6878.479082052906
45500.0,-6878.43851218621
45501.0,-6878.397942319512
45502.0,-6878.357372452815
45503.0,-6878.316802586119
45504.0,-6878.276232719421
45505.0,-6878.235662852724
45506.0,-6878.195092986028
45507.0,-6878.15452311933
45508.0,-6878.113953252633
45509.0,-6878.073383385937
45510.0,-6878.032813519239
45511.0,-6877.992243652542
45512.0,-6877.951673785846
45513.0,-6877.911103919148
45514.0,-6877.870534052451
45515.0,-6877.829964185755
45516.0,-6877.7893943190575
45517.0,-6877.74882445236
45518.0,-6877.708254585664
45519.0,-6877.6676847189665
45520.0,-6877.627114852269
45521.0,-6877.586544985573
45522.0,-6877.5459751188755
45523.0,-6877.505405252178
45524.0,-6877.464835385482
45525.0,-6877.4242655187845
45526.0,-6877.383695652087
45527.0,-6877.343125785391
45528.0,-6877.3025559186935
45529.0,-6877.261986051996
45530.0,-6877.2214161853
45531.0,-6877.180846318603
45532.0,-6877.140276451905
45533.0,-6877.099706585209
45534.0,-6877.059136718512
45535.0,-6877.018566851814
45536.0,-6876.977996985118
45537.0,-6876.937427118421
45538.0,-6876.896857251723
45539.0,-6876.856287385027
45540.0,-6876.81571751833
45541.0,-6876.775147651632
45542.0,-6876.734577784936
45543.0,-6876.694007918239
45544.0,-6876.653438051541
45545.0,-6876.612868184845
45546.0,-6876.572298318148
45547.0,-6876.53172845145
45548.0,-6876.491158584754
45549.0,-6876.450588718057
45550.0,-6876.410018851359
45551.0,-6876.369448984663
45552.0,-6876.328879117966
45553.0,-6876.288309251268
45554.0,-6876.247739384572
45555.0,-6876.207169517875
45556.0,-6876.166599651177
45557.0,-6876.126029784481
45558.0,-6876.085459917784
45559.0,-6876.044890051086
45560.0,-6876.00432018439
45561.0,-6875.963750317693
45562.0,-6875.9231804509955
45563.0,-6875.882610584299
45564.0,-6875.842040717602
45565.0,-6875.8014708509045
45566.0,-6875.760900984208
45567.0,-6875.720331117511
45568.0,-6875.6797612508135
45569.0,-6875.639191384117
45570.0,-6875.59862151742
45571.0,-6875.5580516507225
45572.0,-6875.517481784026
45573.0,-6875.476911917329
45574.0,-6875.4363420506315
45575.0,-6875.395772183935
45576.0,-6875.355202317238
45577.0,-6875.314632450541
45578.0,-6875.274062583844
45579.0,-6875.233492717147
45580.0,-6875.19292285045
45581.0,-6875.152352983753
45582.0,-6875.111783117056
45583.0,-6875.071213250359
45584.0,-6875.030643383662
45585.0,-6874.990073516965
45586.0,-6874.949503650268
45587.0,-6874.908933783571
45588.0,-6874.868363916874
45589.0,-6874.827794050177
45590.0,-6874.78722418348
45591.0,-6874.746654316783
45592.0,-6874.706084450086
45593.0,-6874.665514583389
45594.0,-6874.624944716692
45595.0,-6874.584374849995
45596.0,-6874.543804983298
45597.0,-6874.503235116601
45598.0,-6874.462665249904
45599.0,-6874.422095383207
45600.0,-6874.38152551651
45601.0,-6874.340955649813
45602.0,-6874.300385783116
45603.0,-6874.259815916419
45604.0,-6874.219246049722
45605.0,-6874.178676183025
45606.0,-6874.138106316328
45607.0,-6874.097536449631
45608.0,-6874.056966582934
45609.0,-6874.016396716237
45610.0,-6873.97582684954
45611.0,-6873.935256982843
45612.0,-6873.894687116146
45613.0,-6873.854117249449
45614.0,-6873.813547382752
45615.0,-6873.772977516055
45616.0,-6873.732407649358
45617.0,-6873.691837782661
45618.0,-6873.651267915964
45619.0,-6873.610698049267
45620.0,-6873.57012818257
45621.0,-6873.529558315873
45622.0,-6873.488988449176
45623.0,-6873.4484185824795
45624.0,-6873.407848715782
45625.0,-6873.367278849085
45626.0,-6873.3267089823885
45627.0,-6873.286139115691
45628.0,-6873.245569248994
45629.0,-6873.2049993822975
45630.0,-6873.1644295156
45631.0,-6873.123859648903
45632.0,-6873.0832897822065
45633.0,-6873.042719915509
45634.0,-6873.002150048812
45635.0,-6872.9615801821155
45636.0,-6872.921010315418
45637.0,-6872.880440448721
45638.0,-6872.839870582025
45639.0,-6872.799300715327
45640.0,-6872.75873084863
45641.0,-6872.718160981934
45642.0,-6872.677591115236
45643.0,-6872.637021248539
45644.0,-6872.596451381843
45645.0,-6872.555881515145
45646.0,-6872.515311648448
45647.0,-6872.474741781752
45648.0,-6872.434171915054
45649.0,-6872.393602048357
45650.0,-6872.353032181661
45651.0,-6872.312462314963
45652.0,-6872.271892448266
45653.0,-6872.23132258157
45654.0,-6872.190752714872
45655.0,-6872.150182848175
45656.0,-6872.109612981479
45657.0,-6872.069043114781
45658.0,-6872.028473248084
45659.0,-6871.987903381388
45660.0,-6871.94733351469
45661.0,-6871.906763647993
45662.0,-6871.866193781297
45663.0,-6871.825623914599
45664.0,-6871.785054047902
45665.0,-6871.744484181206
45666.0,-6871.703914314508
45667.0,-6871.663344447811
45668.0,-6871.622774581115
45669.0,-6871.5822047144175
45670.0,-6871.54163484772
45671.0,-6871.501064981024
45672.0,-6871.4604951143265
45673.0,-6871.419925247629
45674.0,-6871.379355380933
45675.0,-6871.3387855142355
45676.0,-6871.298215647538
45677.0,-6871.257645780842
45678.0,-6871.2170759141445
45679.0,-6871.176506047447
45680.0,-6871.135936180751
45681.0,-6871.0953663140535
45682.0,-6871.054796447356
45683.0,-6871.01422658066
45684.0,-6870.973656713963
45685.0,-6870.933086847265
45686.0,-6870.892516980569
45687.0,-6870.851947113872
45688.0,-6870.811377247174
45689.0,-6870.770807380478
45690.0,-6870.730237513781
45691.0,-6870.689667647083
45692.0,-6870.649097780387
45693.0,-6870.60852791369
45694.0,-6870.567958046992
45695.0,-6870.527388180296
45696.0,-6870.486818313599
45697.0,-6870.446248446901
45698.0,-6870.405678580205
45699.0,-6870.365108713508
45700.0,-6870.32453884681
45701.0,-6870.283968980114
45702.0,-6870.243399113417
45703.0,-6870.202829246719
45704.0,-6870.162259380023
45705.0,-6870.121689513326
45706.0,-6870.081119646628
45707.0,-6870.040549779932
45708.0,-6869.999979913235
45709.0,-6869.959410046537
45710.0,-6869.918840179841
45711.0,-6869.878270313144
45712.0,-6869.837700446446
45713.0,-6869.79713057975
45714.0,-6869.756560713053
45715.0,-6869.715990846355
45716.0,-6869.675420979659
45717.0,-6869.634851112962
45718.0,-6869.5942812462645
45719.0,-6869.553711379568
45720.0,-6869.513141512871
45721.0,-6869.4725716461735
45722.0,-6869.432001779477
45723.0,-6869.39143191278
45724.0,-6869.3508620460825
45725.0,-6869.310292179386
45726.0,-6869.269722312689
45727.0,-6869.2291524459915
45728.0,-6869.188582579295
45729.0,-6869.148012712598
45730.0,-6869.107442845901
45731.0,-6869.066872979204
45732.0,-6869.026303112507
45733.0,-6868.98573324581
45734.0,-6868.945163379113
45735.0,-6868.904593512416
45736.0,-6868.864023645719
45737.0,-6868.823453779022
45738.0,-6868.782883912325
45739.0,-6868.742314045628
45740.0,-6868.701744178931
45741.0,-6868.661174312234
45742.0,-6868.620604445537
45743.0,-6868.58003457884
45744.0,-6868.539464712143
45745.0,-6868.498894845446
45746.0,-6868.458324978749
45747.0,-6868.417755112052
45748.0,-6868.377185245355
45749.0,-6868.336615378658
45750.0,-6868.296045511961
45751.0,-6868.255475645264
45752.0,-6868.214905778567
45753.0,-6868.17433591187
45754.0,-6868.133766045173
45755.0,-6868.093196178476
45756.0,-6868.052626311779
45757.0,-6868.012056445082
45758.0,-6867.971486578385
45759.0,-6867.930916711688
45760.0,-6867.890346844991
45761.0,-6867.849776978294
45762.0,-6867.809207111597
45763.0,-6867.7686372449
45764.0,-6867.728067378203
45765.0,-6867.687497511506
45766.0,-6867.646927644809
45767.0,-6867.606357778112
45768.0,-6867.565787911415
45769.0,-6867.525218044718
45770.0,-6867.484648178021
45771.0,-6867.444078311324
45772.0,-6867.403508444627
45773.0,-6867.36293857793
45774.0,-6867.322368711233
45775.0,-6867.281798844536
45776.0,-6867.2412289778395
45777.0,-6867.200659111142
45778.0,-6867.160089244445
45779.0,-6867.1195193777485
45780.0,-6867.078949511051
45781.0,-6867.038379644354
45782.0,-6866.9978097776575
45783.0,-6866.95723991096
45784.0,-6866.916670044263
45785.0,-6866.8761001775665
45786.0,-6866.835530310869
45787.0,-6866.794960444172
45788.0,-6866.7543905774755
45789.0,-6866.713820710778
45790.0,-6866.673250844081
45791.0,-6866.632680977385
45792.0,-6866.592111110687
45793.0,-6866.55154124399
45794.0,-6866.510971377294
45795.0,-6866.470401510596
45796.0,-6866.429831643899
45797.0,-6866.389261777203
45798.0,-6866.348691910505
45799.0,-6866.308122043808
45800.0,-6866.267552177112
45801.0,-6866.226982310414
45802.0,-6866.186412443717
45803.0,-6866.145842577021
45804.0,-6866.105272710323
45805.0,-6866.064702843626
45806.0,-6866.02413297693
45807.0,-6865.983563110232
45808.0,-6865.942993243535
45809.0,-6865.902423376839
45810.0,-6865.861853510141
45811.0,-6865.821283643444
45812.0,-6865.780713776748
45813.0,-6865.74014391005
45814.0,-6865.699574043353
45815.0,-6865.659004176657
45816.0,-6865.618434309959
45817.0,-6865.577864443262
45818.0,-6865.537294576566
45819.0,-6865.496724709868
45820.0,-6865.456154843171
45821.0,-6865.415584976475
45822.0,-6865.375015109777
45823.0,-6865.33444524308
45824.0,-6865.293875376384
45825.0,-6865.2533055096865
45826.0,-6865.212735642989
45827.0,-6865.172165776293
45828.0,-6865.1315959095955
45829.0,-6865.091026042898
45830.0,-6865.050456176202
45831.0,-6865.0098863095045
45832.0,-6864.969316442807
45833.0,-6864.928746576111
45834.0,-6864.8881767094135
45835.0,-6864.847606842716
45836.0,-6864.80703697602
45837.0,-6864.766467109323
45838.0,-6864.725897242625
45839.0,-6864.685327375929
45840.0,-6864.644757509232
45841.0,-6864.604187642534
45842.0,-6864.563617775838
45843.0,-6864.523047909141
45844.0,-6864.482478042443
45845.0,-6864.441908175747
45846.0,-6864.40133830905
45847.0,-6864.360768442352
45848.0,-6864.320198575656
45849.0,-6864.279628708959
45850.0,-6864.239058842261
45851.0,-6864.198488975565
45852.0,-6864.157919108868
45853.0,-6864.11734924217
45854.0,-6864.076779375474
45855.0,-6864.036209508777
45856.0,-6863.995639642079
45857.0,-6863.955069775383
45858.0,-6863.914499908686
45859.0,-6863.873930041988
45860.0,-6863.833360175292
45861.0,-6863.792790308595
45862.0,-6863.752220441897
45863.0,-6863.711650575201
45864.0,-6863.671080708504
45865.0,-6863.630510841806
45866.0,-6863.58994097511
45867.0,-6863.549371108413
45868.0,-6863.508801241715
45869.0,-6863.468231375019
45870.0,-6863.427661508322
45871.0,-6863.3870916416245
45872.0,-6863.346521774928
45873.0,-6863.305951908231
45874.0,-6863.2653820415335
45875.0,-6863.224812174837
45876.0,-6863.18424230814
45877.0,-6863.1436724414425
45878.0,-6863.103102574746
45879.0,-6863.062532708049
45880.0,-6863.0219628413515
45881.0,-6862.981392974655
45882.0,-6862.940823107958
45883.0,-6862.9002532412605
45884.0,-6862.859683374564
45885.0,-6862.819113507867
45886.0,-6862.77854364117
45887.0,-6862.737973774473
45888.0,-6862.697403907776
45889.0,-6862.656834041079
45890.0,-6862.616264174382
45891.0,-6862.575694307685
45892.0,-6862.535124440988
45893.0,-6862.494554574291
45894.0,-6862.453984707594
45895.0,-6862.413414840897
45896.0,-6862.3728449742
45897.0,-6862.332275107503
45898.0,-6862.291705240806
45899.0,-6862.251135374109
45900.0,-6862.210565507412
45901.0,-6862.169995640715
45902.0,-6862.129425774018
45903.0,-6862.088855907321
45904.0,-6862.048286040624
45905.0,-6862.007716173927
45906.0,-6861.96714630723
45907.0,-6861.926576440533
45908.0,-6861.886006573836
45909.0,-6861.845436707139
45910.0,-6861.804866840442
45911.0,-6861.764296973745
45912.0,-6861.723727107048
45913.0,-6861.683157240351
45914.0,-6861.642587373654
45915.0,-6861.602017506957
45916.0,-6861.56144764026
45917.0,-6861.520877773563
45918.0,-6861.480307906866
45919.0,-6861.439738040169
45920.0,-6861.399168173472
45921.0,-6861.358598306775
45922.0,-6861.318028440078
45923.0,-6861.277458573381
45924.0,-6861.236888706684
45925.0,-6861.196318839987
45926.0,-6861.15574897329
45927.0,-6861.115179106593
45928.0,-6861.074609239896
45929.0,-6861.034039373199
45930.0,-6860.993469506502
45931.0,-6860.952899639805
45932.0,-6860.9123297731085
45933.0,-6860.871759906411
45934.0,-6860.831190039714
45935.0,-6860.7906201730175
45936.0,-6860.75005030632
45937.0,-6860.709480439623
45938.0,-6860.6689105729265
45939.0,-6860.628340706229
45940.0,-6860.587770839532
45941.0,-6860.5472009728355
45942.0,-6860.506631106138
45943.0,-6860.466061239441
45944.0,-6860.425491372745
45945.0,-6860.384921506047
45946.0,-6860.34435163935
45947.0,-6860.303781772654
45948.0,-6860.263211905956
45949.0,-6860.222642039259
45950.0,-6860.182072172563
45951.0,-6860.141502305865
45952.0,-6860.100932439168
45953.0,-6860.060362572472
45954.0,-6860.019792705774
45955.0,-6859.979222839077
45956.0,-6859.938652972381
45957.0,-6859.898083105683
45958.0,-6859.857513238986
45959.0,-6859.81694337229
45960.0,-6859.776373505592
45961.0,-6859.735803638895
45962.0,-6859.695233772199
45963.0,-6859.654663905501
45964.0,-6859.614094038804
45965.0,-6859.573524172108
45966.0,-6859.53295430541
45967.0,-6859.492384438713
45968.0,-6859.451814572017
45969.0,-6859.411244705319
45970.0,-6859.370674838622
45971.0,-6859.330104971926
45972.0,-6859.289535105228
45973.0,-6859.248965238531
45974.0,-6859.208395371835
45975.0,-6859.167825505137
45976.0,-6859.12725563844
45977.0,-6859.086685771744
45978.0,-6859.0461159050465
45979.0,-6859.005546038349
45980.0,-6858.964976171653
45981.0,-6858.9244063049555
45982.0,-6858.883836438258
45983.0,-6858.843266571562
45984.0,-6858.8026967048645
45985.0,-6858.762126838167
45986.0,-6858.721556971471
45987.0,-6858.6809871047735
45988.0,-6858.640417238076
45989.0,-6858.59984737138
45990.0,-6858.5592775046825
45991.0,-6858.518707637985
45992.0,-6858.478137771289
45993.0,-6858.437567904592
45994.0,-6858.396998037894
45995.0,-6858.356428171198
45996.0,-6858.315858304501
45997.0,-6858.275288437803
45998.0,-6858.234718571107
45999.0,-6858.19414870441
46000.0,-6858.153578837712
46001.0,-6858.113008971016
46002.0,-6858.072439104319
46003.0,-6858.031869237621
46004.0,-6857.991299370925
46005.0,-6857.950729504228
46006.0,-6857.91015963753
46007.0,-6857.869589770834
46008.0,-6857.829019904137
46009.0,-6857.788450037439
46010.0,-6857.747880170743
46011.0,-6857.707310304046
46012.0,-6857.666740437348
46013.0,-6857.626170570652
46014.0,-6857.585600703955
46015.0,-6857.545030837257
46016.0,-6857.504460970561
46017.0,-6857.463891103864
46018.0,-6857.423321237166
46019.0,-6857.38275137047
46020.0,-6857.342181503773
46021.0,-6857.301611637075
46022.0,-6857.261041770379
46023.0,-6857.220471903682
46024.0,-6857.1799020369845
46025.0,-6857.139332170288
46026.0,-6857.098762303591
46027.0,-6857.0581924368935
46028.0,-6857.017622570197
46029.0,-6856.9770527035
46030.0,-6856.9364828368025
46031.0,-6856.895912970106
46032.0,-6856.855343103409
46033.0,-6856.8147732367115
46034.0,-6856.774203370015
46035.0,-6856.733633503318
46036.0,-6856.6930636366205
46037.0,-6856.652493769924
46038.0,-6856.611923903227
46039.0,-6856.57135403653
46040.0,-6856.530784169833
46041.0,-6856.490214303136
46042.0,-6856.449644436439
46043.0,-6856.409074569742
46044.0,-6856.368504703045
46045.0,-6856.327934836348
46046.0,-6856.287364969651
46047.0,-6856.246795102954
46048.0,-6856.206225236257
46049.0,-6856.16565536956
46050.0,-6856.125085502863
46051.0,-6856.084515636166
46052.0,-6856.043945769469
46053.0,-6856.003375902772
46054.0,-6855.962806036075
46055.0,-6855.922236169378
46056.0,-6855.881666302681
46057.0,-6855.841096435984
46058.0,-6855.800526569287
46059.0,-6855.75995670259
46060.0,-6855.719386835893
46061.0,-6855.678816969196
46062.0,-6855.638247102499
46063.0,-6855.597677235802
46064.0,-6855.557107369105
46065.0,-6855.516537502408
46066.0,-6855.475967635711
46067.0,-6855.435397769014
46068.0,-6855.394827902317
46069.0,-6855.35425803562
46070.0,-6855.313688168923
46071.0,-6855.273118302226
46072.0,-6855.232548435529
46073.0,-6855.191978568832
46074.0,-6855.151408702135
46075.0,-6855.110838835438
46076.0,-6855.070268968741
46077.0,-6855.029699102044
46078.0,-6854.989129235347
46079.0,-6854.94855936865
46080.0,-6854.907989501953
46081.0,-6854.890727221966
46082.0,-6854.873464941978
46083.0,-6854.856202661991
46084.0,-6854.838940382004
46085.0,-6854.821678102016
46086.0,-6854.804415822029
46087.0,-6854.787153542042
46088.0,-6854.769891262054
46089.0,-6854.752628982067
46090.0,-6854.73536670208
46091.0,-6854.718104422092
46092.0,-6854.700842142105
46093.0,-6854.683579862118
46094.0,-6854.66631758213
46095.0,-6854.649055302143
46096.0,-6854.631793022156
46097.0,-6854.614530742168
46098.0,-6854.597268462181
46099.0,-6854.580006182194
46100.0,-6854.562743902206
46101.0,-6854.545481622219
46102.0,-6854.528219342232
46103.0,-6854.510957062244
46104.0,-6854.493694782257
46105.0,-6854.47643250227
46106.0,-6854.459170222282
46107.0,-6854.441907942295
46108.0,-6854.424645662308
46109.0,-6854.40738338232
46110.0,-6854.390121102333
46111.0,-6854.372858822346
46112.0,-6854.355596542358
46113.0,-6854.338334262371
46114.0,-6854.321071982384
46115.0,-6854.303809702396
46116.0,-6854.286547422409
46117.0,-6854.269285142422
46118.0,-6854.252022862434
46119.0,-6854.234760582447
46120.0,-6854.21749830246
46121.0,-6854.200236022472
46122.0,-6854.182973742485
46123.0,-6854.165711462498
46124.0,-6854.14844918251
46125.0,-6854.131186902523
46126.0,-6854.113924622536
46127.0,-6854.096662342548
46128.0,-6854.079400062561
46129.0,-6854.062137782574
46130.0,-6854.044875502586
46131.0,-6854.027613222599
46132.0,-6854.010350942612
46133.0,-6853.993088662624
46134.0,-6853.975826382637
46135.0,-6853.95856410265
46136.0,-6853.941301822662
46137.0,-6853.924039542675
46138.0,-6853.906777262688
46139.0,-6853.8895149827
46140.0,-6853.872252702713
46141.0,-6853.854990422726
46142.0,-6853.837728142738
46143.0,-6853.820465862751
46144.0,-6853.803203582764
46145.0,-6853.785941302776
46146.0,-6853.768679022789
46147.0,-6853.751416742802
46148.0,-6853.734154462814
46149.0,-6853.716892182827
46150.0,-6853.69962990284
46151.0,-6853.682367622852
46152.0,-6853.665105342865
46153.0,-6853.647843062878
46154.0,-6853.63058078289
46155.0,-6853.613318502903
46156.0,-6853.596056222916
46157.0,-6853.578793942928
46158.0,-6853.561531662941
46159.0,-6853.544269382954
46160.0,-6853.527007102966
46161.0,-6853.509744822979
46162.0,-6853.492482542992
46163.0,-6853.475220263004
46164.0,-6853.457957983017
46165.0,-6853.44069570303
46166.0,-6853.423433423042
46167.0,-6853.406171143055
46168.0,-6853.388908863068
46169.0,-6853.37164658308
46170.0,-6853.354384303093
46171.0,-6853.337122023106
46172.0,-6853.319859743118
46173.0,-6853.302597463131
46174.0,-6853.285335183144
46175.0,-6853.268072903156
46176.0,-6853.250810623169
46177.0,-6853.233548343182
46178.0,-6853.216286063194
46179.0,-6853.199023783207
46180.0,-6853.18176150322
46181.0,-6853.164499223232
46182.0,-6853.147236943245
46183.0,-6853.129974663258
46184.0,-6853.11271238327
46185.0,-6853.095450103283
46186.0,-6853.078187823296
46187.0,-6853.060925543308
46188.0,-6853.043663263321
46189.0,-6853.026400983334
46190.0,-6853.009138703346
46191.0,-6852.991876423359
46192.0,-6852.974614143372
46193.0,-6852.957351863384
46194.0,-6852.940089583397
46195.0,-6852.92282730341
46196.0,-6852.905565023422
46197.0,-6852.888302743435
46198.0,-6852.871040463448
46199.0,-6852.85377818346
46200.0,-6852.836515903473
46201.0,-6852.819253623486
46202.0,-6852.801991343498
46203.0,-6852.784729063511
46204.0,-6852.767466783524
46205.0,-6852.750204503536
46206.0,-6852.732942223549
46207.0,-6852.715679943562
46208.0,-6852.698417663574
46209.0,-6852.681155383587
46210.0,-6852.6638931036
46211.0,-6852.646630823612
46212.0,-6852.629368543625
46213.0,-6852.6121062636375
46214.0,-6852.59484398365
46215.0,-6852.577581703663
46216.0,-6852.5603194236755
46217.0,-6852.543057143688
46218.0,-6852.525794863701
46219.0,-6852.5085325837135
46220.0,-6852.491270303726
46221.0,-6852.474008023739
46222.0,-6852.4567457437515
46223.0,-6852.439483463764
46224.0,-6852.422221183777
46225.0,-6852.4049589037895
46226.0,-6852.387696623802
46227.0,-6852.370434343815
46228.0,-6852.3531720638275
46229.0,-6852.33590978384
46230.0,-6852.318647503853
46231.0,-6852.3013852238655
46232.0,-6852.284122943878
46233.0,-6852.266860663891
46234.0,-6852.2495983839035
46235.0,-6852.232336103916
46236.0,-6852.215073823929
46237.0,-6852.1978115439415
46238.0,-6852.180549263954
46239.0,-6852.163286983967
46240.0,-6852.1460247039795
46241.0,-6852.128762423992
46242.0,-6852.111500144005
46243.0,-6852.0942378640175
46244.0,-6852.07697558403
46245.0,-6852.059713304043
46246.0,-6852.0424510240555
46247.0,-6852.025188744068
46248.0,-6852.007926464081
46249.0,-6851.9906641840935
46250.0,-6851.973401904106
46251.0,-6851.956139624119
46252.0,-6851.9388773441315
46253.0,-6851.921615064144
46254.0,-6851.904352784157
46255.0,-6851.8870905041695
46256.0,-6851.869828224182
46257.0,-6851.852565944195
46258.0,-6851.8353036642075
46259.0,-6851.81804138422
46260.0,-6851.800779104233
46261.0,-6851.783516824245
46262.0,-6851.766254544258
46263.0,-6851.748992264271
46264.0,-6851.731729984283
46265.0,-6851.714467704296
46266.0,-6851.697205424309
46267.0,-6851.679943144321
46268.0,-6851.662680864334
46269.0,-6851.645418584347
46270.0,-6851.628156304359
46271.0,-6851.610894024372
46272.0,-6851.593631744385
46273.0,-6851.576369464397
46274.0,-6851.55910718441
46275.0,-6851.541844904423
46276.0,-6851.524582624435
46277.0,-6851.507320344448
46278.0,-6851.490058064461
46279.0,-6851.472795784473
46280.0,-6851.455533504486
46281.0,-6851.438271224499
46282.0,-6851.421008944511
46283.0,-6851.403746664524
46284.0,-6851.386484384537
46285.0,-6851.369222104549
46286.0,-6851.351959824562
46287.0,-6851.334697544575
46288.0,-6851.317435264587
46289.0,-6851.3001729846
46290.0,-6851.282910704613
46291.0,-6851.265648424625
46292.0,-6851.248386144638
46293.0,-6851.231123864651
46294.0,-6851.213861584663
46295.0,-6851.196599304676
46296.0,-6851.179337024689
46297.0,-6851.162074744701
46298.0,-6851.144812464714
46299.0,-6851.127550184727
46300.0,-6851.110287904739
46301.0,-6851.093025624752
46302.0,-6851.075763344765
46303.0,-6851.058501064777
46304.0,-6851.04123878479
46305.0,-6851.023976504803
46306.0,-6851.006714224815
46307.0,-6850.989451944828
46308.0,-6850.972189664841
46309.0,-6850.954927384853
46310.0,-6850.937665104866
46311.0,-6850.920402824879
46312.0,-6850.903140544891
46313.0,-6850.885878264904
46314.0,-6850.868615984917
46315.0,-6850.851353704929
46316.0,-6850.834091424942
46317.0,-6850.816829144955
46318.0,-6850.799566864967
46319.0,-6850.78230458498
46320.0,-6850.765042304993
46321.0,-6850.747780025005
46322.0,-6850.730517745018
46323.0,-6850.713255465031
46324.0,-6850.695993185043
46325.0,-6850.678730905056
46326.0,-6850.661468625069
46327.0,-6850.644206345081
46328.0,-6850.626944065094
46329.0,-6850.609681785107
46330.0,-6850.592419505119
46331.0,-6850.575157225132
46332.0,-6850.557894945145
46333.0,-6850.540632665157
46334.0,-6850.52337038517
46335.0,-6850.506108105183
46336.0,-6850.488845825195
46337.0,-6850.471583545208
46338.0,-6850.454321265221
46339.0,-6850.437058985233
46340.0,-6850.419796705246
46341.0,-6850.402534425259
46342.0,-6850.385272145271
46343.0,-6850.368009865284
46344.0,-6850.350747585297
46345.0,-6850.333485305309
46346.0,-6850.316223025322
46347.0,-6850.298960745335
46348.0,-6850.281698465347
46349.0,-6850.26443618536
46350.0,-6850.247173905373
46351.0,-6850.229911625385
46352.0,-6850.212649345398
46353.0,-6850.195387065411
46354.0,-6850.178124785423
46355.0,-6850.160862505436
46356.0,-6850.143600225449
46357.0,-6850.126337945461
46358.0,-6850.109075665474
46359.0,-6850.091813385487
46360.0,-6850.074551105499
46361.0,-6850.057288825512
46362.0,-6850.040026545525
46363.0,-6850.022764265537
46364.0,-6850.00550198555
46365.0,-6849.988239705563
46366.0,-6849.970977425575
46367.0,-6849.953715145588
46368.0,-6849.936452865601
46369.0,-6849.919190585613
46370.0,-6849.901928305626
46371.0,-6849.884666025639
46372.0,-6849.867403745651
46373.0,-6849.850141465664
46374.0,-6849.832879185677
46375.0,-6849.815616905689
46376.0,-6849.798354625702
46377.0,-6849.781092345715
46378.0,-6849.763830065727
46379.0,-6849.74656778574
46380.0,-6849.729305505753
46381.0,-6849.712043225765
46382.0,-6849.694780945778
46383.0,-6849.677518665791
46384.0,-6849.660256385803
46385.0,-6849.642994105816
46386.0,-6849.625731825829
46387.0,-6849.608469545841
46388.0,-6849.591207265854
46389.0,-6849.573944985867
46390.0,-6849.556682705879
46391.0,-6849.539420425892
46392.0,-6849.5221581459045
46393.0,-6849.504895865917
46394.0,-6849.48763358593
46395.0,-6849.4703713059425
46396.0,-6849.453109025955
46397.0,-6849.435846745968
46398.0,-6849.4185844659805
46399.0,-6849.401322185993
46400.0,-6849.384059906006
46401.0,-6849.3667976260185
46402.0,-6849.349535346031
46403.0,-6849.332273066044
46404.0,-6849.3150107860565
46405.0,-6849.297748506069
46406.0,-6849.280486226082
46407.0,-6849.2632239460945
46408.0,-6849.245961666107
46409.0,-6849.22869938612
46410.0,-6849.2114371061325
46411.0,-6849.194174826145
46412.0,-6849.176912546158
46413.0,-6849.1596502661705
46414.0,-6849.142387986183
46415.0,-6849.125125706196
46416.0,-6849.1078634262085
46417.0,-6849.090601146221
46418.0,-6849.073338866234
46419.0,-6849.0560765862465
46420.0,-6849.038814306259
46421.0,-6849.021552026272
46422.0,-6849.0042897462845
46423.0,-6848.987027466297
46424.0,-6848.96976518631
46425.0,-6848.9525029063225
46426.0,-6848.935240626335
46427.0,-6848.917978346348
46428.0,-6848.9007160663605
46429.0,-6848.883453786373
46430.0,-6848.866191506386
46431.0,-6848.8489292263985
46432.0,-6848.831666946411
46433.0,-6848.814404666424
46434.0,-6848.7971423864365
46435.0,-6848.779880106449
46436.0,-6848.762617826462
46437.0,-6848.7453555464745
46438.0,-6848.728093266487
46439.0,-6848.7108309865
46440.0,-6848.693568706512
46441.0,-6848.676306426525
46442.0,-6848.659044146538
46443.0,-6848.64178186655
46444.0,-6848.624519586563
46445.0,-6848.607257306576
46446.0,-6848.589995026588
46447.0,-6848.572732746601
46448.0,-6848.555470466614
46449.0,-6848.538208186626
46450.0,-6848.520945906639
46451.0,-6848.503683626652
46452.0,-6848.486421346664
46453.0,-6848.469159066677
46454.0,-6848.45189678669
46455.0,-6848.434634506702
46456.0,-6848.417372226715
46457.0,-6848.400109946728
46458.0,-6848.38284766674
46459.0,-6848.365585386753
46460.0,-6848.348323106766
46461.0,-6848.331060826778
46462.0,-6848.313798546791
46463.0,-6848.296536266804
46464.0,-6848.279273986816
46465.0,-6848.262011706829
46466.0,-6848.244749426842
46467.0,-6848.227487146854
46468.0,-6848.210224866867
46469.0,-6848.19296258688
46470.0,-6848.175700306892
46471.0,-6848.158438026905
46472.0,-6848.141175746918
46473.0,-6848.12391346693
46474.0,-6848.106651186943
46475.0,-6848.089388906956
46476.0,-6848.072126626968
46477.0,-6848.054864346981
46478.0,-6848.037602066994
46479.0,-6848.020339787006
46480.0,-6848.003077507019
46481.0,-6847.985815227032
46482.0,-6847.968552947044
46483.0,-6847.951290667057
46484.0,-6847.93402838707
46485.0,-6847.916766107082
46486.0,-6847.899503827095
46487.0,-6847.882241547108
46488.0,-6847.86497926712
46489.0,-6847.847716987133
46490.0,-6847.830454707146
46491.0,-6847.813192427158
46492.0,-6847.795930147171
46493.0,-6847.778667867184
46494.0,-6847.761405587196
46495.0,-6847.744143307209
46496.0,-6847.726881027222
46497.0,-6847.709618747234
46498.0,-6847.692356467247
46499.0,-6847.67509418726
46500.0,-6847.657831907272
46501.0,-6847.640569627285
46502.0,-6847.623307347298
46503.0,-6847.60604506731
46504.0,-6847.588782787323
46505.0,-6847.571520507336
46506.0,-6847.554258227348
46507.0,-6847.536995947361
46508.0,-6847.519733667374
46509.0,-6847.502471387386
46510.0,-6847.485209107399
46511.0,-6847.467946827412
46512.0,-6847.450684547424
46513.0,-6847.433422267437
46514.0,-6847.41615998745
46515.0,-6847.398897707462
46516.0,-6847.381635427475
46517.0,-6847.364373147488
46518.0,-6847.3471108675
46519.0,-6847.329848587513
46520.0,-6847.312586307526
46521.0,-6847.295324027538
46522.0,-6847.278061747551
46523.0,-6847.260799467564
46524.0,-6847.243537187576
46525.0,-6847.226274907589
46526.0,-6847.209012627602
46527.0,-6847.191750347614
46528.0,-6847.174488067627
46529.0,-6847.15722578764
46530.0,-6847.139963507652
46531.0,-6847.122701227665
46532.0,-6847.105438947678
46533.0,-6847.08817666769
46534.0,-6847.070914387703
46535.0,-6847.053652107716
46536.0,-6847.036389827728
46537.0,-6847.019127547741
46538.0,-6847.001865267754
46539.0,-6846.984602987766
46540.0,-6846.967340707779
46541.0,-6846.950078427792
46542.0,-6846.932816147804
46543.0,-6846.915553867817
46544.0,-6846.89829158783
46545.0,-6846.881029307842
46546.0,-6846.863767027855
46547.0,-6846.846504747868
46548.0,-6846.82924246788
46549.0,-6846.811980187893
46550.0,-6846.794717907906
46551.0,-6846.777455627918
46552.0,-6846.760193347931
46553.0,-6846.742931067944
46554.0,-6846.725668787956
46555.0,-6846.708406507969
46556.0,-6846.691144227982
46557.0,-6846.673881947994
46558.0,-6846.656619668007
46559.0,-6846.63935738802
46560.0,-6846.622095108032
46561.0,-6846.604832828045
46562.0,-6846.587570548058
46563.0,-6846.57030826807
46564.0,-6846.553045988083
46565.0,-6846.535783708096
46566.0,-6846.518521428108
46567.0,-6846.501259148121
46568.0,-6846.4839968681335
46569.0,-6846.466734588146
46570.0,-6846.449472308159
46571.0,-6846.4322100281715
46572.0,-6846.414947748184
46573.0,-6846.397685468197
46574.0,-6846.3804231882095
46575.0,-6846.363160908222
46576.0,-6846.345898628235
46577.0,-6846.3286363482475
46578.0,-6846.31137406826
46579.0,-6846.294111788273
46580.0,-6846.2768495082855
46581.0,-6846.259587228298
46582.0,-6846.242324948311
46583.0,-6846.2250626683235
46584.0,-6846.207800388336
46585.0,-6846.190538108349
46586.0,-6846.1732758283615
46587.0,-6846.156013548374
46588.0,-6846.138751268387
46589.0,-6846.1214889883995
46590.0,-6846.104226708412
46591.0,-6846.086964428425
46592.0,-6846.0697021484375
46593.0,-6846.05243986845
46594.0,-6846.035177588463
46595.0,-6846.0179153084755
46596.0,-6846.000653028488
46597.0,-6845.983390748501
46598.0,-6845.9661284685135
46599.0,-6845.948866188526
46600.0,-6845.931603908539
46601.0,-6845.9143416285515
46602.0,-6845.897079348564
46603.0,-6845.879817068577
46604.0,-6845.8625547885895
46605.0,-6845.845292508602
46606.0,-6845.828030228615
46607.0,-6845.8107679486275
46608.0,-6845.79350566864
46609.0,-6845.776243388653
46610.0,-6845.7589811086655
46611.0,-6845.741718828678
46612.0,-6845.724456548691
46613.0,-6845.7071942687035
46614.0,-6845.689931988716
46615.0,-6845.672669708729
46616.0,-6845.6554074287415
46617.0,-6845.638145148754
46618.0,-6845.620882868767
46619.0,-6845.603620588779
46620.0,-6845.586358308792
46621.0,-6845.569096028805
46622.0,-6845.551833748817
46623.0,-6845.53457146883
46624.0,-6845.517309188843
46625.0,-6845.500046908855
46626.0,-6845.482784628868
46627.0,-6845.465522348881
46628.0,-6845.448260068893
46629.0,-6845.430997788906
46630.0,-6845.413735508919
46631.0,-6845.396473228931
46632.0,-6845.379210948944
46633.0,-6845.361948668957
46634.0,-6845.344686388969
46635.0,-6845.327424108982
46636.0,-6845.310161828995
46637.0,-6845.292899549007
46638.0,-6845.27563726902
46639.0,-6845.258374989033
46640.0,-6845.241112709045
46641.0,-6845.223850429058
46642.0,-6845.206588149071
46643.0,-6845.189325869083
46644.0,-6845.172063589096
46645.0,-6845.154801309109
46646.0,-6845.137539029121
46647.0,-6845.120276749134
46648.0,-6845.103014469147
46649.0,-6845.085752189159
46650.0,-6845.068489909172
46651.0,-6845.051227629185
46652.0,-6845.033965349197
46653.0,-6845.01670306921
46654.0,-6844.999440789223
46655.0,-6844.982178509235
46656.0,-6844.964916229248
46657.0,-6844.947653949261
46658.0,-6844.930391669273
46659.0,-6844.913129389286
46660.0,-6844.895867109299
46661.0,-6844.878604829311
46662.0,-6844.861342549324
46663.0,-6844.844080269337
46664.0,-6844.826817989349
46665.0,-6844.809555709362
46666.0,-6844.792293429375
46667.0,-6844.775031149387
46668.0,-6844.7577688694
46669.0,-6844.740506589413
46670.0,-6844.723244309425
46671.0,-6844.705982029438
46672.0,-6844.688719749451
46673.0,-6844.671457469463
46674.0,-6844.654195189476
46675.0,-6844.636932909489
46676.0,-6844.619670629501
46677.0,-6844.602408349514
46678.0,-6844.585146069527
46679.0,-6844.567883789539
46680.0,-6844.550621509552
46681.0,-6844.533359229565
46682.0,-6844.516096949577
46683.0,-6844.49883466959
46684.0,-6844.481572389603
46685.0,-6844.464310109615
46686.0,-6844.447047829628
46687.0,-6844.429785549641
46688.0,-6844.412523269653
46689.0,-6844.395260989666
46690.0,-6844.377998709679
46691.0,-6844.360736429691
46692.0,-6844.343474149704
46693.0,-6844.326211869717
46694.0,-6844.308949589729
46695.0,-6844.291687309742
46696.0,-6844.274425029755
46697.0,-6844.257162749767
46698.0,-6844.23990046978
46699.0,-6844.222638189793
46700.0,-6844.205375909805
46701.0,-6844.188113629818
46702.0,-6844.170851349831
46703.0,-6844.153589069843
46704.0,-6844.136326789856
46705.0,-6844.119064509869
46706.0,-6844.101802229881
46707.0,-6844.084539949894
46708.0,-6844.067277669907
46709.0,-6844.050015389919
46710.0,-6844.032753109932
46711.0,-6844.015490829945
46712.0,-6843.998228549957
46713.0,-6843.98096626997
46714.0,-6843.963703989983
46715.0,-6843.946441709995
46716.0,-6843.929179430008
46717.0,-6843.911917150021
46718.0,-6843.894654870033
46719.0,-6843.877392590046
46720.0,-6843.860130310059
46721.0,-6843.842868030071
46722.0,-6843.825605750084
46723.0,-6843.808343470097
46724.0,-6843.791081190109
46725.0,-6843.773818910122
46726.0,-6843.756556630135
46727.0,-6843.739294350147
46728.0,-6843.72203207016
46729.0,-6843.704769790173
46730.0,-6843.687507510185
46731.0,-6843.670245230198
46732.0,-6843.652982950211
46733.0,-6843.635720670223
46734.0,-6843.618458390236
46735.0,-6843.601196110249
46736.0,-6843.583933830261
46737.0,-6843.566671550274
46738.0,-6843.549409270287
46739.0,-6843.532146990299
46740.0,-6843.514884710312
46741.0,-6843.497622430325
46742.0,-6843.480360150337
46743.0,-6843.46309787035
46744.0,-6843.445835590363
46745.0,-6843.428573310375
46746.0,-6843.411311030388
46747.0,-6843.3940487504005
46748.0,-6843.376786470413
46749.0,-6843.359524190426
46750.0,-6843.3422619104385
46751.0,-6843.324999630451
46752.0,-6843.307737350464
46753.0,-6843.2904750704765
46754.0,-6843.273212790489
46755.0,-6843.255950510502
46756.0,-6843.2386882305145
46757.0,-6843.221425950527
46758.0,-6843.20416367054
46759.0,-6843.1869013905525
46760.0,-6843.169639110565
46761.0,-6843.152376830578
46762.0,-6843.1351145505905
46763.0,-6843.117852270603
46764.0,-6843.100589990616
46765.0,-6843.0833277106285
46766.0,-6843.066065430641
46767.0,-6843.048803150654
46768.0,-6843.0315408706665
46769.0,-6843.014278590679
46770.0,-6842.997016310692
46771.0,-6842.9797540307045
46772.0,-6842.962491750717
46773.0,-6842.94522947073
46774.0,-6842.9279671907425
46775.0,-6842.910704910755
46776.0,-6842.893442630768
46777.0,-6842.8761803507805
46778.0,-6842.858918070793
46779.0,-6842.841655790806
46780.0,-6842.8243935108185
46781.0,-6842.807131230831
46782.0,-6842.789868950844
46783.0,-6842.7726066708565
46784.0,-6842.755344390869
46785.0,-6842.738082110882
46786.0,-6842.7208198308945
46787.0,-6842.703557550907
46788.0,-6842.68629527092
46789.0,-6842.6690329909325
46790.0,-6842.651770710945
46791.0,-6842.634508430958
46792.0,-6842.6172461509705
46793.0,-6842.599983870983
46794.0,-6842.582721590996
46795.0,-6842.565459311008
46796.0,-6842.548197031021
46797.0,-6842.530934751034
46798.0,-6842.513672471046
46799.0,-6842.496410191059
46800.0,-6842.479147911072
46801.0,-6842.461885631084
46802.0,-6842.444623351097
46803.0,-6842.42736107111
46804.0,-6842.410098791122
46805.0,-6842.392836511135
46806.0,-6842.375574231148
46807.0,-6842.35831195116
46808.0,-6842.341049671173
46809.0,-6842.323787391186
46810.0,-6842.306525111198
46811.0,-6842.289262831211
46812.0,-6842.272000551224
46813.0,-6842.254738271236
46814.0,-6842.237475991249
46815.0,-6842.220213711262
46816.0,-6842.202951431274
46817.0,-6842.185689151287
46818.0,-6842.1684268713
46819.0,-6842.151164591312
46820.0,-6842.133902311325
46821.0,-6842.116640031338
46822.0,-6842.09937775135
46823.0,-6842.082115471363
46824.0,-6842.064853191376
46825.0,-6842.047590911388
46826.0,-6842.030328631401
46827.0,-6842.013066351414
46828.0,-6841.995804071426
46829.0,-6841.978541791439
46830.0,-6841.961279511452
46831.0,-6841.944017231464
46832.0,-6841.926754951477
46833.0,-6841.90949267149
46834.0,-6841.892230391502
46835.0,-6841.874968111515
46836.0,-6841.857705831528
46837.0,-6841.84044355154
46838.0,-6841.823181271553
46839.0,-6841.805918991566
46840.0,-6841.788656711578
46841.0,-6841.771394431591
46842.0,-6841.754132151604
46843.0,-6841.736869871616
46844.0,-6841.719607591629
46845.0,-6841.702345311642
46846.0,-6841.685083031654
46847.0,-6841.667820751667
46848.0,-6841.65055847168
46849.0,-6841.633296191692
46850.0,-6841.616033911705
46851.0,-6841.598771631718
46852.0,-6841.58150935173
46853.0,-6841.564247071743
46854.0,-6841.546984791756
46855.0,-6841.529722511768
46856.0,-6841.512460231781
46857.0,-6841.495197951794
46858.0,-6841.477935671806
46859.0,-6841.460673391819
46860.0,-6841.443411111832
46861.0,-6841.426148831844
46862.0,-6841.408886551857
46863.0,-6841.39162427187
46864.0,-6841.374361991882
46865.0,-6841.357099711895
46866.0,-6841.339837431908
46867.0,-6841.32257515192
46868.0,-6841.305312871933
46869.0,-6841.288050591946
46870.0,-6841.270788311958
46871.0,-6841.253526031971
46872.0,-6841.236263751984
46873.0,-6841.219001471996
46874.0,-6841.201739192009
46875.0,-6841.184476912022
46876.0,-6841.167214632034
46877.0,-6841.149952352047
46878.0,-6841.13269007206
46879.0,-6841.115427792072
46880.0,-6841.098165512085
46881.0,-6841.080903232098
46882.0,-6841.06364095211
46883.0,-6841.046378672123
46884.0,-6841.029116392136
46885.0,-6841.011854112148
46886.0,-6840.994591832161
46887.0,-6840.977329552174
46888.0,-6840.960067272186
46889.0,-6840.942804992199
46890.0,-6840.925542712212
46891.0,-6840.908280432224
46892.0,-6840.891018152237
46893.0,-6840.87375587225
46894.0,-6840.856493592262
46895.0,-6840.839231312275
46896.0,-6840.821969032288
46897.0,-6840.8047067523
46898.0,-6840.787444472313
46899.0,-6840.770182192326
46900.0,-6840.752919912338
46901.0,-6840.735657632351
46902.0,-6840.718395352364
46903.0,-6840.701133072376
46904.0,-6840.683870792389
46905.0,-6840.666608512402
46906.0,-6840.649346232414
46907.0,-6840.632083952427
46908.0,-6840.61482167244
46909.0,-6840.597559392452
46910.0,-6840.580297112465
46911.0,-6840.563034832478
46912.0,-6840.54577255249
46913.0,-6840.528510272503
46914.0,-6840.511247992516
46915.0,-6840.493985712528
46916.0,-6840.476723432541
46917.0,-6840.459461152554
46918.0,-6840.442198872566
46919.0,-6840.424936592579
46920.0,-6840.407674312592
46921.0,-6840.390412032604
46922.0,-6840.373149752617
46923.0,-6840.35588747263
46924.0,-6840.338625192642
46925.0,-6840.321362912655
46926.0,-6840.3041006326675
46927.0,-6840.28683835268
46928.0,-6840.269576072693
46929.0,-6840.2523137927055
46930.0,-6840.235051512718
46931.0,-6840.217789232731
46932.0,-6840.2005269527435
46933.0,-6840.183264672756
46934.0,-6840.166002392769
46935.0,-6840.1487401127815
46936.0,-6840.131477832794
46937.0,-6840.114215552807
46938.0,-6840.0969532728195
46939.0,-6840.079690992832
46940.0,-6840.062428712845
46941.0,-6840.0451664328575
46942.0,-6840.02790415287
46943.0,-6840.010641872883
46944.0,-6839.9933795928955
46945.0,-6839.976117312908
46946.0,-6839.958855032921
46947.0,-6839.9415927529335
46948.0,-6839.924330472946
46949.0,-6839.907068192959
46950.0,-6839.8898059129715
46951.0,-6839.872543632984
46952.0,-6839.855281352997
46953.0,-6839.8380190730095
46954.0,-6839.820756793022
46955.0,-6839.803494513035
46956.0,-6839.7862322330475
46957.0,-6839.76896995306
46958.0,-6839.751707673073
46959.0,-6839.7344453930855
46960.0,-6839.717183113098
46961.0,-6839.699920833111
46962.0,-6839.6826585531235
46963.0,-6839.665396273136
46964.0,-6839.648133993149
46965.0,-6839.6308717131615
46966.0,-6839.613609433174
46967.0,-6839.596347153187
46968.0,-6839.5790848731995
46969.0,-6839.561822593212
46970.0,-6839.544560313225
46971.0,-6839.5272980332375
46972.0,-6839.51003575325
46973.0,-6839.492773473263
46974.0,-6839.475511193275
46975.0,-6839.458248913288
46976.0,-6839.440986633301
46977.0,-6839.423724353313
46978.0,-6839.406462073326
46979.0,-6839.389199793339
46980.0,-6839.371937513351
46981.0,-6839.354675233364
46982.0,-6839.337412953377
46983.0,-6839.320150673389
46984.0,-6839.302888393402
46985.0,-6839.285626113415
46986.0,-6839.268363833427
46987.0,-6839.25110155344
46988.0,-6839.233839273453
46989.0,-6839.216576993465
46990.0,-6839.199314713478
46991.0,-6839.182052433491
46992.0,-6839.164790153503
46993.0,-6839.147527873516
46994.0,-6839.130265593529
46995.0,-6839.113003313541
46996.0,-6839.095741033554
46997.0,-6839.078478753567
46998.0,-6839.061216473579
46999.0,-6839.043954193592
47000.0,-6839.026691913605
47001.0,-6839.009429633617
47002.0,-6838.99216735363
47003.0,-6838.974905073643
47004.0,-6838.957642793655
47005.0,-6838.940380513668
47006.0,-6838.923118233681
47007.0,-6838.905855953693
47008.0,-6838.888593673706
47009.0,-6838.871331393719
47010.0,-6838.854069113731
47011.0,-6838.836806833744
47012.0,-6838.819544553757
47013.0,-6838.802282273769
47014.0,-6838.785019993782
47015.0,-6838.767757713795
47016.0,-6838.750495433807
47017.0,-6838.73323315382
47018.0,-6838.715970873833
47019.0,-6838.698708593845
47020.0,-6838.681446313858
47021.0,-6838.664184033871
47022.0,-6838.646921753883
47023.0,-6838.629659473896
47024.0,-6838.612397193909
47025.0,-6838.595134913921
47026.0,-6838.577872633934
47027.0,-6838.560610353947
47028.0,-6838.543348073959
47029.0,-6838.526085793972
47030.0,-6838.508823513985
47031.0,-6838.491561233997
47032.0,-6838.47429895401
47033.0,-6838.457036674023
47034.0,-6838.439774394035
47035.0,-6838.422512114048
47036.0,-6838.405249834061
47037.0,-6838.387987554073
47038.0,-6838.370725274086
47039.0,-6838.353462994099
47040.0,-6838.336200714111
47041.0,-6838.318938434124
47042.0,-6838.301676154137
47043.0,-6838.284413874149
47044.0,-6838.267151594162
47045.0,-6838.249889314175
47046.0,-6838.232627034187
47047.0,-6838.2153647542
47048.0,-6838.198102474213
47049.0,-6838.180840194225
47050.0,-6838.163577914238
47051.0,-6838.146315634251
47052.0,-6838.129053354263
47053.0,-6838.111791074276
47054.0,-6838.094528794289
47055.0,-6838.077266514301
47056.0,-6838.060004234314
47057.0,-6838.042741954327
47058.0,-6838.025479674339
47059.0,-6838.008217394352
47060.0,-6837.990955114365
47061.0,-6837.973692834377
47062.0,-6837.95643055439
47063.0,-6837.939168274403
47064.0,-6837.921905994415
47065.0,-6837.904643714428
47066.0,-6837.887381434441
47067.0,-6837.870119154453
47068.0,-6837.852856874466
47069.0,-6837.835594594479
47070.0,-6837.818332314491
47071.0,-6837.801070034504
47072.0,-6837.783807754517
47073.0,-6837.766545474529
47074.0,-6837.749283194542
47075.0,-6837.732020914555
47076.0,-6837.714758634567
47077.0,-6837.69749635458
47078.0,-6837.680234074593
47079.0,-6837.662971794605
47080.0,-6837.645709514618
47081.0,-6837.628447234631
47082.0,-6837.611184954643
47083.0,-6837.593922674656
47084.0,-6837.576660394669
47085.0,-6837.559398114681
47086.0,-6837.542135834694
47087.0,-6837.524873554707
47088.0,-6837.507611274719
47089.0,-6837.490348994732
47090.0,-6837.473086714745
47091.0,-6837.455824434757
47092.0,-6837.43856215477
47093.0,-6837.421299874783
47094.0,-6837.404037594795
47095.0,-6837.386775314808
47096.0,-6837.369513034821
47097.0,-6837.352250754833
47098.0,-6837.334988474846
47099.0,-6837.317726194859
47100.0,-6837.300463914871
47101.0,-6837.283201634884
47102.0,-6837.265939354897
47103.0,-6837.248677074909
47104.0,-6837.231414794922
47105.0,-6837.266306673487
47106.0,-6837.3011985520525
47107.0,-6837.336090430617
47108.0,-6837.370982309182
47109.0,-6837.405874187748
47110.0,-6837.440766066313
47111.0,-6837.475657944878
47112.0,-6837.510549823443
47113.0,-6837.545441702008
47114.0,-6837.580333580573
47115.0,-6837.615225459139
47116.0,-6837.650117337704
47117.0,-6837.685009216269
47118.0,-6837.719901094834
47119.0,-6837.754792973399
47120.0,-6837.789684851964
47121.0,-6837.82457673053
47122.0,-6837.859468609095
47123.0,-6837.8943604876595
47124.0,-6837.929252366225
47125.0,-6837.96414424479
47126.0,-6837.999036123355
47127.0,-6838.033928001921
47128.0,-6838.0688198804855
47129.0,-6838.10371175905
47130.0,-6838.138603637616
47131.0,-6838.173495516181
47132.0,-6838.208387394746
47133.0,-6838.243279273312
47134.0,-6838.278171151876
47135.0,-6838.313063030441
47136.0,-6838.347954909007
47137.0,-6838.382846787572
47138.0,-6838.417738666137
47139.0,-6838.4526305447025
47140.0,-6838.487522423267
47141.0,-6838.522414301832
47142.0,-6838.557306180398
47143.0,-6838.592198058963
47144.0,-6838.627089937528
47145.0,-6838.661981816093
47146.0,-6838.696873694658
47147.0,-6838.731765573223
47148.0,-6838.766657451789
47149.0,-6838.801549330354
47150.0,-6838.836441208919
47151.0,-6838.871333087484
47152.0,-6838.906224966049
47153.0,-6838.941116844614
47154.0,-6838.97600872318
47155.0,-6839.010900601745
47156.0,-6839.0457924803095
47157.0,-6839.080684358875
47158.0,-6839.11557623744
47159.0,-6839.150468116005
47160.0,-6839.185359994571
47161.0,-6839.220251873136
47162.0,-6839.2551437517
47163.0,-6839.290035630266
47164.0,-6839.324927508831
47165.0,-6839.359819387396
47166.0,-6839.394711265962
47167.0,-6839.4296031445265
47168.0,-6839.464495023091
47169.0,-6839.499386901657
47170.0,-6839.534278780222
47171.0,-6839.569170658787
47172.0,-6839.604062537353
47173.0,-6839.638954415917
47174.0,-6839.673846294482
47175.0,-6839.708738173048
47176.0,-6839.743630051613
47177.0,-6839.778521930178
47178.0,-6839.8134138087435
47179.0,-6839.848305687308
47180.0,-6839.883197565873
47181.0,-6839.918089444439
47182.0,-6839.952981323004
47183.0,-6839.987873201569
47184.0,-6840.022765080134
47185.0,-6840.057656958699
47186.0,-6840.092548837264
47187.0,-6840.12744071583
47188.0,-6840.162332594395
47189.0,-6840.1972244729595
47190.0,-6840.232116351525
47191.0,-6840.26700823009
47192.0,-6840.301900108655
47193.0,-6840.336791987221
47194.0,-6840.371683865786
47195.0,-6840.40657574435
47196.0,-6840.441467622916
47197.0,-6840.476359501481
47198.0,-6840.511251380046
47199.0,-6840.546143258612
47200.0,-6840.5810351371765
47201.0,-6840.615927015741
47202.0,-6840.650818894307
47203.0,-6840.685710772872
47204.0,-6840.720602651437
47205.0,-6840.755494530003
47206.0,-6840.790386408567
47207.0,-6840.825278287132
47208.0,-6840.860170165698
47209.0,-6840.895062044263
47210.0,-6840.929953922828
47211.0,-6840.9648458013935
47212.0,-6840.999737679958
47213.0,-6841.034629558523
47214.0,-6841.069521437089
47215.0,-6841.104413315654
47216.0,-6841.139305194219
47217.0,-6841.174197072784
47218.0,-6841.209088951349
47219.0,-6841.243980829914
47220.0,-6841.27887270848
47221.0,-6841.313764587045
47222.0,-6841.34865646561
47223.0,-6841.383548344175
47224.0,-6841.41844022274
47225.0,-6841.453332101305
47226.0,-6841.488223979871
47227.0,-6841.523115858436
47228.0,-6841.5580077370005
47229.0,-6841.592899615566
47230.0,-6841.627791494131
47231.0,-6841.662683372696
47232.0,-6841.697575251262
47233.0,-6841.732467129827
47234.0,-6841.767359008391
47235.0,-6841.802250886957
47236.0,-6841.837142765522
47237.0,-6841.872034644087
47238.0,-6841.906926522653
47239.0,-6841.9418184012175
47240.0,-6841.976710279782
47241.0,-6842.011602158348
47242.0,-6842.046494036913
47243.0,-6842.081385915478
47244.0,-6842.1162777940435
47245.0,-6842.151169672608
47246.0,-6842.186061551173
47247.0,-6842.220953429739
47248.0,-6842.255845308304
47249.0,-6842.290737186869
47250.0,-6842.325629065434
47251.0,-6842.360520943999
47252.0,-6842.395412822564
47253.0,-6842.43030470113
47254.0,-6842.465196579695
47255.0,-6842.50008845826
47256.0,-6842.534980336825
47257.0,-6842.56987221539
47258.0,-6842.604764093955
47259.0,-6842.639655972521
47260.0,-6842.674547851086
47261.0,-6842.7094397296505
47262.0,-6842.744331608216
47263.0,-6842.779223486781
47264.0,-6842.814115365346
47265.0,-6842.849007243912
47266.0,-6842.883899122477
47267.0,-6842.918791001041
47268.0,-6842.953682879607
47269.0,-6842.988574758172
47270.0,-6843.023466636737
47271.0,-6843.058358515303
47272.0,-6843.0932503938675
47273.0,-6843.128142272432
47274.0,-6843.163034150998
47275.0,-6843.197926029563
47276.0,-6843.232817908128
47277.0,-6843.267709786694
47278.0,-6843.302601665258
47279.0,-6843.337493543823
47280.0,-6843.372385422389
47281.0,-6843.407277300954
47282.0,-6843.442169179519
47283.0,-6843.4770610580845
47284.0,-6843.511952936649
47285.0,-6843.546844815214
47286.0,-6843.58173669378
47287.0,-6843.616628572345
47288.0,-6843.65152045091
47289.0,-6843.686412329475
47290.0,-6843.72130420804
47291.0,-6843.756196086605
47292.0,-6843.791087965171
47293.0,-6843.825979843736
47294.0,-6843.8608717223005
47295.0,-6843.895763600866
47296.0,-6843.930655479431
47297.0,-6843.965547357996
47298.0,-6844.000439236562
47299.0,-6844.035331115127
47300.0,-6844.0702229936915
47301.0,-6844.105114872257
47302.0,-6844.140006750822
47303.0,-6844.174898629387
47304.0,-6844.209790507953
47305.0,-6844.2446823865175
47306.0,-6844.279574265082
47307.0,-6844.314466143648
47308.0,-6844.349358022213
47309.0,-6844.384249900778
47310.0,-6844.419141779344
47311.0,-6844.454033657908
47312.0,-6844.488925536473
47313.0,-6844.523817415039
47314.0,-6844.558709293604
47315.0,-6844.593601172169
47316.0,-6844.6284930507345
47317.0,-6844.663384929299
47318.0,-6844.698276807864
47319.0,-6844.73316868643
47320.0,-6844.768060564995
47321.0,-6844.80295244356
47322.0,-6844.837844322125
47323.0,-6844.87273620069
47324.0,-6844.907628079255
47325.0,-6844.942519957821
47326.0,-6844.977411836386
47327.0,-6845.012303714951
47328.0,-6845.047195593516
47329.0,-6845.082087472081
47330.0,-6845.116979350646
47331.0,-6845.151871229212
47332.0,-6845.186763107777
47333.0,-6845.2216549863415
47334.0,-6845.256546864907
47335.0,-6845.291438743472
47336.0,-6845.326330622037
47337.0,-6845.361222500603
47338.0,-6845.396114379168
47339.0,-6845.431006257732
47340.0,-6845.465898136298
47341.0,-6845.500790014863
47342.0,-6845.535681893428
47343.0,-6845.570573771994
47344.0,-6845.6054656505585
47345.0,-6845.640357529123
47346.0,-6845.675249407689
47347.0,-6845.710141286254
47348.0,-6845.745033164819
47349.0,-6845.7799250433845
47350.0,-6845.814816921949
47351.0,-6845.849708800514
47352.0,-6845.88460067908
47353.0,-6845.919492557645
47354.0,-6845.95438443621
47355.0,-6845.989276314775
47356.0,-6846.02416819334
47357.0,-6846.059060071905
47358.0,-6846.093951950471
47359.0,-6846.128843829036
47360.0,-6846.163735707601
47361.0,-6846.198627586166
47362.0,-6846.233519464731
47363.0,-6846.268411343296
47364.0,-6846.303303221862
47365.0,-6846.338195100427
47366.0,-6846.3730869789915
47367.0,-6846.407978857557
47368.0,-6846.442870736122
47369.0,-6846.477762614687
47370.0,-6846.512654493253
47371.0,-6846.547546371818
47372.0,-6846.582438250382
47373.0,-6846.617330128948
47374.0,-6846.652222007513
47375.0,-6846.687113886078
47376.0,-6846.722005764644
47377.0,-6846.7568976432085
47378.0,-6846.791789521773
47379.0,-6846.826681400339
47380.0,-6846.861573278904
47381.0,-6846.896465157469
47382.0,-6846.931357036035
47383.0,-6846.966248914599
47384.0,-6847.001140793164
47385.0,-6847.03603267173
47386.0,-6847.070924550295
47387.0,-6847.10581642886
47388.0,-6847.1407083074255
47389.0,-6847.17560018599
47390.0,-6847.210492064555
47391.0,-6847.245383943121
47392.0,-6847.280275821686
47393.0,-6847.315167700251
47394.0,-6847.350059578816
47395.0,-6847.384951457381
47396.0,-6847.419843335946
47397.0,-6847.454735214512
47398.0,-6847.489627093077
47399.0,-6847.524518971642
47400.0,-6847.559410850207
47401.0,-6847.594302728772
47402.0,-6847.629194607337
47403.0,-6847.664086485903
47404.0,-6847.698978364468
47405.0,-6847.7338702430325
47406.0,-6847.768762121598
47407.0,-6847.803654000163
47408.0,-6847.838545878728
47409.0,-6847.873437757294
47410.0,-6847.9083296358585
47411.0,-6847.943221514423
47412.0,-6847.978113392989
47413.0,-6848.013005271554
47414.0,-6848.047897150119
47415.0,-6848.082789028685
47416.0,-6848.117680907249
47417.0,-6848.152572785814
47418.0,-6848.18746466438
47419.0,-6848.222356542945
47420.0,-6848.25724842151
47421.0,-6848.2921403000755
47422.0,-6848.32703217864
47423.0,-6848.361924057205
47424.0,-6848.396815935771
47425.0,-6848.431707814336
47426.0,-6848.466599692901
47427.0,-6848.501491571466
47428.0,-6848.536383450031
47429.0,-6848.571275328596
47430.0,-6848.606167207162
47431.0,-6848.641059085727
47432.0,-6848.675950964292
47433.0,-6848.710842842857
47434.0,-6848.745734721422
47435.0,-6848.780626599987
47436.0,-6848.815518478553
47437.0,-6848.850410357118
47438.0,-6848.8853022356825
47439.0,-6848.920194114248
47440.0,-6848.955085992813
47441.0,-6848.989977871378
47442.0,-6849.024869749944
47443.0,-6849.059761628509
47444.0,-6849.094653507073
47445.0,-6849.129545385639
47446.0,-6849.164437264204
47447.0,-6849.199329142769
47448.0,-6849.234221021335
47449.0,-6849.2691128998995
47450.0,-6849.304004778464
47451.0,-6849.33889665703
47452.0,-6849.373788535595
47453.0,-6849.40868041416
47454.0,-6849.443572292726
47455.0,-6849.47846417129
47456.0,-6849.513356049855
47457.0,-6849.548247928421
47458.0,-6849.583139806986
47459.0,-6849.618031685551
47460.0,-6849.6529235641165
47461.0,-6849.687815442681
47462.0,-6849.722707321246
47463.0,-6849.757599199812
47464.0,-6849.792491078377
47465.0,-6849.827382956942
47466.0,-6849.862274835507
47467.0,-6849.897166714072
47468.0,-6849.932058592637
47469.0,-6849.966950471203
47470.0,-6850.001842349768
47471.0,-6850.0367342283325
47472.0,-6850.071626106898
47473.0,-6850.106517985463
47474.0,-6850.141409864028
47475.0,-6850.176301742594
47476.0,-6850.211193621159
47477.0,-6850.246085499723
47478.0,-6850.280977378289
47479.0,-6850.315869256854
47480.0,-6850.350761135419
47481.0,-6850.385653013985
47482.0,-6850.4205448925495
47483.0,-6850.455436771114
47484.0,-6850.49032864968
47485.0,-6850.525220528245
47486.0,-6850.56011240681
47487.0,-6850.595004285376
47488.0,-6850.62989616394
47489.0,-6850.664788042505
47490.0,-6850.699679921071
47491.0,-6850.734571799636
47492.0,-6850.769463678201
47493.0,-6850.8043555567665
47494.0,-6850.839247435331
47495.0,-6850.874139313896
47496.0,-6850.909031192462
47497.0,-6850.943923071027
47498.0,-6850.978814949592
47499.0,-6851.013706828157
47500.0,-6851.048598706722
47501.0,-6851.083490585287
47502.0,-6851.118382463853
47503.0,-6851.153274342418
47504.0,-6851.188166220983
47505.0,-6851.223058099548
47506.0,-6851.257949978113
47507.0,-6851.292841856678
47508.0,-6851.327733735244
47509.0,-6851.362625613809
47510.0,-6851.3975174923735
47511.0,-6851.432409370939
47512.0,-6851.467301249504
47513.0,-6851.502193128069
47514.0,-6851.537085006635
47515.0,-6851.5719768852
47516.0,-6851.606868763764
47517.0,-6851.64176064233
47518.0,-6851.676652520895
47519.0,-6851.71154439946
47520.0,-6851.746436278026
47521.0,-6851.7813281565905
47522.0,-6851.816220035155
47523.0,-6851.851111913721
47524.0,-6851.886003792286
47525.0,-6851.920895670851
47526.0,-6851.9557875494165
47527.0,-6851.990679427981
47528.0,-6852.025571306546
47529.0,-6852.060463185112
47530.0,-6852.095355063677
47531.0,-6852.130246942242
47532.0,-6852.165138820807
47533.0,-6852.200030699372
47534.0,-6852.234922577937
47535.0,-6852.269814456503
47536.0,-6852.304706335068
47537.0,-6852.339598213633
47538.0,-6852.374490092198
47539.0,-6852.409381970763
47540.0,-6852.444273849328
47541.0,-6852.479165727894
47542.0,-6852.514057606459
47543.0,-6852.5489494850235
47544.0,-6852.583841363589
47545.0,-6852.618733242154
47546.0,-6852.653625120719
47547.0,-6852.688516999285
47548.0,-6852.72340887785
47549.0,-6852.758300756414
47550.0,-6852.79319263498
47551.0,-6852.828084513545
47552.0,-6852.86297639211
47553.0,-6852.897868270676
47554.0,-6852.9327601492405
47555.0,-6852.967652027805
47556.0,-6853.002543906371
47557.0,-6853.037435784936
47558.0,-6853.072327663501
47559.0,-6853.107219542067
47560.0,-6853.142111420631
47561.0,-6853.177003299196
47562.0,-6853.211895177762
47563.0,-6853.246787056327
47564.0,-6853.281678934892
47565.0,-6853.3165708134575
47566.0,-6853.351462692022
47567.0,-6853.386354570587
47568.0,-6853.421246449153
47569.0,-6853.456138327718
47570.0,-6853.491030206283
47571.0,-6853.525922084848
47572.0,-6853.560813963413
47573.0,-6853.595705841978
47574.0,-6853.630597720544
47575.0,-6853.665489599109
47576.0,-6853.700381477674
47577.0,-6853.735273356239
47578.0,-6853.770165234804
47579.0,-6853.805057113369
47580.0,-6853.839948991935
47581.0,-6853.8748408705
47582.0,-6853.9097327490645
47583.0,-6853.94462462763
47584.0,-6853.979516506195
47585.0,-6854.01440838476
47586.0,-6854.049300263326
47587.0,-6854.0841921418905
47588.0,-6854.119084020455
47589.0,-6854.153975899021
47590.0,-6854.188867777586
47591.0,-6854.223759656151
47592.0,-6854.258651534717
47593.0,-6854.293543413281
47594.0,-6854.328435291846
47595.0,-6854.363327170412
47596.0,-6854.398219048977
47597.0,-6854.433110927542
47598.0,-6854.4680028061075
47599.0,-6854.502894684672
47600.0,-6854.537786563237
47601.0,-6854.572678441803
47602.0,-6854.607570320368
47603.0,-6854.642462198933
47604.0,-6854.677354077498
47605.0,-6854.712245956063
47606.0,-6854.747137834628
47607.0,-6854.782029713194
47608.0,-6854.816921591759
47609.0,-6854.851813470324
47610.0,-6854.886705348889
47611.0,-6854.921597227454
47612.0,-6854.956489106019
47613.0,-6854.991380984585
47614.0,-6855.02627286315
47615.0,-6855.0611647417145
47616.0,-6855.09605662028
47617.0,-6855.130948498845
47618.0,-6855.16584037741
47619.0,-6855.200732255976
47620.0,-6855.235624134541
47621.0,-6855.270516013105
47622.0,-6855.305407891671
47623.0,-6855.340299770236
47624.0,-6855.375191648801
47625.0,-6855.410083527367
47626.0,-6855.4449754059315
47627.0,-6855.479867284496
47628.0,-6855.514759163062
47629.0,-6855.549651041627
47630.0,-6855.584542920192
47631.0,-6855.6194347987575
47632.0,-6855.654326677322
47633.0,-6855.689218555887
47634.0,-6855.724110434453
47635.0,-6855.759002313018
47636.0,-6855.793894191583
47637.0,-6855.828786070148
47638.0,-6855.863677948713
47639.0,-6855.898569827278
47640.0,-6855.933461705844
47641.0,-6855.968353584409
47642.0,-6856.003245462974
47643.0,-6856.038137341539
47644.0,-6856.073029220104
47645.0,-6856.107921098669
47646.0,-6856.142812977235
47647.0,-6856.1777048558
47648.0,-6856.2125967343645
47649.0,-6856.24748861293
47650.0,-6856.282380491495
47651.0,-6856.31727237006
47652.0,-6856.352164248626
47653.0,-6856.387056127191
47654.0,-6856.421948005755
47655.0,-6856.456839884321
47656.0,-6856.491731762886
47657.0,-6856.526623641451
47658.0,-6856.561515520017
47659.0,-6856.5964073985815
47660.0,-6856.631299277146
47661.0,-6856.666191155712
47662.0,-6856.701083034277
47663.0,-6856.735974912842
47664.0,-6856.770866791408
47665.0,-6856.805758669972
47666.0,-6856.840650548537
47667.0,-6856.875542427103
47668.0,-6856.910434305668
47669.0,-6856.945326184233
47670.0,-6856.9802180627985
47671.0,-6857.015109941363
47672.0,-6857.050001819928
47673.0,-6857.084893698494
47674.0,-6857.119785577059
47675.0,-6857.154677455624
47676.0,-6857.189569334189
47677.0,-6857.224461212754
47678.0,-6857.259353091319
47679.0,-6857.294244969885
47680.0,-6857.32913684845
47681.0,-6857.364028727015
47682.0,-6857.39892060558
47683.0,-6857.433812484145
47684.0,-6857.46870436271
47685.0,-6857.503596241276
47686.0,-6857.538488119841
47687.0,-6857.5733799984055
47688.0,-6857.608271876971
47689.0,-6857.643163755536
47690.0,-6857.678055634101
47691.0,-6857.712947512667
47692.0,-6857.7478393912315
47693.0,-6857.782731269796
47694.0,-6857.817623148362
47695.0,-6857.852515026927
47696.0,-6857.887406905492
47697.0,-6857.922298784058
47698.0,-6857.957190662622
47699.0,-6857.992082541187
47700.0,-6858.026974419753
47701.0,-6858.061866298318
47702.0,-6858.096758176883
47703.0,-6858.1316500554485
47704.0,-6858.166541934013
47705.0,-6858.201433812578
47706.0,-6858.236325691144
47707.0,-6858.271217569709
47708.0,-6858.306109448274
47709.0,-6858.341001326839
47710.0,-6858.375893205404
47711.0,-6858.410785083969
47712.0,-6858.445676962535
47713.0,-6858.4805688411
47714.0,-6858.515460719665
47715.0,-6858.55035259823
47716.0,-6858.585244476795
47717.0,-6858.62013635536
47718.0,-6858.655028233926
47719.0,-6858.689920112491
47720.0,-6858.7248119910555
47721.0,-6858.759703869621
47722.0,-6858.794595748186
47723.0,-6858.829487626751
47724.0,-6858.864379505317
47725.0,-6858.899271383882
47726.0,-6858.934163262446
47727.0,-6858.969055141012
47728.0,-6859.003947019577
47729.0,-6859.038838898142
47730.0,-6859.073730776708
47731.0,-6859.1086226552725
47732.0,-6859.143514533837
47733.0,-6859.178406412403
47734.0,-6859.213298290968
47735.0,-6859.248190169533
47736.0,-6859.283082048099
47737.0,-6859.317973926663
47738.0,-6859.352865805228
47739.0,-6859.387757683794
47740.0,-6859.422649562359
47741.0,-6859.457541440924
47742.0,-6859.4924333194895
47743.0,-6859.527325198054
47744.0,-6859.562217076619
47745.0,-6859.597108955185
47746.0,-6859.63200083375
47747.0,-6859.666892712315
47748.0,-6859.70178459088
47749.0,-6859.736676469445
47750.0,-6859.77156834801
47751.0,-6859.806460226576
47752.0,-6859.841352105141
47753.0,-6859.8762439837055
47754.0,-6859.911135862271
47755.0,-6859.946027740836
47756.0,-6859.980919619401
47757.0,-6860.015811497967
47758.0,-6860.050703376532
47759.0,-6860.085595255096
47760.0,-6860.120487133662
47761.0,-6860.155379012227
47762.0,-6860.190270890792
47763.0,-6860.225162769358
47764.0,-6860.2600546479225
47765.0,-6860.294946526487
47766.0,-6860.329838405053
47767.0,-6860.364730283618
47768.0,-6860.399622162183
47769.0,-6860.434514040749
47770.0,-6860.469405919313
47771.0,-6860.504297797878
47772.0,-6860.539189676444
47773.0,-6860.574081555009
47774.0,-6860.608973433574
47775.0,-6860.6438653121395
47776.0,-6860.678757190704
47777.0,-6860.713649069269
47778.0,-6860.748540947835
47779.0,-6860.7834328264
47780.0,-6860.818324704965
47781.0,-6860.85321658353
47782.0,-6860.888108462095
47783.0,-6860.92300034066
47784.0,-6860.957892219226
47785.0,-6860.992784097791
47786.0,-6861.027675976356
47787.0,-6861.062567854921
47788.0,-6861.097459733486
47789.0,-6861.132351612051
47790.0,-6861.167243490617
47791.0,-6861.202135369182
47792.0,-6861.2370272477465
47793.0,-6861.271919126312
47794.0,-6861.306811004877
47795.0,-6861.341702883442
47796.0,-6861.376594762008
47797.0,-6861.411486640573
47798.0,-6861.446378519137
47799.0,-6861.481270397703
47800.0,-6861.516162276268
47801.0,-6861.551054154833
47802.0,-6861.585946033399
47803.0,-6861.6208379119635
47804.0,-6861.655729790528
47805.0,-6861.690621669094
47806.0,-6861.725513547659
47807.0,-6861.760405426224
47808.0,-6861.7952973047895
47809.0,-6861.830189183354
47810.0,-6861.865081061919
47811.0,-6861.899972940485
47812.0,-6861.93486481905
47813.0,-6861.969756697615
47814.0,-6862.00464857618
47815.0,-6862.039540454745
47816.0,-6862.07443233331
47817.0,-6862.109324211876
47818.0,-6862.144216090441
47819.0,-6862.179107969006
47820.0,-6862.213999847571
47821.0,-6862.248891726136
47822.0,-6862.283783604701
47823.0,-6862.318675483267
47824.0,-6862.353567361832
47825.0,-6862.3884592403965
47826.0,-6862.423351118962
47827.0,-6862.458242997527
47828.0,-6862.493134876092
47829.0,-6862.528026754658
47830.0,-6862.562918633223
47831.0,-6862.597810511787
47832.0,-6862.632702390353
47833.0,-6862.667594268918
47834.0,-6862.702486147483
47835.0,-6862.737378026049
47836.0,-6862.7722699046135
47837.0,-6862.807161783178
47838.0,-6862.842053661744
47839.0,-6862.876945540309
47840.0,-6862.911837418874
47841.0,-6862.94672929744
47842.0,-6862.981621176004
47843.0,-6863.016513054569
47844.0,-6863.051404933135
47845.0,-6863.0862968117
47846.0,-6863.121188690265
47847.0,-6863.1560805688305
47848.0,-6863.190972447395
47849.0,-6863.22586432596
47850.0,-6863.260756204526
47851.0,-6863.295648083091
47852.0,-6863.330539961656
47853.0,-6863.365431840221
47854.0,-6863.400323718786
47855.0,-6863.435215597351
47856.0,-6863.470107475917
47857.0,-6863.504999354482
47858.0,-6863.539891233047
47859.0,-6863.574783111612
47860.0,-6863.609674990177
47861.0,-6863.644566868742
47862.0,-6863.679458747308
47863.0,-6863.714350625873
47864.0,-6863.7492425044375
47865.0,-6863.784134383003
47866.0,-6863.819026261568
47867.0,-6863.853918140133
47868.0,-6863.888810018699
47869.0,-6863.9237018972635
47870.0,-6863.958593775828
47871.0,-6863.993485654394
47872.0,-6864.028377532959
47873.0,-6864.063269411524
47874.0,-6864.09816129009
47875.0,-6864.133053168654
47876.0,-6864.167945047219
47877.0,-6864.202836925785
47878.0,-6864.23772880435
47879.0,-6864.272620682915
47880.0,-6864.3075125614805
47881.0,-6864.342404440045
47882.0,-6864.37729631861
47883.0,-6864.412188197176
47884.0,-6864.447080075741
47885.0,-6864.481971954306
47886.0,-6864.516863832871
47887.0,-6864.551755711436
47888.0,-6864.586647590001
47889.0,-6864.621539468567
47890.0,-6864.656431347132
47891.0,-6864.691323225697
47892.0,-6864.726215104262
47893.0,-6864.761106982827
47894.0,-6864.795998861392
47895.0,-6864.830890739958
47896.0,-6864.865782618523
47897.0,-6864.9006744970875
47898.0,-6864.935566375653
47899.0,-6864.970458254218
47900.0,-6865.005350132783
47901.0,-6865.040242011349
47902.0,-6865.075133889914
47903.0,-6865.110025768478
47904.0,-6865.144917647044
47905.0,-6865.179809525609
47906.0,-6865.214701404174
47907.0,-6865.24959328274
47908.0,-6865.2844851613045
47909.0,-6865.319377039869
47910.0,-6865.354268918435
47911.0,-6865.389160797
47912.0,-6865.424052675565
47913.0,-6865.4589445541305
47914.0,-6865.493836432695
47915.0,-6865.52872831126
47916.0,-6865.563620189826
47917.0,-6865.598512068391
47918.0,-6865.633403946956
47919.0,-6865.668295825521
47920.0,-6865.703187704086
47921.0,-6865.738079582651
47922.0,-6865.772971461217
47923.0,-6865.807863339782
47924.0,-6865.842755218347
47925.0,-6865.877647096912
47926.0,-6865.912538975477
47927.0,-6865.947430854042
47928.0,-6865.982322732608
47929.0,-6866.017214611173
47930.0,-6866.0521064897375
47931.0,-6866.086998368303
47932.0,-6866.121890246868
47933.0,-6866.156782125433
47934.0,-6866.191674003999
47935.0,-6866.226565882564
47936.0,-6866.261457761128
47937.0,-6866.296349639694
47938.0,-6866.331241518259
47939.0,-6866.366133396824
47940.0,-6866.40102527539
47941.0,-6866.4359171539545
47942.0,-6866.470809032519
47943.0,-6866.505700911085
47944.0,-6866.54059278965
47945.0,-6866.575484668215
47946.0,-6866.610376546781
47947.0,-6866.645268425345
47948.0,-6866.68016030391
47949.0,-6866.715052182476
47950.0,-6866.749944061041
47951.0,-6866.784835939606
47952.0,-6866.8197278181715
47953.0,-6866.854619696736
47954.0,-6866.889511575301
47955.0,-6866.924403453867
47956.0,-6866.959295332432
47957.0,-6866.994187210997
47958.0,-6867.029079089562
47959.0,-6867.063970968127
47960.0,-6867.098862846692
47961.0,-6867.133754725258
47962.0,-6867.168646603823
47963.0,-6867.203538482388
47964.0,-6867.238430360953
47965.0,-6867.273322239518
47966.0,-6867.308214118083
47967.0,-6867.343105996649
47968.0,-6867.377997875214
47969.0,-6867.4128897537785
47970.0,-6867.447781632344
47971.0,-6867.482673510909
47972.0,-6867.517565389474
47973.0,-6867.55245726804
47974.0,-6867.5873491466045
47975.0,-6867.622241025169
47976.0,-6867.657132903735
47977.0,-6867.6920247823
47978.0,-6867.726916660865
47979.0,-6867.761808539431
47980.0,-6867.796700417995
47981.0,-6867.83159229656
47982.0,-6867.866484175126
47983.0,-6867.901376053691
47984.0,-6867.936267932256
47985.0,-6867.9711598108215
47986.0,-6868.006051689386
47987.0,-6868.040943567951
47988.0,-6868.075835446517
47989.0,-6868.110727325082
47990.0,-6868.145619203647
47991.0,-6868.180511082212
47992.0,-6868.215402960777
47993.0,-6868.250294839342
47994.0,-6868.285186717908
47995.0,-6868.320078596473
47996.0,-6868.354970475038
47997.0,-6868.389862353603
47998.0,-6868.424754232168
47999.0,-6868.459646110733
48000.0,-6868.494537989299
48001.0,-6868.529429867864
48002.0,-6868.5643217464285
48003.0,-6868.599213624994
48004.0,-6868.634105503559
48005.0,-6868.668997382124
48006.0,-6868.70388926069
48007.0,-6868.738781139255
48008.0,-6868.773673017819
48009.0,-6868.808564896385
48010.0,-6868.84345677495
48011.0,-6868.878348653515
48012.0,-6868.913240532081
48013.0,-6868.9481324106455
48014.0,-6868.98302428921
48015.0,-6869.017916167776
48016.0,-6869.052808046341
48017.0,-6869.087699924906
48018.0,-6869.122591803472
48019.0,-6869.157483682036
48020.0,-6869.192375560601
48021.0,-6869.227267439167
48022.0,-6869.262159317732
48023.0,-6869.297051196297
48024.0,-6869.3319430748625
48025.0,-6869.366834953427
48026.0,-6869.401726831992
48027.0,-6869.436618710558
48028.0,-6869.471510589123
48029.0,-6869.506402467688
48030.0,-6869.541294346253
48031.0,-6869.576186224818
48032.0,-6869.611078103383
48033.0,-6869.645969981949
48034.0,-6869.680861860514
48035.0,-6869.7157537390785
48036.0,-6869.750645617644
48037.0,-6869.785537496209
48038.0,-6869.820429374774
48039.0,-6869.85532125334
48040.0,-6869.890213131905
48041.0,-6869.925105010469
48042.0,-6869.959996889035
48043.0,-6869.9948887676
48044.0,-6870.029780646165
48045.0,-6870.064672524731
48046.0,-6870.0995644032955
48047.0,-6870.13445628186
48048.0,-6870.169348160426
48049.0,-6870.204240038991
48050.0,-6870.239131917556
48051.0,-6870.274023796122
48052.0,-6870.308915674686
48053.0,-6870.343807553251
48054.0,-6870.378699431817
48055.0,-6870.413591310382
48056.0,-6870.448483188947
48057.0,-6870.4833750675125
48058.0,-6870.518266946077
48059.0,-6870.553158824642
48060.0,-6870.588050703208
48061.0,-6870.622942581773
48062.0,-6870.657834460338
48063.0,-6870.692726338903
48064.0,-6870.727618217468
48065.0,-6870.762510096033
48066.0,-6870.797401974599
48067.0,-6870.832293853164
48068.0,-6870.867185731729
48069.0,-6870.902077610294
48070.0,-6870.936969488859
48071.0,-6870.971861367424
48072.0,-6871.00675324599
48073.0,-6871.041645124555
48074.0,-6871.0765370031195
48075.0,-6871.111428881685
48076.0,-6871.14632076025
48077.0,-6871.181212638815
48078.0,-6871.216104517381
48079.0,-6871.250996395946
48080.0,-6871.28588827451
48081.0,-6871.320780153076
48082.0,-6871.355672031641
48083.0,-6871.390563910206
48084.0,-6871.425455788772
48085.0,-6871.4603476673365
48086.0,-6871.495239545901
48087.0,-6871.530131424467
48088.0,-6871.565023303032
48089.0,-6871.599915181597
48090.0,-6871.6348070601625
48091.0,-6871.669698938727
48092.0,-6871.704590817292
48093.0,-6871.739482695858
48094.0,-6871.774374574423
48095.0,-6871.809266452988
48096.0,-6871.844158331553
48097.0,-6871.879050210118
48098.0,-6871.913942088683
48099.0,-6871.948833967249
48100.0,-6871.983725845814
48101.0,-6872.018617724379
48102.0,-6872.053509602944
48103.0,-6872.088401481509
48104.0,-6872.123293360074
48105.0,-6872.15818523864
48106.0,-6872.193077117205
48107.0,-6872.2279689957695
48108.0,-6872.262860874335
48109.0,-6872.2977527529
48110.0,-6872.332644631465
48111.0,-6872.367536510031
48112.0,-6872.402428388596
48113.0,-6872.43732026716
48114.0,-6872.472212145726
48115.0,-6872.507104024291
48116.0,-6872.541995902856
48117.0,-6872.576887781422
48118.0,-6872.6117796599865
48119.0,-6872.646671538551
48120.0,-6872.681563417117
48121.0,-6872.716455295682
48122.0,-6872.751347174247
48123.0,-6872.786239052813
48124.0,-6872.821130931377
48125.0,-6872.856022809942
48126.0,-6872.890914688508
48127.0,-6872.925806567073
48128.0,-6872.960698445638
48129.0,-6872.948186710477
48130.0,-6872.935674975316
48131.0,-6872.923163240154
48132.0,-6872.910651504993
48133.0,-6872.898139769833
48134.0,-6872.885628034671
48135.0,-6872.87311629951
48136.0,-6872.860604564349
48137.0,-6872.848092829187
48138.0,-6872.835581094027
48139.0,-6872.823069358866
48140.0,-6872.810557623704
48141.0,-6872.798045888543
48142.0,-6872.785534153382
48143.0,-6872.7730224182205
48144.0,-6872.76051068306
48145.0,-6872.747998947899
48146.0,-6872.735487212737
48147.0,-6872.722975477576
48148.0,-6872.710463742415
48149.0,-6872.697952007254
48150.0,-6872.685440272093
48151.0,-6872.672928536932
48152.0,-6872.66041680177
48153.0,-6872.647905066609
48154.0,-6872.6353933314485
48155.0,-6872.622881596287
48156.0,-6872.610369861126
48157.0,-6872.597858125965
48158.0,-6872.585346390803
48159.0,-6872.5728346556425
48160.0,-6872.560322920482
48161.0,-6872.54781118532
48162.0,-6872.535299450159
48163.0,-6872.522787714998
48164.0,-6872.5102759798365
48165.0,-6872.497764244676
48166.0,-6872.485252509515
48167.0,-6872.472740774353
48168.0,-6872.460229039192
48169.0,-6872.447717304031
48170.0,-6872.43520556887
48171.0,-6872.422693833709
48172.0,-6872.410182098548
48173.0,-6872.397670363386
48174.0,-6872.385158628225
48175.0,-6872.3726468930645
48176.0,-6872.360135157903
48177.0,-6872.347623422742
48178.0,-6872.335111687581
48179.0,-6872.322599952419
48180.0,-6872.310088217258
48181.0,-6872.297576482098
48182.0,-6872.285064746936
48183.0,-6872.272553011775
48184.0,-6872.260041276614
48185.0,-6872.247529541452
48186.0,-6872.235017806292
48187.0,-6872.222506071131
48188.0,-6872.209994335969
48189.0,-6872.197482600808
48190.0,-6872.184970865647
48191.0,-6872.172459130486
48192.0,-6872.159947395325
48193.0,-6872.147435660164
48194.0,-6872.134923925002
48195.0,-6872.122412189841
48196.0,-6872.10990045468
48197.0,-6872.097388719519
48198.0,-6872.084876984358
48199.0,-6872.072365249197
48200.0,-6872.059853514035
48201.0,-6872.047341778874
48202.0,-6872.034830043714
48203.0,-6872.022318308552
48204.0,-6872.009806573391
48205.0,-6871.99729483823
48206.0,-6871.984783103068
48207.0,-6871.9722713679075
48208.0,-6871.959759632747
48209.0,-6871.947247897585
48210.0,-6871.934736162424
48211.0,-6871.922224427263
48212.0,-6871.9097126921015
48213.0,-6871.897200956941
48214.0,-6871.88468922178
48215.0,-6871.872177486618
48216.0,-6871.859665751457
48217.0,-6871.847154016296
48218.0,-6871.834642281135
48219.0,-6871.822130545974
48220.0,-6871.809618810813
48221.0,-6871.797107075651
48222.0,-6871.78459534049
48223.0,-6871.7720836053295
48224.0,-6871.759571870168
48225.0,-6871.747060135007
48226.0,-6871.734548399846
48227.0,-6871.722036664684
48228.0,-6871.7095249295235
48229.0,-6871.697013194363
48230.0,-6871.684501459201
48231.0,-6871.67198972404
48232.0,-6871.659477988879
48233.0,-6871.646966253717
48234.0,-6871.634454518557
48235.0,-6871.621942783396
48236.0,-6871.609431048234
48237.0,-6871.596919313073
48238.0,-6871.584407577912
48239.0,-6871.571895842751
48240.0,-6871.55938410759
48241.0,-6871.546872372429
48242.0,-6871.534360637267
48243.0,-6871.521848902106
48244.0,-6871.509337166945
48245.0,-6871.496825431784
48246.0,-6871.484313696623
48247.0,-6871.471801961462
48248.0,-6871.4592902263
48249.0,-6871.446778491139
48250.0,-6871.434266755979
48251.0,-6871.421755020817
48252.0,-6871.409243285656
48253.0,-6871.396731550495
48254.0,-6871.384219815333
48255.0,-6871.3717080801725
48256.0,-6871.359196345012
48257.0,-6871.34668460985
48258.0,-6871.334172874689
48259.0,-6871.321661139528
48260.0,-6871.3091494043665
48261.0,-6871.296637669206
48262.0,-6871.284125934045
48263.0,-6871.271614198883
48264.0,-6871.259102463722
48265.0,-6871.246590728561
48266.0,-6871.2340789934
48267.0,-6871.221567258239
48268.0,-6871.209055523078
48269.0,-6871.196543787916
48270.0,-6871.184032052755
48271.0,-6871.1715203175945
48272.0,-6871.159008582433
48273.0,-6871.146496847272
48274.0,-6871.133985112111
48275.0,-6871.121473376949
48276.0,-6871.1089616417885
48277.0,-6871.096449906628
48278.0,-6871.083938171466
48279.0,-6871.071426436305
48280.0,-6871.058914701144
48281.0,-6871.046402965982
48282.0,-6871.033891230822
48283.0,-6871.021379495661
48284.0,-6871.008867760499
48285.0,-6870.996356025338
48286.0,-6870.983844290177
48287.0,-6870.971332555016
48288.0,-6870.958820819855
48289.0,-6870.946309084694
48290.0,-6870.933797349532
48291.0,-6870.921285614371
48292.0,-6870.9087738792105
48293.0,-6870.896262144049
48294.0,-6870.883750408888
48295.0,-6870.871238673727
48296.0,-6870.858726938565
48297.0,-6870.846215203404
48298.0,-6870.833703468244
48299.0,-6870.821191733082
48300.0,-6870.808679997921
48301.0,-6870.79616826276
48302.0,-6870.783656527598
48303.0,-6870.771144792438
48304.0,-6870.758633057277
48305.0,-6870.746121322115
48306.0,-6870.733609586954
48307.0,-6870.721097851793
48308.0,-6870.7085861166315
48309.0,-6870.696074381471
48310.0,-6870.68356264631
48311.0,-6870.671050911148
48312.0,-6870.658539175987
48313.0,-6870.646027440826
48314.0,-6870.633515705665
48315.0,-6870.621003970504
48316.0,-6870.608492235343
48317.0,-6870.595980500181
48318.0,-6870.58346876502
48319.0,-6870.5709570298595
48320.0,-6870.558445294698
48321.0,-6870.545933559537
48322.0,-6870.533421824376
48323.0,-6870.520910089214
48324.0,-6870.5083983540535
48325.0,-6870.495886618893
48326.0,-6870.483374883731
48327.0,-6870.47086314857
48328.0,-6870.458351413409
48329.0,-6870.4458396782475
48330.0,-6870.433327943087
48331.0,-6870.420816207926
48332.0,-6870.408304472764
48333.0,-6870.395792737603
48334.0,-6870.383281002442
48335.0,-6870.370769267281
48336.0,-6870.35825753212
48337.0,-6870.345745796959
48338.0,-6870.333234061797
48339.0,-6870.320722326636
48340.0,-6870.3082105914755
48341.0,-6870.295698856314
48342.0,-6870.283187121153
48343.0,-6870.270675385992
48344.0,-6870.25816365083
48345.0,-6870.245651915669
48346.0,-6870.233140180509
48347.0,-6870.220628445347
48348.0,-6870.208116710186
48349.0,-6870.195604975025
48350.0,-6870.183093239863
48351.0,-6870.170581504703
48352.0,-6870.158069769542
48353.0,-6870.14555803438
48354.0,-6870.133046299219
48355.0,-6870.120534564058
48356.0,-6870.1080228288965
48357.0,-6870.095511093736
48358.0,-6870.082999358575
48359.0,-6870.070487623413
48360.0,-6870.057975888252
48361.0,-6870.045464153091
48362.0,-6870.03295241793
48363.0,-6870.020440682769
48364.0,-6870.007928947608
48365.0,-6869.995417212446
48366.0,-6869.982905477285
48367.0,-6869.9703937421245
48368.0,-6869.957882006963
48369.0,-6869.945370271802
48370.0,-6869.932858536641
48371.0,-6869.920346801479
48372.0,-6869.9078350663185
48373.0,-6869.895323331158
48374.0,-6869.882811595996
48375.0,-6869.870299860835
48376.0,-6869.857788125674
48377.0,-6869.8452763905125
48378.0,-6869.832764655352
48379.0,-6869.820252920191
48380.0,-6869.807741185029
48381.0,-6869.795229449868
48382.0,-6869.782717714707
48383.0,-6869.770205979546
48384.0,-6869.757694244385
48385.0,-6869.745182509224
48386.0,-6869.732670774062
48387.0,-6869.720159038901
48388.0,-6869.7076473037405
48389.0,-6869.695135568579
48390.0,-6869.682623833418
48391.0,-6869.670112098257
48392.0,-6869.657600363095
48393.0,-6869.6450886279345
48394.0,-6869.632576892774
48395.0,-6869.620065157612
48396.0,-6869.607553422451
48397.0,-6869.59504168729
48398.0,-6869.582529952128
48399.0,-6869.570018216968
48400.0,-6869.557506481807
48401.0,-6869.544994746645
48402.0,-6869.532483011484
48403.0,-6869.519971276323
48404.0,-6869.507459541162
48405.0,-6869.494947806001
48406.0,-6869.48243607084
48407.0,-6869.469924335678
48408.0,-6869.457412600517
48409.0,-6869.444900865356
48410.0,-6869.432389130195
48411.0,-6869.419877395034
48412.0,-6869.407365659873
48413.0,-6869.394853924711
48414.0,-6869.38234218955
48415.0,-6869.36983045439
48416.0,-6869.357318719228
48417.0,-6869.344806984067
48418.0,-6869.332295248906
48419.0,-6869.319783513744
48420.0,-6869.3072717785835
48421.0,-6869.294760043423
48422.0,-6869.282248308261
48423.0,-6869.2697365731
48424.0,-6869.257224837939
48425.0,-6869.2447131027775
48426.0,-6869.232201367617
48427.0,-6869.219689632456
48428.0,-6869.207177897294
48429.0,-6869.194666162133
48430.0,-6869.182154426972
48431.0,-6869.169642691811
48432.0,-6869.15713095665
48433.0,-6869.144619221489
48434.0,-6869.132107486327
48435.0,-6869.119595751166
48436.0,-6869.1070840160055
48437.0,-6869.094572280844
48438.0,-6869.082060545683
48439.0,-6869.069548810522
48440.0,-6869.05703707536
48441.0,-6869.0445253401995
48442.0,-6869.032013605039
48443.0,-6869.019501869877
48444.0,-6869.006990134716
48445.0,-6868.994478399555
48446.0,-6868.981966664393
48447.0,-6868.969454929233
48448.0,-6868.956943194072
48449.0,-6868.94443145891
48450.0,-6868.931919723749
48451.0,-6868.919407988588
48452.0,-6868.906896253427
48453.0,-6868.894384518266
48454.0,-6868.881872783105
48455.0,-6868.869361047943
48456.0,-6868.856849312782
48457.0,-6868.844337577621
48458.0,-6868.83182584246
48459.0,-6868.819314107299
48460.0,-6868.806802372138
48461.0,-6868.794290636976
48462.0,-6868.781778901815
48463.0,-6868.769267166655
48464.0,-6868.756755431493
48465.0,-6868.744243696332
48466.0,-6868.731731961171
48467.0,-6868.719220226009
48468.0,-6868.7067084908485
48469.0,-6868.694196755688
48470.0,-6868.681685020526
48471.0,-6868.669173285365
48472.0,-6868.656661550204
48473.0,-6868.6441498150425
48474.0,-6868.631638079882
48475.0,-6868.619126344721
48476.0,-6868.606614609559
48477.0,-6868.594102874398
48478.0,-6868.581591139237
48479.0,-6868.569079404076
48480.0,-6868.556567668915
48481.0,-6868.544055933754
48482.0,-6868.531544198592
48483.0,-6868.519032463431
48484.0,-6868.5065207282705
48485.0,-6868.494008993109
48486.0,-6868.481497257948
48487.0,-6868.468985522787
48488.0,-6868.456473787625
48489.0,-6868.4439620524645
48490.0,-6868.431450317304
48491.0,-6868.418938582142
48492.0,-6868.406426846981
48493.0,-6868.39391511182
48494.0,-6868.381403376658
48495.0,-6868.368891641498
48496.0,-6868.356379906337
48497.0,-6868.343868171175
48498.0,-6868.331356436014
48499.0,-6868.318844700853
48500.0,-6868.306332965692
48501.0,-6868.293821230531
48502.0,-6868.28130949537
48503.0,-6868.268797760208
48504.0,-6868.256286025047
48505.0,-6868.2437742898865
48506.0,-6868.231262554725
48507.0,-6868.218750819564
48508.0,-6868.206239084403
48509.0,-6868.193727349241
48510.0,-6868.18121561408
48511.0,-6868.16870387892
48512.0,-6868.156192143758
48513.0,-6868.143680408597
48514.0,-6868.131168673436
48515.0,-6868.118656938274
48516.0,-6868.106145203114
48517.0,-6868.093633467953
48518.0,-6868.081121732791
48519.0,-6868.06860999763
48520.0,-6868.056098262469
48521.0,-6868.0435865273075
48522.0,-6868.031074792147
48523.0,-6868.018563056986
48524.0,-6868.006051321824
48525.0,-6867.993539586663
48526.0,-6867.981027851502
48527.0,-6867.968516116341
48528.0,-6867.95600438118
48529.0,-6867.943492646019
48530.0,-6867.930980910857
48531.0,-6867.918469175696
48532.0,-6867.9059574405355
48533.0,-6867.893445705374
48534.0,-6867.880933970213
48535.0,-6867.868422235052
48536.0,-6867.85591049989
48537.0,-6867.8433987647295
48538.0,-6867.830887029569
48539.0,-6867.818375294407
48540.0,-6867.805863559246
48541.0,-6867.793351824085
48542.0,-6867.7808400889235
48543.0,-6867.768328353763
48544.0,-6867.755816618602
48545.0,-6867.74330488344
48546.0,-6867.730793148279
48547.0,-6867.718281413118
48548.0,-6867.705769677957
48549.0,-6867.693257942796
48550.0,-6867.680746207635
48551.0,-6867.668234472473
48552.0,-6867.655722737312
48553.0,-6867.6432110021515
48554.0,-6867.63069926699
48555.0,-6867.618187531829
48556.0,-6867.605675796668
48557.0,-6867.593164061506
48558.0,-6867.580652326345
48559.0,-6867.568140591185
48560.0,-6867.555628856023
48561.0,-6867.543117120862
48562.0,-6867.530605385701
48563.0,-6867.518093650539
48564.0,-6867.505581915379
48565.0,-6867.493070180218
48566.0,-6867.480558445056
48567.0,-6867.468046709895
48568.0,-6867.455534974734
48569.0,-6867.4430232395725
48570.0,-6867.430511504412
48571.0,-6867.417999769251
48572.0,-6867.405488034089
48573.0,-6867.392976298928
48574.0,-6867.380464563767
48575.0,-6867.367952828606
48576.0,-6867.355441093445
48577.0,-6867.342929358284
48578.0,-6867.330417623122
48579.0,-6867.317905887961
48580.0,-6867.305394152801
48581.0,-6867.292882417639
48582.0,-6867.280370682478
48583.0,-6867.267858947317
48584.0,-6867.255347212155
48585.0,-6867.2428354769945
48586.0,-6867.230323741834
48587.0,-6867.217812006672
48588.0,-6867.205300271511
48589.0,-6867.19278853635
48590.0,-6867.1802768011885
48591.0,-6867.167765066028
48592.0,-6867.155253330867
48593.0,-6867.142741595705
48594.0,-6867.130229860544
48595.0,-6867.117718125383
48596.0,-6867.105206390222
48597.0,-6867.092694655061
48598.0,-6867.0801829199
48599.0,-6867.067671184738
48600.0,-6867.055159449577
48601.0,-6867.0426477144165
48602.0,-6867.030135979255
48603.0,-6867.017624244094
48604.0,-6867.005112508933
48605.0,-6866.992600773771
48606.0,-6866.9800890386105
48607.0,-6866.96757730345
48608.0,-6866.955065568288
48609.0,-6866.942553833127
48610.0,-6866.930042097966
48611.0,-6866.917530362804
48612.0,-6866.905018627644
48613.0,-6866.892506892483
48614.0,-6866.879995157321
48615.0,-6866.86748342216
48616.0,-6866.854971686999
48617.0,-6866.842459951838
48618.0,-6866.829948216677
48619.0,-6866.817436481516
48620.0,-6866.804924746354
48621.0,-6866.792413011193
48622.0,-6866.779901276032
48623.0,-6866.767389540871
48624.0,-6866.75487780571
48625.0,-6866.742366070549
48626.0,-6866.729854335387
48627.0,-6866.717342600226
48628.0,-6866.704830865066
48629.0,-6866.692319129904
48630.0,-6866.679807394743
48631.0,-6866.667295659582
48632.0,-6866.65478392442
48633.0,-6866.6422721892595
48634.0,-6866.629760454099
48635.0,-6866.617248718937
48636.0,-6866.604736983776
48637.0,-6866.592225248615
48638.0,-6866.5797135134535
48639.0,-6866.567201778293
48640.0,-6866.554690043132
48641.0,-6866.54217830797
48642.0,-6866.529666572809
48643.0,-6866.517154837648
48644.0,-6866.504643102487
48645.0,-6866.492131367326
48646.0,-6866.479619632165
48647.0,-6866.467107897003
48648.0,-6866.454596161842
48649.0,-6866.4420844266815
48650.0,-6866.42957269152
48651.0,-6866.417060956359
48652.0,-6866.404549221198
48653.0,-6866.392037486036
48654.0,-6866.3795257508755
48655.0,-6866.367014015715
48656.0,-6866.354502280553
48657.0,-6866.341990545392
48658.0,-6866.329478810231
48659.0,-6866.316967075069
48660.0,-6866.304455339909
48661.0,-6866.291943604748
48662.0,-6866.279431869586
48663.0,-6866.266920134425
48664.0,-6866.254408399264
48665.0,-6866.241896664103
48666.0,-6866.229384928942
48667.0,-6866.216873193781
48668.0,-6866.204361458619
48669.0,-6866.191849723458
48670.0,-6866.179337988297
48671.0,-6866.166826253136
48672.0,-6866.154314517975
48673.0,-6866.141802782814
48674.0,-6866.129291047652
48675.0,-6866.116779312491
48676.0,-6866.104267577331
48677.0,-6866.091755842169
48678.0,-6866.079244107008
48679.0,-6866.066732371847
48680.0,-6866.054220636685
48681.0,-6866.0417089015245
48682.0,-6866.029197166364
48683.0,-6866.016685431202
48684.0,-6866.004173696041
48685.0,-6865.99166196088
48686.0,-6865.9791502257185
48687.0,-6865.966638490558
48688.0,-6865.954126755397
48689.0,-6865.941615020235
48690.0,-6865.929103285074
48691.0,-6865.916591549913
48692.0,-6865.904079814752
48693.0,-6865.891568079591
48694.0,-6865.87905634443
48695.0,-6865.866544609268
48696.0,-6865.854032874107
48697.0,-6865.8415211389465
48698.0,-6865.829009403785
48699.0,-6865.816497668624
48700.0,-6865.803985933463
48701.0,-6865.791474198301
48702.0,-6865.7789624631405
48703.0,-6865.76645072798
48704.0,-6865.753938992818
48705.0,-6865.741427257657
48706.0,-6865.728915522496
48707.0,-6865.7164037873345
48708.0,-6865.703892052174
48709.0,-6865.691380317013
48710.0,-6865.678868581851
48711.0,-6865.66635684669
48712.0,-6865.653845111529
48713.0,-6865.641333376368
48714.0,-6865.628821641207
48715.0,-6865.616309906046
48716.0,-6865.603798170884
48717.0,-6865.591286435723
48718.0,-6865.5787747005625
48719.0,-6865.566262965401
48720.0,-6865.55375123024
48721.0,-6865.541239495079
48722.0,-6865.528727759917
48723.0,-6865.516216024756
48724.0,-6865.503704289596
48725.0,-6865.491192554434
48726.0,-6865.478680819273
48727.0,-6865.466169084112
48728.0,-6865.45365734895
48729.0,-6865.44114561379
48730.0,-6865.428633878629
48731.0,-6865.416122143467
48732.0,-6865.403610408306
48733.0,-6865.391098673145
48734.0,-6865.3785869379835
48735.0,-6865.366075202823
48736.0,-6865.353563467662
48737.0,-6865.3410517325
48738.0,-6865.328539997339
48739.0,-6865.316028262178
48740.0,-6865.303516527017
48741.0,-6865.291004791856
48742.0,-6865.278493056695
48743.0,-6865.265981321533
48744.0,-6865.253469586372
48745.0,-6865.2409578512115
48746.0,-6865.22844611605
48747.0,-6865.215934380889
48748.0,-6865.203422645728
48749.0,-6865.190910910566
48750.0,-6865.1783991754055
48751.0,-6865.165887440245
48752.0,-6865.153375705083
48753.0,-6865.140863969922
48754.0,-6865.128352234761
48755.0,-6865.1158404995995
48756.0,-6865.103328764439
48757.0,-6865.090817029278
48758.0,-6865.078305294116
48759.0,-6865.065793558955
48760.0,-6865.053281823794
48761.0,-6865.040770088633
48762.0,-6865.028258353472
48763.0,-6865.015746618311
48764.0,-6865.003234883149
48765.0,-6864.990723147988
48766.0,-6864.9782114128275
48767.0,-6864.965699677666
48768.0,-6864.953187942505
48769.0,-6864.940676207344
48770.0,-6864.928164472182
48771.0,-6864.915652737021
48772.0,-6864.903141001861
48773.0,-6864.890629266699
48774.0,-6864.878117531538
48775.0,-6864.865605796377
48776.0,-6864.853094061215
48777.0,-6864.840582326055
48778.0,-6864.828070590894
48779.0,-6864.815558855732
48780.0,-6864.803047120571
48781.0,-6864.79053538541
48782.0,-6864.7780236502485
48783.0,-6864.765511915088
48784.0,-6864.753000179927
48785.0,-6864.740488444765
48786.0,-6864.727976709604
48787.0,-6864.715464974443
48788.0,-6864.702953239282
48789.0,-6864.690441504121
48790.0,-6864.67792976896
48791.0,-6864.665418033798
48792.0,-6864.652906298637
48793.0,-6864.640394563477
48794.0,-6864.627882828315
48795.0,-6864.615371093154
48796.0,-6864.602859357993
48797.0,-6864.590347622831
48798.0,-6864.5778358876705
48799.0,-6864.56532415251
48800.0,-6864.552812417348
48801.0,-6864.540300682187
48802.0,-6864.527788947026
48803.0,-6864.5152772118645
48804.0,-6864.502765476704
48805.0,-6864.490253741543
48806.0,-6864.477742006381
48807.0,-6864.46523027122
48808.0,-6864.452718536059
48809.0,-6864.440206800898
48810.0,-6864.427695065737
48811.0,-6864.415183330576
48812.0,-6864.402671595414
48813.0,-6864.390159860253
48814.0,-6864.3776481250925
48815.0,-6864.365136389931
48816.0,-6864.35262465477
48817.0,-6864.340112919609
48818.0,-6864.327601184447
48819.0,-6864.3150894492865
48820.0,-6864.302577714126
48821.0,-6864.290065978964
48822.0,-6864.277554243803
48823.0,-6864.265042508642
48824.0,-6864.25253077348
48825.0,-6864.24001903832
48826.0,-6864.227507303159
48827.0,-6864.214995567997
48828.0,-6864.202483832836
48829.0,-6864.189972097675
48830.0,-6864.177460362514
48831.0,-6864.164948627353
48832.0,-6864.152436892192
48833.0,-6864.13992515703
48834.0,-6864.127413421869
48835.0,-6864.114901686708
48836.0,-6864.102389951547
48837.0,-6864.089878216386
48838.0,-6864.077366481225
48839.0,-6864.064854746063
48840.0,-6864.052343010902
48841.0,-6864.039831275742
48842.0,-6864.02731954058
48843.0,-6864.014807805419
48844.0,-6864.002296070258
48845.0,-6863.989784335096
48846.0,-6863.9772725999355
48847.0,-6863.964760864775
48848.0,-6863.952249129613
48849.0,-6863.939737394452
48850.0,-6863.927225659291
48851.0,-6863.9147139241295
48852.0,-6863.902202188969
48853.0,-6863.889690453808
48854.0,-6863.877178718646
48855.0,-6863.864666983485
48856.0,-6863.852155248324
48857.0,-6863.839643513163
48858.0,-6863.827131778002
48859.0,-6863.814620042841
48860.0,-6863.802108307679
48861.0,-6863.789596572518
48862.0,-6863.7770848373575
48863.0,-6863.764573102196
48864.0,-6863.752061367035
48865.0,-6863.739549631874
48866.0,-6863.727037896712
48867.0,-6863.7145261615515
48868.0,-6863.702014426391
48869.0,-6863.689502691229
48870.0,-6863.676990956068
48871.0,-6863.664479220907
48872.0,-6863.651967485745
48873.0,-6863.639455750585
48874.0,-6863.626944015424
48875.0,-6863.614432280262
48876.0,-6863.601920545101
48877.0,-6863.58940880994
48878.0,-6863.576897074779
48879.0,-6863.564385339618
48880.0,-6863.551873604457
48881.0,-6863.539361869295
48882.0,-6863.526850134134
48883.0,-6863.514338398973
48884.0,-6863.501826663812
48885.0,-6863.489314928651
48886.0,-6863.47680319349
48887.0,-6863.464291458328
48888.0,-6863.451779723167
48889.0,-6863.439267988007
48890.0,-6863.426756252845
48891.0,-6863.414244517684
48892.0,-6863.401732782523
48893.0,-6863.389221047361
48894.0,-6863.376709312201
48895.0,-6863.36419757704
48896.0,-6863.351685841878
48897.0,-6863.339174106717
48898.0,-6863.326662371556
48899.0,-6863.3141506363945
48900.0,-6863.301638901234
48901.0,-6863.289127166073
48902.0,-6863.276615430911
48903.0,-6863.26410369575
48904.0,-6863.251591960589
48905.0,-6863.239080225428
48906.0,-6863.226568490267
48907.0,-6863.214056755106
48908.0,-6863.201545019944
48909.0,-6863.189033284783
48910.0,-6863.1765215496225
48911.0,-6863.164009814461
48912.0,-6863.1514980793
48913.0,-6863.138986344139
48914.0,-6863.126474608977
48915.0,-6863.1139628738165
48916.0,-6863.101451138656
48917.0,-6863.088939403494
48918.0,-6863.076427668333
48919.0,-6863.063915933172
48920.0,-6863.0514041980105
48921.0,-6863.03889246285
48922.0,-6863.026380727689
48923.0,-6863.013868992527
48924.0,-6863.001357257366
48925.0,-6862.988845522205
48926.0,-6862.976333787044
48927.0,-6862.963822051883
48928.0,-6862.951310316722
48929.0,-6862.93879858156
48930.0,-6862.926286846399
48931.0,-6862.9137751112385
48932.0,-6862.901263376077
48933.0,-6862.888751640916
48934.0,-6862.876239905755
48935.0,-6862.863728170593
48936.0,-6862.851216435432
48937.0,-6862.838704700272
48938.0,-6862.82619296511
48939.0,-6862.813681229949
48940.0,-6862.801169494788
48941.0,-6862.788657759626
48942.0,-6862.776146024466
48943.0,-6862.763634289305
48944.0,-6862.751122554143
48945.0,-6862.738610818982
48946.0,-6862.726099083821
48947.0,-6862.7135873486595
48948.0,-6862.701075613499
48949.0,-6862.688563878338
48950.0,-6862.676052143176
48951.0,-6862.663540408015
48952.0,-6862.651028672854
48953.0,-6862.638516937693
48954.0,-6862.626005202532
48955.0,-6862.613493467371
48956.0,-6862.600981732209
48957.0,-6862.588469997048
48958.0,-6862.5759582618875
48959.0,-6862.563446526726
48960.0,-6862.550934791565
48961.0,-6862.538423056404
48962.0,-6862.525911321242
48963.0,-6862.5133995860815
48964.0,-6862.500887850921
48965.0,-6862.488376115759
48966.0,-6862.475864380598
48967.0,-6862.463352645437
48968.0,-6862.4508409102755
48969.0,-6862.438329175115
48970.0,-6862.425817439954
48971.0,-6862.413305704792
48972.0,-6862.400793969631
48973.0,-6862.38828223447
48974.0,-6862.375770499309
48975.0,-6862.363258764148
48976.0,-6862.350747028987
48977.0,-6862.338235293825
48978.0,-6862.325723558664
48979.0,-6862.3132118235035
48980.0,-6862.300700088342
48981.0,-6862.288188353181
48982.0,-6862.27567661802
48983.0,-6862.263164882858
48984.0,-6862.250653147697
48985.0,-6862.238141412537
48986.0,-6862.225629677375
48987.0,-6862.213117942214
48988.0,-6862.200606207053
48989.0,-6862.188094471891
48990.0,-6862.175582736731
48991.0,-6862.16307100157
48992.0,-6862.150559266408
48993.0,-6862.138047531247
48994.0,-6862.125535796086
48995.0,-6862.1130240609245
48996.0,-6862.100512325764
48997.0,-6862.088000590603
48998.0,-6862.075488855441
48999.0,-6862.06297712028
49000.0,-6862.050465385119
49001.0,-6862.037953649958
49002.0,-6862.025441914797
49003.0,-6862.012930179636
49004.0,-6862.000418444474
49005.0,-6861.987906709313
49006.0,-6861.975394974153
49007.0,-6861.962883238991
49008.0,-6861.95037150383
49009.0,-6861.937859768669
49010.0,-6861.925348033507
49011.0,-6861.9128362983465
49012.0,-6861.900324563186
49013.0,-6861.887812828024
49014.0,-6861.875301092863
49015.0,-6861.862789357702
49016.0,-6861.8502776225405
49017.0,-6861.83776588738
49018.0,-6861.825254152219
49019.0,-6861.812742417057
49020.0,-6861.800230681896
49021.0,-6861.787718946735
49022.0,-6861.775207211574
49023.0,-6861.762695476413
49024.0,-6861.750183741252
49025.0,-6861.73767200609
49026.0,-6861.725160270929
49027.0,-6861.7126485357685
49028.0,-6861.700136800607
49029.0,-6861.687625065446
49030.0,-6861.675113330285
49031.0,-6861.662601595123
49032.0,-6861.6500898599625
49033.0,-6861.637578124802
49034.0,-6861.62506638964
49035.0,-6861.612554654479
49036.0,-6861.600042919318
49037.0,-6861.587531184156
49038.0,-6861.575019448996
49039.0,-6861.562507713835
49040.0,-6861.549995978673
49041.0,-6861.537484243512
49042.0,-6861.524972508351
49043.0,-6861.51246077319
49044.0,-6861.499949038029
49045.0,-6861.487437302868
49046.0,-6861.474925567706
49047.0,-6861.462413832545
49048.0,-6861.449902097384
49049.0,-6861.437390362223
49050.0,-6861.424878627062
49051.0,-6861.412366891901
49052.0,-6861.399855156739
49053.0,-6861.387343421578
49054.0,-6861.374831686418
49055.0,-6861.362319951256
49056.0,-6861.349808216095
49057.0,-6861.337296480934
49058.0,-6861.324784745772
49059.0,-6861.3122730106115
49060.0,-6861.299761275451
49061.0,-6861.287249540289
49062.0,-6861.274737805128
49063.0,-6861.262226069967
49064.0,-6861.2497143348055
49065.0,-6861.237202599645
49066.0,-6861.224690864484
49067.0,-6861.212179129322
49068.0,-6861.199667394161
49069.0,-6861.187155659
49070.0,-6861.174643923839
49071.0,-6861.162132188678
49072.0,-6861.149620453517
49073.0,-6861.137108718355
49074.0,-6861.124596983194
49075.0,-6861.1120852480335
49076.0,-6861.099573512872
49077.0,-6861.087061777711
49078.0,-6861.07455004255
49079.0,-6861.062038307388
49080.0,-6861.0495265722275
49081.0,-6861.037014837067
49082.0,-6861.024503101905
49083.0,-6861.011991366744
49084.0,-6860.999479631583
49085.0,-6860.986967896421
49086.0,-6860.974456161261
49087.0,-6860.9619444261
49088.0,-6860.949432690938
49089.0,-6860.936920955777
49090.0,-6860.924409220616
49091.0,-6860.911897485455
49092.0,-6860.899385750294
49093.0,-6860.886874015133
49094.0,-6860.874362279971
49095.0,-6860.86185054481
49096.0,-6860.849338809649
49097.0,-6860.836827074488
49098.0,-6860.824315339327
49099.0,-6860.811803604166
49100.0,-6860.799291869004
49101.0,-6860.786780133843
49102.0,-6860.774268398683
49103.0,-6860.761756663521
49104.0,-6860.74924492836
49105.0,-6860.736733193199
49106.0,-6860.724221458037
49107.0,-6860.711709722877
49108.0,-6860.699197987716
49109.0,-6860.686686252554
49110.0,-6860.674174517393
49111.0,-6860.661662782232
49112.0,-6860.6491510470705
49113.0,-6860.63663931191
49114.0,-6860.624127576749
49115.0,-6860.611615841587
49116.0,-6860.599104106426
49117.0,-6860.586592371265
49118.0,-6860.574080636104
49119.0,-6860.561568900943
49120.0,-6860.549057165782
49121.0,-6860.53654543062
49122.0,-6860.524033695459
49123.0,-6860.5115219602985
49124.0,-6860.499010225137
49125.0,-6860.486498489976
49126.0,-6860.473986754815
49127.0,-6860.461475019653
49128.0,-6860.4489632844925
49129.0,-6860.436451549332
49130.0,-6860.42393981417
49131.0,-6860.411428079009
49132.0,-6860.398916343848
49133.0,-6860.3864046086865
49134.0,-6860.373892873526
49135.0,-6860.361381138365
49136.0,-6860.348869403203
49137.0,-6860.336357668042
49138.0,-6860.323845932881
49139.0,-6860.31133419772
49140.0,-6860.298822462559
49141.0,-6860.286310727398
49142.0,-6860.273798992236
49143.0,-6860.261287257075
49144.0,-6860.2487755219145
49145.0,-6860.236263786753
49146.0,-6860.223752051592
49147.0,-6860.211240316431
49148.0,-6860.198728581269
49149.0,-6860.186216846108
49150.0,-6860.173705110948
49151.0,-6860.161193375786
49152.0,-6860.148681640625
49153.0,-6860.154323558013
49154.0,-6860.1599654754
49155.0,-6860.165607392788
49156.0,-6860.171249310176
49157.0,-6860.176891227563
49158.0,-6860.182533144951
49159.0,-6860.188175062339
49160.0,-6860.193816979726
49161.0,-6860.199458897114
49162.0,-6860.205100814502
49163.0,-6860.210742731889
49164.0,-6860.216384649277
49165.0,-6860.222026566665
49166.0,-6860.227668484052
49167.0,-6860.23331040144
49168.0,-6860.238952318828
49169.0,-6860.244594236215
49170.0,-6860.250236153603
49171.0,-6860.255878070991
49172.0,-6860.261519988378
49173.0,-6860.2671619057655
49174.0,-6860.2728038231535
49175.0,-6860.2784457405405
49176.0,-6860.2840876579285
49177.0,-6860.289729575316
49178.0,-6860.295371492703
49179.0,-6860.301013410091
49180.0,-6860.306655327479
49181.0,-6860.312297244866
49182.0,-6860.317939162254
49183.0,-6860.323581079642
49184.0,-6860.329222997029
49185.0,-6860.334864914417
49186.0,-6860.340506831805
49187.0,-6860.346148749192
49188.0,-6860.35179066658
49189.0,-6860.357432583968
49190.0,-6860.363074501355
49191.0,-6860.368716418743
49192.0,-6860.374358336131
49193.0,-6860.380000253518
49194.0,-6860.385642170906
49195.0,-6860.391284088294
49196.0,-6860.396926005681
49197.0,-6860.402567923069
49198.0,-6860.408209840457
49199.0,-6860.413851757844
49200.0,-6860.419493675232
49201.0,-6860.42513559262
49202.0,-6860.430777510007
49203.0,-6860.436419427395
49204.0,-6860.442061344783
49205.0,-6860.44770326217
49206.0,-6860.453345179558
49207.0,-6860.458987096946
49208.0,-6860.464629014333
49209.0,-6860.470270931721
49210.0,-6860.475912849109
49211.0,-6860.481554766496
49212.0,-6860.487196683884
49213.0,-6860.492838601272
49214.0,-6860.498480518659
49215.0,-6860.504122436047
49216.0,-6860.509764353435
49217.0,-6860.515406270822
49218.0,-6860.5210481882095
49219.0,-6860.5266901055975
49220.0,-6860.5323320229845
49221.0,-6860.5379739403725
49222.0,-6860.54361585776
49223.0,-6860.549257775147
49224.0,-6860.554899692535
49225.0,-6860.560541609923
49226.0,-6860.56618352731
49227.0,-6860.571825444698
49228.0,-6860.577467362086
49229.0,-6860.583109279473
49230.0,-6860.588751196861
49231.0,-6860.594393114249
49232.0,-6860.600035031636
49233.0,-6860.605676949024
49234.0,-6860.611318866412
49235.0,-6860.616960783799
49236.0,-6860.622602701187
49237.0,-6860.628244618575
49238.0,-6860.633886535962
49239.0,-6860.63952845335
49240.0,-6860.645170370738
49241.0,-6860.650812288125
49242.0,-6860.656454205513
49243.0,-6860.662096122901
49244.0,-6860.667738040288
49245.0,-6860.673379957676
49246.0,-6860.679021875064
49247.0,-6860.684663792451
49248.0,-6860.690305709839
49249.0,-6860.695947627227
49250.0,-6860.701589544614
49251.0,-6860.707231462002
49252.0,-6860.71287337939
49253.0,-6860.718515296777
49254.0,-6860.724157214165
49255.0,-6860.729799131553
49256.0,-6860.73544104894
49257.0,-6860.741082966328
49258.0,-6860.746724883716
49259.0,-6860.752366801103
49260.0,-6860.758008718491
49261.0,-6860.763650635879
49262.0,-6860.769292553266
49263.0,-6860.7749344706535
49264.0,-6860.7805763880415
49265.0,-6860.7862183054285
49266.0,-6860.7918602228165
49267.0,-6860.797502140204
49268.0,-6860.803144057591
49269.0,-6860.808785974979
49270.0,-6860.814427892367
49271.0,-6860.820069809754
49272.0,-6860.825711727142
49273.0,-6860.83135364453
49274.0,-6860.836995561917
49275.0,-6860.842637479305
49276.0,-6860.848279396693
49277.0,-6860.85392131408
49278.0,-6860.859563231468
49279.0,-6860.865205148856
49280.0,-6860.870847066243
49281.0,-6860.876488983631
49282.0,-6860.882130901019
49283.0,-6860.887772818406
49284.0,-6860.893414735794
49285.0,-6860.899056653182
49286.0,-6860.904698570569
49287.0,-6860.910340487957
49288.0,-6860.915982405345
49289.0,-6860.921624322732
49290.0,-6860.92726624012
49291.0,-6860.932908157508
49292.0,-6860.938550074895
49293.0,-6860.944191992283
49294.0,-6860.949833909671
49295.0,-6860.955475827058
49296.0,-6860.961117744446
49297.0,-6860.966759661834
49298.0,-6860.972401579221
49299.0,-6860.978043496609
49300.0,-6860.983685413997
49301.0,-6860.989327331384
49302.0,-6860.994969248772
49303.0,-6861.00061116616
49304.0,-6861.006253083547
49305.0,-6861.011895000935
49306.0,-6861.017536918323
49307.0,-6861.02317883571
49308.0,-6861.0288207530975
49309.0,-6861.0344626704855
49310.0,-6861.0401045878725
49311.0,-6861.0457465052605
49312.0,-6861.051388422648
49313.0,-6861.057030340035
49314.0,-6861.062672257423
49315.0,-6861.068314174811
49316.0,-6861.073956092198
49317.0,-6861.079598009586
49318.0,-6861.085239926974
49319.0,-6861.090881844361
49320.0,-6861.096523761749
49321.0,-6861.102165679137
49322.0,-6861.107807596524
49323.0,-6861.113449513912
49324.0,-6861.1190914313
49325.0,-6861.124733348687
49326.0,-6861.130375266075
49327.0,-6861.136017183463
49328.0,-6861.14165910085
49329.0,-6861.147301018238
49330.0,-6861.152942935626
49331.0,-6861.158584853013
49332.0,-6861.164226770401
49333.0,-6861.169868687789
49334.0,-6861.175510605176
49335.0,-6861.181152522564
49336.0,-6861.186794439952
49337.0,-6861.192436357339
49338.0,-6861.198078274727
49339.0,-6861.203720192115
49340.0,-6861.209362109502
49341.0,-6861.21500402689
49342.0,-6861.220645944278
49343.0,-6861.226287861665
49344.0,-6861.231929779053
49345.0,-6861.237571696441
49346.0,-6861.243213613828
49347.0,-6861.248855531216
49348.0,-6861.254497448604
49349.0,-6861.260139365991
49350.0,-6861.265781283379
49351.0,-6861.271423200767
49352.0,-6861.277065118154
49353.0,-6861.2827070355415
49354.0,-6861.2883489529295
49355.0,-6861.2939908703165
49356.0,-6861.2996327877045
49357.0,-6861.305274705092
49358.0,-6861.310916622479
49359.0,-6861.316558539867
49360.0,-6861.322200457255
49361.0,-6861.327842374642
49362.0,-6861.33348429203
49363.0,-6861.339126209418
49364.0,-6861.344768126805
49365.0,-6861.350410044193
49366.0,-6861.356051961581
49367.0,-6861.361693878968
49368.0,-6861.367335796356
49369.0,-6861.372977713744
49370.0,-6861.378619631131
49371.0,-6861.384261548519
49372.0,-6861.389903465907
49373.0,-6861.395545383294
49374.0,-6861.401187300682
49375.0,-6861.40682921807
49376.0,-6861.412471135457
49377.0,-6861.418113052845
49378.0,-6861.423754970233
49379.0,-6861.42939688762
49380.0,-6861.435038805008
49381.0,-6861.440680722396
49382.0,-6861.446322639783
49383.0,-6861.451964557171
49384.0,-6861.457606474559
49385.0,-6861.463248391946
49386.0,-6861.468890309334
49387.0,-6861.474532226722
49388.0,-6861.480174144109
49389.0,-6861.485816061497
49390.0,-6861.491457978885
49391.0,-6861.497099896272
49392.0,-6861.50274181366
49393.0,-6861.508383731048
49394.0,-6861.514025648435
49395.0,-6861.519667565823
49396.0,-6861.525309483211
49397.0,-6861.530951400598
49398.0,-6861.5365933179855
49399.0,-6861.5422352353735
49400.0,-6861.5478771527605
49401.0,-6861.5535190701485
49402.0,-6861.559160987536
49403.0,-6861.564802904923
49404.0,-6861.570444822311
49405.0,-6861.576086739699
49406.0,-6861.581728657086
49407.0,-6861.587370574474
49408.0,-6861.593012491862
49409.0,-6861.598654409249
49410.0,-6861.604296326637
49411.0,-6861.609938244025
49412.0,-6861.615580161412
49413.0,-6861.6212220788
49414.0,-6861.626863996188
49415.0,-6861.632505913575
49416.0,-6861.638147830963
49417.0,-6861.643789748351
49418.0,-6861.649431665738
49419.0,-6861.655073583126
49420.0,-6861.660715500514
49421.0,-6861.666357417901
49422.0,-6861.671999335289
49423.0,-6861.677641252677
49424.0,-6861.683283170064
49425.0,-6861.688925087452
49426.0,-6861.69456700484
49427.0,-6861.700208922227
49428.0,-6861.705850839615
49429.0,-6861.711492757003
49430.0,-6861.71713467439
49431.0,-6861.722776591778
49432.0,-6861.728418509166
49433.0,-6861.734060426553
49434.0,-6861.739702343941
49435.0,-6861.745344261329
49436.0,-6861.750986178716
49437.0,-6861.756628096104
49438.0,-6861.762270013492
49439.0,-6861.767911930879
49440.0,-6861.773553848267
49441.0,-6861.779195765655
49442.0,-6861.784837683042
49443.0,-6861.7904796004295
49444.0,-6861.7961215178175
49445.0,-6861.8017634352045
49446.0,-6861.8074053525925
49447.0,-6861.81304726998
49448.0,-6861.818689187367
49449.0,-6861.824331104755
49450.0,-6861.829973022143
49451.0,-6861.83561493953
49452.0,-6861.841256856918
49453.0,-6861.846898774306
49454.0,-6861.852540691693
49455.0,-6861.858182609081
49456.0,-6861.863824526469
49457.0,-6861.869466443856
49458.0,-6861.875108361244
49459.0,-6861.880750278632
49460.0,-6861.886392196019
49461.0,-6861.892034113407
49462.0,-6861.897676030795
49463.0,-6861.903317948182
49464.0,-6861.90895986557
49465.0,-6861.914601782958
49466.0,-6861.920243700345
49467.0,-6861.925885617733
49468.0,-6861.931527535121
49469.0,-6861.937169452508
49470.0,-6861.942811369896
49471.0,-6861.948453287284
49472.0,-6861.954095204671
49473.0,-6861.959737122059
49474.0,-6861.965379039447
49475.0,-6861.971020956834
49476.0,-6861.976662874222
49477.0,-6861.98230479161
49478.0,-6861.987946708997
49479.0,-6861.993588626385
49480.0,-6861.999230543773
49481.0,-6862.00487246116
49482.0,-6862.010514378548
49483.0,-6862.016156295936
49484.0,-6862.021798213323
49485.0,-6862.027440130711
49486.0,-6862.033082048099
49487.0,-6862.038723965486
49488.0,-6862.0443658828735
49489.0,-6862.0500078002615
49490.0,-6862.0556497176485
49491.0,-6862.0612916350365
49492.0,-6862.066933552424
49493.0,-6862.072575469811
49494.0,-6862.078217387199
49495.0,-6862.083859304587
49496.0,-6862.089501221974
49497.0,-6862.095143139362
49498.0,-6862.10078505675
49499.0,-6862.106426974137
49500.0,-6862.112068891525
49501.0,-6862.117710808913
49502.0,-6862.1233527263
49503.0,-6862.128994643688
49504.0,-6862.134636561076
49505.0,-6862.140278478463
49506.0,-6862.145920395851
49507.0,-6862.151562313239
49508.0,-6862.157204230626
49509.0,-6862.162846148014
49510.0,-6862.168488065402
49511.0,-6862.174129982789
49512.0,-6862.179771900177
49513.0,-6862.185413817565
49514.0,-6862.191055734952
49515.0,-6862.19669765234
49516.0,-6862.202339569728
49517.0,-6862.207981487115
49518.0,-6862.213623404503
49519.0,-6862.219265321891
49520.0,-6862.224907239278
49521.0,-6862.230549156666
49522.0,-6862.236191074054
49523.0,-6862.241832991441
49524.0,-6862.247474908829
49525.0,-6862.253116826217
49526.0,-6862.258758743604
49527.0,-6862.264400660992
49528.0,-6862.27004257838
49529.0,-6862.275684495767
49530.0,-6862.281326413155
49531.0,-6862.286968330543
49532.0,-6862.29261024793
49533.0,-6862.2982521653175
49534.0,-6862.3038940827055
49535.0,-6862.3095360000925
49536.0,-6862.3151779174805
49537.0,-6862.320819834868
49538.0,-6862.326461752255
49539.0,-6862.332103669643
49540.0,-6862.337745587031
49541.0,-6862.343387504418
49542.0,-6862.349029421806
49543.0,-6862.354671339194
49544.0,-6862.360313256581
49545.0,-6862.365955173969
49546.0,-6862.371597091357
49547.0,-6862.377239008744
49548.0,-6862.382880926132
49549.0,-6862.38852284352
49550.0,-6862.394164760907
49551.0,-6862.399806678295
49552.0,-6862.405448595683
49553.0,-6862.41109051307
49554.0,-6862.416732430458
49555.0,-6862.422374347846
49556.0,-6862.428016265233
49557.0,-6862.433658182621
49558.0,-6862.439300100009
49559.0,-6862.444942017396
49560.0,-6862.450583934784
49561.0,-6862.456225852172
49562.0,-6862.461867769559
49563.0,-6862.467509686947
49564.0,-6862.473151604335
49565.0,-6862.478793521722
49566.0,-6862.48443543911
49567.0,-6862.490077356498
49568.0,-6862.495719273885
49569.0,-6862.501361191273
49570.0,-6862.507003108661
49571.0,-6862.512645026048
49572.0,-6862.518286943436
49573.0,-6862.523928860824
49574.0,-6862.529570778211
49575.0,-6862.535212695599
49576.0,-6862.540854612987
49577.0,-6862.546496530374
49578.0,-6862.5521384477615
49579.0,-6862.5577803651495
49580.0,-6862.5634222825365
49581.0,-6862.5690641999245
49582.0,-6862.574706117312
49583.0,-6862.580348034699
49584.0,-6862.585989952087
49585.0,-6862.591631869475
49586.0,-6862.597273786862
49587.0,-6862.60291570425
49588.0,-6862.608557621638
49589.0,-6862.614199539025
49590.0,-6862.619841456413
49591.0,-6862.625483373801
49592.0,-6862.631125291188
49593.0,-6862.636767208576
49594.0,-6862.642409125964
49595.0,-6862.648051043351
49596.0,-6862.653692960739
49597.0,-6862.659334878127
49598.0,-6862.664976795514
49599.0,-6862.670618712902
49600.0,-6862.67626063029
49601.0,-6862.681902547677
49602.0,-6862.687544465065
49603.0,-6862.693186382453
49604.0,-6862.69882829984
49605.0,-6862.704470217228
49606.0,-6862.710112134616
49607.0,-6862.715754052003
49608.0,-6862.721395969391
49609.0,-6862.727037886779
49610.0,-6862.732679804166
49611.0,-6862.738321721554
49612.0,-6862.743963638942
49613.0,-6862.749605556329
49614.0,-6862.755247473717
49615.0,-6862.760889391105
49616.0,-6862.766531308492
49617.0,-6862.77217322588
49618.0,-6862.777815143268
49619.0,-6862.783457060655
49620.0,-6862.789098978043
49621.0,-6862.794740895431
49622.0,-6862.800382812818
49623.0,-6862.8060247302055
49624.0,-6862.8116666475935
49625.0,-6862.8173085649805
49626.0,-6862.8229504823685
49627.0,-6862.828592399756
49628.0,-6862.8342343171435
49629.0,-6862.839876234531
49630.0,-6862.845518151919
49631.0,-6862.851160069306
49632.0,-6862.856801986694
49633.0,-6862.862443904082
49634.0,-6862.868085821469
49635.0,-6862.873727738857
49636.0,-6862.879369656245
49637.0,-6862.885011573632
49638.0,-6862.89065349102
49639.0,-6862.896295408408
49640.0,-6862.901937325795
49641.0,-6862.907579243183
49642.0,-6862.913221160571
49643.0,-6862.918863077958
49644.0,-6862.924504995346
49645.0,-6862.930146912734
49646.0,-6862.935788830121
49647.0,-6862.941430747509
49648.0,-6862.947072664897
49649.0,-6862.952714582284
49650.0,-6862.958356499672
49651.0,-6862.96399841706
49652.0,-6862.969640334447
49653.0,-6862.975282251835
49654.0,-6862.980924169223
49655.0,-6862.98656608661
49656.0,-6862.992208003998
49657.0,-6862.997849921386
49658.0,-6863.003491838773
49659.0,-6863.009133756161
49660.0,-6863.014775673549
49661.0,-6863.020417590936
49662.0,-6863.026059508324
49663.0,-6863.031701425712
49664.0,-6863.037343343099
49665.0,-6863.042985260487
49666.0,-6863.048627177875
49667.0,-6863.054269095262
49668.0,-6863.0599110126495
49669.0,-6863.0655529300375
49670.0,-6863.0711948474245
49671.0,-6863.0768367648125
49672.0,-6863.0824786822
49673.0,-6863.0881205995875
49674.0,-6863.093762516975
49675.0,-6863.099404434363
49676.0,-6863.10504635175
49677.0,-6863.110688269138
49678.0,-6863.116330186526
49679.0,-6863.121972103913
49680.0,-6863.127614021301
49681.0,-6863.133255938689
49682.0,-6863.138897856076
49683.0,-6863.144539773464
49684.0,-6863.150181690852
49685.0,-6863.155823608239
49686.0,-6863.161465525627
49687.0,-6863.167107443015
49688.0,-6863.172749360402
49689.0,-6863.17839127779
49690.0,-6863.184033195178
49691.0,-6863.189675112565
49692.0,-6863.195317029953
49693.0,-6863.200958947341
49694.0,-6863.206600864728
49695.0,-6863.212242782116
49696.0,-6863.217884699504
49697.0,-6863.223526616891
49698.0,-6863.229168534279
49699.0,-6863.234810451667
49700.0,-6863.240452369054
49701.0,-6863.246094286442
49702.0,-6863.25173620383
49703.0,-6863.257378121217
49704.0,-6863.263020038605
49705.0,-6863.268661955993
49706.0,-6863.27430387338
49707.0,-6863.279945790768
49708.0,-6863.285587708156
49709.0,-6863.291229625543
49710.0,-6863.296871542931
49711.0,-6863.302513460319
49712.0,-6863.308155377706
49713.0,-6863.3137972950935
49714.0,-6863.3194392124815
49715.0,-6863.3250811298685
49716.0,-6863.3307230472565
49717.0,-6863.336364964644
49718.0,-6863.3420068820315
49719.0,-6863.347648799419
49720.0,-6863.353290716807
49721.0,-6863.358932634194
49722.0,-6863.364574551582
49723.0,-6863.37021646897
49724.0,-6863.375858386357
49725.0,-6863.381500303745
49726.0,-6863.387142221133
49727.0,-6863.39278413852
49728.0,-6863.398426055908
49729.0,-6863.404067973296
49730.0,-6863.409709890683
49731.0,-6863.415351808071
49732.0,-6863.420993725459
49733.0,-6863.426635642846
49734.0,-6863.432277560234
49735.0,-6863.437919477622
49736.0,-6863.443561395009
49737.0,-6863.449203312397
49738.0,-6863.454845229785
49739.0,-6863.460487147172
49740.0,-6863.46612906456
49741.0,-6863.471770981948
49742.0,-6863.477412899335
49743.0,-6863.483054816723
49744.0,-6863.488696734111
49745.0,-6863.494338651498
49746.0,-6863.499980568886
49747.0,-6863.505622486274
49748.0,-6863.511264403661
49749.0,-6863.516906321049
49750.0,-6863.522548238437
49751.0,-6863.528190155824
49752.0,-6863.533832073212
49753.0,-6863.5394739906
49754.0,-6863.545115907987
49755.0,-6863.550757825375
49756.0,-6863.556399742763
49757.0,-6863.56204166015
49758.0,-6863.5676835775375
49759.0,-6863.5733254949255
49760.0,-6863.5789674123125
49761.0,-6863.5846093297005
49762.0,-6863.590251247088
49763.0,-6863.5958931644755
49764.0,-6863.601535081863
49765.0,-6863.607176999251
49766.0,-6863.612818916638
49767.0,-6863.618460834026
49768.0,-6863.624102751414
49769.0,-6863.629744668801
49770.0,-6863.635386586189
49771.0,-6863.641028503577
49772.0,-6863.646670420964
49773.0,-6863.652312338352
49774.0,-6863.65795425574
49775.0,-6863.663596173127
49776.0,-6863.669238090515
49777.0,-6863.674880007903
49778.0,-6863.68052192529
49779.0,-6863.686163842678
49780.0,-6863.691805760066
49781.0,-6863.697447677453
49782.0,-6863.703089594841
49783.0,-6863.708731512229
49784.0,-6863.714373429616
49785.0,-6863.720015347004
49786.0,-6863.725657264392
49787.0,-6863.731299181779
49788.0,-6863.736941099167
49789.0,-6863.742583016555
49790.0,-6863.748224933942
49791.0,-6863.75386685133
49792.0,-6863.759508768718
49793.0,-6863.765150686105
49794.0,-6863.770792603493
49795.0,-6863.776434520881
49796.0,-6863.782076438268
49797.0,-6863.787718355656
49798.0,-6863.793360273044
49799.0,-6863.799002190431
49800.0,-6863.804644107819
49801.0,-6863.810286025207
49802.0,-6863.815927942594
49803.0,-6863.8215698599815
49804.0,-6863.8272117773695
49805.0,-6863.8328536947565
49806.0,-6863.8384956121445
49807.0,-6863.844137529532
49808.0,-6863.8497794469195
49809.0,-6863.855421364307
49810.0,-6863.861063281695
49811.0,-6863.866705199082
49812.0,-6863.87234711647
49813.0,-6863.877989033858
49814.0,-6863.883630951245
49815.0,-6863.889272868633
49816.0,-6863.894914786021
49817.0,-6863.900556703408
49818.0,-6863.906198620796
49819.0,-6863.911840538184
49820.0,-6863.917482455571
49821.0,-6863.923124372959
49822.0,-6863.928766290347
49823.0,-6863.934408207734
49824.0,-6863.940050125122
49825.0,-6863.94569204251
49826.0,-6863.951333959897
49827.0,-6863.956975877285
49828.0,-6863.962617794673
49829.0,-6863.96825971206
49830.0,-6863.973901629448
49831.0,-6863.979543546836
49832.0,-6863.985185464223
49833.0,-6863.990827381611
49834.0,-6863.996469298999
49835.0,-6864.002111216386
49836.0,-6864.007753133774
49837.0,-6864.013395051162
49838.0,-6864.019036968549
49839.0,-6864.024678885937
49840.0,-6864.030320803325
49841.0,-6864.035962720712
49842.0,-6864.0416046381
49843.0,-6864.047246555488
49844.0,-6864.052888472875
49845.0,-6864.058530390263
49846.0,-6864.064172307651
49847.0,-6864.069814225038
49848.0,-6864.0754561424255
49849.0,-6864.0810980598135
49850.0,-6864.0867399772005
49851.0,-6864.0923818945885
49852.0,-6864.098023811976
49853.0,-6864.1036657293635
49854.0,-6864.109307646751
49855.0,-6864.114949564139
49856.0,-6864.120591481526
49857.0,-6864.126233398914
49858.0,-6864.131875316302
49859.0,-6864.137517233689
49860.0,-6864.143159151077
49861.0,-6864.148801068465
49862.0,-6864.154442985852
49863.0,-6864.16008490324
49864.0,-6864.165726820628
49865.0,-6864.171368738015
49866.0,-6864.177010655403
49867.0,-6864.182652572791
49868.0,-6864.188294490178
49869.0,-6864.193936407566
49870.0,-6864.199578324954
49871.0,-6864.205220242341
49872.0,-6864.210862159729
49873.0,-6864.216504077117
49874.0,-6864.222145994504
49875.0,-6864.227787911892
49876.0,-6864.23342982928
49877.0,-6864.239071746667
49878.0,-6864.244713664055
49879.0,-6864.250355581443
49880.0,-6864.25599749883
49881.0,-6864.261639416218
49882.0,-6864.267281333606
49883.0,-6864.272923250993
49884.0,-6864.278565168381
49885.0,-6864.284207085769
49886.0,-6864.289849003156
49887.0,-6864.295490920544
49888.0,-6864.301132837932
49889.0,-6864.306774755319
49890.0,-6864.312416672707
49891.0,-6864.318058590095
49892.0,-6864.323700507482
49893.0,-6864.3293424248695
49894.0,-6864.3349843422575
49895.0,-6864.3406262596445
49896.0,-6864.3462681770325
49897.0,-6864.35191009442
49898.0,-6864.3575520118075
49899.0,-6864.363193929195
49900.0,-6864.368835846583
49901.0,-6864.37447776397
49902.0,-6864.380119681358
49903.0,-6864.385761598746
49904.0,-6864.391403516133
49905.0,-6864.397045433521
49906.0,-6864.402687350909
49907.0,-6864.408329268296
49908.0,-6864.413971185684
49909.0,-6864.419613103072
49910.0,-6864.425255020459
49911.0,-6864.430896937847
49912.0,-6864.436538855235
49913.0,-6864.442180772622
49914.0,-6864.44782269001
49915.0,-6864.453464607398
49916.0,-6864.459106524785
49917.0,-6864.464748442173
49918.0,-6864.470390359561
49919.0,-6864.476032276948
49920.0,-6864.481674194336
49921.0,-6864.487316111724
49922.0,-6864.492958029111
49923.0,-6864.498599946499
49924.0,-6864.504241863887
49925.0,-6864.509883781274
49926.0,-6864.515525698662
49927.0,-6864.52116761605
49928.0,-6864.526809533437
49929.0,-6864.532451450825
49930.0,-6864.538093368213
49931.0,-6864.5437352856
49932.0,-6864.549377202988
49933.0,-6864.555019120376
49934.0,-6864.560661037763
49935.0,-6864.566302955151
49936.0,-6864.571944872539
49937.0,-6864.577586789926
49938.0,-6864.5832287073135
49939.0,-6864.5888706247015
49940.0,-6864.5945125420885
49941.0,-6864.6001544594765
49942.0,-6864.605796376864
49943.0,-6864.6114382942515
49944.0,-6864.617080211639
49945.0,-6864.622722129027
49946.0,-6864.628364046414
49947.0,-6864.634005963802
49948.0,-6864.63964788119
49949.0,-6864.645289798577
49950.0,-6864.650931715965
49951.0,-6864.656573633353
49952.0,-6864.66221555074
49953.0,-6864.667857468128
49954.0,-6864.673499385516
49955.0,-6864.679141302903
49956.0,-6864.684783220291
49957.0,-6864.690425137679
49958.0,-6864.696067055066
49959.0,-6864.701708972454
49960.0,-6864.707350889842
49961.0,-6864.712992807229
49962.0,-6864.718634724617
49963.0,-6864.724276642005
49964.0,-6864.729918559392
49965.0,-6864.73556047678
49966.0,-6864.741202394168
49967.0,-6864.746844311555
49968.0,-6864.752486228943
49969.0,-6864.758128146331
49970.0,-6864.763770063718
49971.0,-6864.769411981106
49972.0,-6864.775053898494
49973.0,-6864.780695815881
49974.0,-6864.786337733269
49975.0,-6864.791979650657
49976.0,-6864.797621568044
49977.0,-6864.803263485432
49978.0,-6864.80890540282
49979.0,-6864.814547320207
49980.0,-6864.820189237595
49981.0,-6864.825831154983
49982.0,-6864.83147307237
49983.0,-6864.8371149897575
49984.0,-6864.8427569071455
49985.0,-6864.8483988245325
49986.0,-6864.8540407419205
49987.0,-6864.859682659308
49988.0,-6864.8653245766955
49989.0,-6864.870966494083
49990.0,-6864.876608411471
49991.0,-6864.882250328858
49992.0,-6864.887892246246
49993.0,-6864.893534163634
49994.0,-6864.899176081021
49995.0,-6864.904817998409
49996.0,-6864.910459915797
49997.0,-6864.916101833184
49998.0,-6864.921743750572
49999.0,-6864.92738566796
50000.0,-6864.933027585347
50001.0,-6864.938669502735
50002.0,-6864.944311420123
50003.0,-6864.94995333751
50004.0,-6864.955595254898
50005.0,-6864.961237172286
50006.0,-6864.966879089673
50007.0,-6864.972521007061
50008.0,-6864.978162924449
50009.0,-6864.983804841836
50010.0,-6864.989446759224
50011.0,-6864.995088676612
50012.0,-6865.000730593999
50013.0,-6865.006372511387
50014.0,-6865.012014428775
50015.0,-6865.017656346162
50016.0,-6865.02329826355
50017.0,-6865.028940180938
50018.0,-6865.034582098325
50019.0,-6865.040224015713
50020.0,-6865.045865933101
50021.0,-6865.051507850488
50022.0,-6865.057149767876
50023.0,-6865.062791685264
50024.0,-6865.068433602651
50025.0,-6865.074075520039
50026.0,-6865.079717437427
50027.0,-6865.085359354814
50028.0,-6865.0910012722015
50029.0,-6865.0966431895895
50030.0,-6865.1022851069765
50031.0,-6865.1079270243645
50032.0,-6865.113568941752
50033.0,-6865.1192108591395
50034.0,-6865.124852776527
50035.0,-6865.130494693915
50036.0,-6865.136136611302
50037.0,-6865.14177852869
50038.0,-6865.147420446078
50039.0,-6865.153062363465
50040.0,-6865.158704280853
50041.0,-6865.164346198241
50042.0,-6865.169988115628
50043.0,-6865.175630033016
50044.0,-6865.181271950404
50045.0,-6865.186913867791
50046.0,-6865.192555785179
50047.0,-6865.198197702567
50048.0,-6865.203839619954
50049.0,-6865.209481537342
50050.0,-6865.21512345473
50051.0,-6865.220765372117
50052.0,-6865.226407289505
50053.0,-6865.232049206893
50054.0,-6865.23769112428
50055.0,-6865.243333041668
50056.0,-6865.248974959056
50057.0,-6865.254616876443
50058.0,-6865.260258793831
50059.0,-6865.265900711219
50060.0,-6865.271542628606
50061.0,-6865.277184545994
50062.0,-6865.282826463382
50063.0,-6865.288468380769
50064.0,-6865.294110298157
50065.0,-6865.299752215545
50066.0,-6865.305394132932
50067.0,-6865.31103605032
50068.0,-6865.316677967708
50069.0,-6865.322319885095
50070.0,-6865.327961802483
50071.0,-6865.333603719871
50072.0,-6865.339245637258
50073.0,-6865.3448875546455
50074.0,-6865.3505294720335
50075.0,-6865.3561713894205
50076.0,-6865.3618133068085
50077.0,-6865.367455224196
50078.0,-6865.3730971415835
50079.0,-6865.378739058971
50080.0,-6865.384380976359
50081.0,-6865.390022893746
50082.0,-6865.395664811134
50083.0,-6865.401306728522
50084.0,-6865.406948645909
50085.0,-6865.412590563297
50086.0,-6865.418232480685
50087.0,-6865.423874398072
50088.0,-6865.42951631546
50089.0,-6865.435158232848
50090.0,-6865.440800150235
50091.0,-6865.446442067623
50092.0,-6865.452083985011
50093.0,-6865.457725902398
50094.0,-6865.463367819786
50095.0,-6865.469009737174
50096.0,-6865.474651654561
50097.0,-6865.480293571949
50098.0,-6865.485935489337
50099.0,-6865.491577406724
50100.0,-6865.497219324112
50101.0,-6865.5028612415
50102.0,-6865.508503158887
50103.0,-6865.514145076275
50104.0,-6865.519786993663
50105.0,-6865.52542891105
50106.0,-6865.531070828438
50107.0,-6865.536712745826
50108.0,-6865.542354663213
50109.0,-6865.547996580601
50110.0,-6865.553638497989
50111.0,-6865.559280415376
50112.0,-6865.564922332764
50113.0,-6865.570564250152
50114.0,-6865.576206167539
50115.0,-6865.581848084927
50116.0,-6865.587490002315
50117.0,-6865.593131919702
50118.0,-6865.5987738370895
50119.0,-6865.6044157544775
50120.0,-6865.6100576718645
50121.0,-6865.6156995892525
50122.0,-6865.62134150664
50123.0,-6865.6269834240275
50124.0,-6865.632625341415
50125.0,-6865.638267258803
50126.0,-6865.64390917619
50127.0,-6865.649551093578
50128.0,-6865.655193010966
50129.0,-6865.660834928353
50130.0,-6865.666476845741
50131.0,-6865.672118763129
50132.0,-6865.677760680516
50133.0,-6865.683402597904
50134.0,-6865.689044515292
50135.0,-6865.694686432679
50136.0,-6865.700328350067
50137.0,-6865.705970267455
50138.0,-6865.711612184842
50139.0,-6865.71725410223
50140.0,-6865.722896019618
50141.0,-6865.728537937005
50142.0,-6865.734179854393
50143.0,-6865.739821771781
50144.0,-6865.745463689168
50145.0,-6865.751105606556
50146.0,-6865.756747523944
50147.0,-6865.762389441331
50148.0,-6865.768031358719
50149.0,-6865.773673276107
50150.0,-6865.779315193494
50151.0,-6865.784957110882
50152.0,-6865.79059902827
50153.0,-6865.796240945657
50154.0,-6865.801882863045
50155.0,-6865.807524780433
50156.0,-6865.81316669782
50157.0,-6865.818808615208
50158.0,-6865.824450532596
50159.0,-6865.830092449983
50160.0,-6865.835734367371
50161.0,-6865.841376284759
50162.0,-6865.847018202146
50163.0,-6865.8526601195335
50164.0,-6865.8583020369215
50165.0,-6865.8639439543085
50166.0,-6865.8695858716965
50167.0,-6865.875227789084
50168.0,-6865.8808697064715
50169.0,-6865.886511623859
50170.0,-6865.892153541247
50171.0,-6865.897795458634
50172.0,-6865.903437376022
50173.0,-6865.90907929341
50174.0,-6865.914721210797
50175.0,-6865.920363128185
50176.0,-6865.926005045573
50177.0,-6865.919887209932
50178.0,-6865.913769374291
50179.0,-6865.9076515386505
50180.0,-6865.90153370301
50181.0,-6865.895415867369
50182.0,-6865.889298031728
50183.0,-6865.883180196087
50184.0,-6865.877062360446
50185.0,-6865.870944524805
50186.0,-6865.864826689164
50187.0,-6865.858708853523
50188.0,-6865.852591017882
50189.0,-6865.846473182241
50190.0,-6865.8403553466005
50191.0,-6865.83423751096
50192.0,-6865.828119675319
50193.0,-6865.822001839678
50194.0,-6865.815884004037
50195.0,-6865.809766168396
50196.0,-6865.803648332755
50197.0,-6865.797530497114
50198.0,-6865.791412661473
50199.0,-6865.785294825832
50200.0,-6865.779176990191
50201.0,-6865.7730591545505
50202.0,-6865.76694131891
50203.0,-6865.760823483269
50204.0,-6865.754705647628
50205.0,-6865.748587811987
50206.0,-6865.742469976346
50207.0,-6865.736352140705
50208.0,-6865.730234305064
50209.0,-6865.724116469423
50210.0,-6865.717998633782
50211.0,-6865.7118807981415
50212.0,-6865.705762962501
50213.0,-6865.69964512686
50214.0,-6865.693527291219
50215.0,-6865.687409455578
50216.0,-6865.681291619937
50217.0,-6865.675173784296
50218.0,-6865.669055948655
50219.0,-6865.662938113014
50220.0,-6865.656820277373
50221.0,-6865.650702441732
50222.0,-6865.6445846060915
50223.0,-6865.638466770451
50224.0,-6865.63234893481
50225.0,-6865.626231099169
50226.0,-6865.620113263528
50227.0,-6865.613995427887
50228.0,-6865.607877592246
50229.0,-6865.601759756605
50230.0,-6865.595641920964
50231.0,-6865.589524085323
50232.0,-6865.583406249682
50233.0,-6865.5772884140415
50234.0,-6865.571170578401
50235.0,-6865.56505274276
50236.0,-6865.558934907119
50237.0,-6865.552817071478
50238.0,-6865.546699235837
50239.0,-6865.540581400196
50240.0,-6865.534463564555
50241.0,-6865.528345728914
50242.0,-6865.522227893273
50243.0,-6865.516110057632
50244.0,-6865.5099922219915
50245.0,-6865.503874386351
50246.0,-6865.49775655071
50247.0,-6865.491638715069
50248.0,-6865.485520879428
50249.0,-6865.479403043787
50250.0,-6865.473285208146
50251.0,-6865.467167372505
50252.0,-6865.461049536864
50253.0,-6865.454931701223
50254.0,-6865.448813865582
50255.0,-6865.4426960299415
50256.0,-6865.436578194301
50257.0,-6865.43046035866
50258.0,-6865.424342523019
50259.0,-6865.418224687378
50260.0,-6865.412106851737
50261.0,-6865.405989016096
50262.0,-6865.399871180455
50263.0,-6865.393753344814
50264.0,-6865.387635509173
50265.0,-6865.3815176735325
50266.0,-6865.375399837892
50267.0,-6865.369282002251
50268.0,-6865.36316416661
50269.0,-6865.357046330969
50270.0,-6865.350928495328
50271.0,-6865.344810659687
50272.0,-6865.338692824046
50273.0,-6865.332574988405
50274.0,-6865.326457152764
50275.0,-6865.320339317123
50276.0,-6865.3142214814825
50277.0,-6865.308103645842
50278.0,-6865.301985810201
50279.0,-6865.29586797456
50280.0,-6865.289750138919
50281.0,-6865.283632303278
50282.0,-6865.277514467637
50283.0,-6865.271396631996
50284.0,-6865.265278796355
50285.0,-6865.259160960714
50286.0,-6865.253043125073
50287.0,-6865.2469252894325
50288.0,-6865.240807453792
50289.0,-6865.234689618151
50290.0,-6865.22857178251
50291.0,-6865.222453946869
50292.0,-6865.216336111228
50293.0,-6865.210218275587
50294.0,-6865.204100439946
50295.0,-6865.197982604305
50296.0,-6865.191864768664
50297.0,-6865.185746933023
50298.0,-6865.1796290973825
50299.0,-6865.173511261742
50300.0,-6865.167393426101
50301.0,-6865.16127559046
50302.0,-6865.155157754819
50303.0,-6865.149039919178
50304.0,-6865.142922083537
50305.0,-6865.136804247896
50306.0,-6865.130686412255
50307.0,-6865.124568576614
50308.0,-6865.1184507409735
50309.0,-6865.112332905333
50310.0,-6865.106215069692
50311.0,-6865.100097234051
50312.0,-6865.09397939841
50313.0,-6865.087861562769
50314.0,-6865.081743727128
50315.0,-6865.075625891487
50316.0,-6865.069508055846
50317.0,-6865.063390220205
50318.0,-6865.057272384564
50319.0,-6865.0511545489235
50320.0,-6865.045036713283
50321.0,-6865.038918877642
50322.0,-6865.032801042001
50323.0,-6865.02668320636
50324.0,-6865.020565370719
50325.0,-6865.014447535078
50326.0,-6865.008329699437
50327.0,-6865.002211863796
50328.0,-6864.996094028155
50329.0,-6864.989976192514
50330.0,-6864.9838583568735
50331.0,-6864.977740521233
50332.0,-6864.971622685592
50333.0,-6864.965504849951
50334.0,-6864.95938701431
50335.0,-6864.953269178669
50336.0,-6864.947151343028
50337.0,-6864.941033507387
50338.0,-6864.934915671746
50339.0,-6864.928797836105
50340.0,-6864.922680000464
50341.0,-6864.9165621648235
50342.0,-6864.910444329183
50343.0,-6864.904326493542
50344.0,-6864.898208657901
50345.0,-6864.89209082226
50346.0,-6864.885972986619
50347.0,-6864.879855150978
50348.0,-6864.873737315337
50349.0,-6864.867619479696
50350.0,-6864.861501644055
50351.0,-6864.855383808414
50352.0,-6864.8492659727735
50353.0,-6864.843148137133
50354.0,-6864.837030301492
50355.0,-6864.830912465851
50356.0,-6864.82479463021
50357.0,-6864.818676794569
50358.0,-6864.812558958928
50359.0,-6864.806441123287
50360.0,-6864.800323287646
50361.0,-6864.794205452005
50362.0,-6864.7880876163645
50363.0,-6864.781969780724
50364.0,-6864.775851945083
50365.0,-6864.769734109442
50366.0,-6864.763616273801
50367.0,-6864.75749843816
50368.0,-6864.751380602519
50369.0,-6864.745262766878
50370.0,-6864.739144931237
50371.0,-6864.733027095596
50372.0,-6864.726909259955
50373.0,-6864.7207914243145
50374.0,-6864.714673588674
50375.0,-6864.708555753033
50376.0,-6864.702437917392
50377.0,-6864.696320081751
50378.0,-6864.69020224611
50379.0,-6864.684084410469
50380.0,-6864.677966574828
50381.0,-6864.671848739187
50382.0,-6864.665730903546
50383.0,-6864.659613067905
50384.0,-6864.6534952322645
50385.0,-6864.647377396624
50386.0,-6864.641259560983
50387.0,-6864.635141725342
50388.0,-6864.629023889701
50389.0,-6864.62290605406
50390.0,-6864.616788218419
50391.0,-6864.610670382778
50392.0,-6864.604552547137
50393.0,-6864.598434711496
50394.0,-6864.592316875855
50395.0,-6864.5861990402145
50396.0,-6864.580081204574
50397.0,-6864.573963368933
50398.0,-6864.567845533292
50399.0,-6864.561727697651
50400.0,-6864.55560986201
50401.0,-6864.549492026369
50402.0,-6864.543374190728
50403.0,-6864.537256355087
50404.0,-6864.531138519446
50405.0,-6864.525020683805
50406.0,-6864.5189028481645
50407.0,-6864.512785012524
50408.0,-6864.506667176883
50409.0,-6864.500549341242
50410.0,-6864.494431505601
50411.0,-6864.48831366996
50412.0,-6864.482195834319
50413.0,-6864.476077998678
50414.0,-6864.469960163037
50415.0,-6864.463842327396
50416.0,-6864.4577244917555
50417.0,-6864.451606656115
50418.0,-6864.445488820474
50419.0,-6864.439370984833
50420.0,-6864.433253149192
50421.0,-6864.427135313551
50422.0,-6864.42101747791
50423.0,-6864.414899642269
50424.0,-6864.408781806628
50425.0,-6864.402663970987
50426.0,-6864.396546135346
50427.0,-6864.3904282997055
50428.0,-6864.384310464065
50429.0,-6864.378192628424
50430.0,-6864.372074792783
50431.0,-6864.365956957142
50432.0,-6864.359839121501
50433.0,-6864.35372128586
50434.0,-6864.347603450219
50435.0,-6864.341485614578
50436.0,-6864.335367778937
50437.0,-6864.329249943296
50438.0,-6864.3231321076555
50439.0,-6864.317014272015
50440.0,-6864.310896436374
50441.0,-6864.304778600733
50442.0,-6864.298660765092
50443.0,-6864.292542929451
50444.0,-6864.28642509381
50445.0,-6864.280307258169
50446.0,-6864.274189422528
50447.0,-6864.268071586887
50448.0,-6864.261953751246
50449.0,-6864.2558359156055
50450.0,-6864.249718079965
50451.0,-6864.243600244324
50452.0,-6864.237482408683
50453.0,-6864.231364573042
50454.0,-6864.225246737401
50455.0,-6864.21912890176
50456.0,-6864.213011066119
50457.0,-6864.206893230478
50458.0,-6864.200775394837
50459.0,-6864.1946575591965
50460.0,-6864.188539723556
50461.0,-6864.182421887915
50462.0,-6864.176304052274
50463.0,-6864.170186216633
50464.0,-6864.164068380992
50465.0,-6864.157950545351
50466.0,-6864.15183270971
50467.0,-6864.145714874069
50468.0,-6864.139597038428
50469.0,-6864.133479202787
50470.0,-6864.1273613671465
50471.0,-6864.121243531506
50472.0,-6864.115125695865
50473.0,-6864.109007860224
50474.0,-6864.102890024583
50475.0,-6864.096772188942
50476.0,-6864.090654353301
50477.0,-6864.08453651766
50478.0,-6864.078418682019
50479.0,-6864.072300846378
50480.0,-6864.066183010737
50481.0,-6864.0600651750965
50482.0,-6864.053947339456
50483.0,-6864.047829503815
50484.0,-6864.041711668174
50485.0,-6864.035593832533
50486.0,-6864.029475996892
50487.0,-6864.023358161251
50488.0,-6864.01724032561
50489.0,-6864.011122489969
50490.0,-6864.005004654328
50491.0,-6863.998886818687
50492.0,-6863.9927689830465
50493.0,-6863.986651147406
50494.0,-6863.980533311765
50495.0,-6863.974415476124
50496.0,-6863.968297640483
50497.0,-6863.962179804842
50498.0,-6863.956061969201
50499.0,-6863.94994413356
50500.0,-6863.943826297919
50501.0,-6863.937708462278
50502.0,-6863.931590626637
50503.0,-6863.9254727909965
50504.0,-6863.919354955356
50505.0,-6863.913237119715
50506.0,-6863.907119284074
50507.0,-6863.901001448433
50508.0,-6863.894883612792
50509.0,-6863.888765777151
50510.0,-6863.88264794151
50511.0,-6863.876530105869
50512.0,-6863.870412270228
50513.0,-6863.8642944345875
50514.0,-6863.858176598947
50515.0,-6863.852058763306
50516.0,-6863.845940927665
50517.0,-6863.839823092024
50518.0,-6863.833705256383
50519.0,-6863.827587420742
50520.0,-6863.821469585101
50521.0,-6863.81535174946
50522.0,-6863.809233913819
50523.0,-6863.803116078178
50524.0,-6863.7969982425375
50525.0,-6863.790880406897
50526.0,-6863.784762571256
50527.0,-6863.778644735615
50528.0,-6863.772526899974
50529.0,-6863.766409064333
50530.0,-6863.760291228692
50531.0,-6863.754173393051
50532.0,-6863.74805555741
50533.0,-6863.741937721769
50534.0,-6863.735819886128
50535.0,-6863.7297020504875
50536.0,-6863.723584214847
50537.0,-6863.717466379206
50538.0,-6863.711348543565
50539.0,-6863.705230707924
50540.0,-6863.699112872283
50541.0,-6863.692995036642
50542.0,-6863.686877201001
50543.0,-6863.68075936536
50544.0,-6863.674641529719
50545.0,-6863.668523694078
50546.0,-6863.6624058584375
50547.0,-6863.656288022797
50548.0,-6863.650170187156
50549.0,-6863.644052351515
50550.0,-6863.637934515874
50551.0,-6863.631816680233
50552.0,-6863.625698844592
50553.0,-6863.619581008951
50554.0,-6863.61346317331
50555.0,-6863.607345337669
50556.0,-6863.601227502028
50557.0,-6863.5951096663875
50558.0,-6863.588991830747
50559.0,-6863.582873995106
50560.0,-6863.576756159465
50561.0,-6863.570638323824
50562.0,-6863.564520488183
50563.0,-6863.558402652542
50564.0,-6863.552284816901
50565.0,-6863.54616698126
50566.0,-6863.540049145619
50567.0,-6863.5339313099785
50568.0,-6863.527813474338
50569.0,-6863.521695638697
50570.0,-6863.515577803056
50571.0,-6863.509459967415
50572.0,-6863.503342131774
50573.0,-6863.497224296133
50574.0,-6863.491106460492
50575.0,-6863.484988624851
50576.0,-6863.47887078921
50577.0,-6863.472752953569
50578.0,-6863.4666351179285
50579.0,-6863.460517282288
50580.0,-6863.454399446647
50581.0,-6863.448281611006
50582.0,-6863.442163775365
50583.0,-6863.436045939724
50584.0,-6863.429928104083
50585.0,-6863.423810268442
50586.0,-6863.417692432801
50587.0,-6863.41157459716
50588.0,-6863.405456761519
50589.0,-6863.3993389258785
50590.0,-6863.393221090238
50591.0,-6863.387103254597
50592.0,-6863.380985418956
50593.0,-6863.374867583315
50594.0,-6863.368749747674
50595.0,-6863.362631912033
50596.0,-6863.356514076392
50597.0,-6863.350396240751
50598.0,-6863.34427840511
50599.0,-6863.338160569469
50600.0,-6863.3320427338285
50601.0,-6863.325924898188
50602.0,-6863.319807062547
50603.0,-6863.313689226906
50604.0,-6863.307571391265
50605.0,-6863.301453555624
50606.0,-6863.295335719983
50607.0,-6863.289217884342
50608.0,-6863.283100048701
50609.0,-6863.27698221306
50610.0,-6863.2708643774195
50611.0,-6863.264746541779
50612.0,-6863.258628706138
50613.0,-6863.252510870497
50614.0,-6863.246393034856
50615.0,-6863.240275199215
50616.0,-6863.234157363574
50617.0,-6863.228039527933
50618.0,-6863.221921692292
50619.0,-6863.215803856651
50620.0,-6863.20968602101
50621.0,-6863.2035681853695
50622.0,-6863.197450349729
50623.0,-6863.191332514088
50624.0,-6863.185214678447
50625.0,-6863.179096842806
50626.0,-6863.172979007165
50627.0,-6863.166861171524
50628.0,-6863.160743335883
50629.0,-6863.154625500242
50630.0,-6863.148507664601
50631.0,-6863.14238982896
50632.0,-6863.1362719933195
50633.0,-6863.130154157679
50634.0,-6863.124036322038
50635.0,-6863.117918486397
50636.0,-6863.111800650756
50637.0,-6863.105682815115
50638.0,-6863.099564979474
50639.0,-6863.093447143833
50640.0,-6863.087329308192
50641.0,-6863.081211472551
50642.0,-6863.07509363691
50643.0,-6863.0689758012695
50644.0,-6863.062857965629
50645.0,-6863.056740129988
50646.0,-6863.050622294347
50647.0,-6863.044504458706
50648.0,-6863.038386623065
50649.0,-6863.032268787424
50650.0,-6863.026150951783
50651.0,-6863.020033116142
50652.0,-6863.013915280501
50653.0,-6863.00779744486
50654.0,-6863.0016796092195
50655.0,-6862.995561773579
50656.0,-6862.989443937938
50657.0,-6862.983326102297
50658.0,-6862.977208266656
50659.0,-6862.971090431015
50660.0,-6862.964972595374
50661.0,-6862.958854759733
50662.0,-6862.952736924092
50663.0,-6862.946619088451
50664.0,-6862.9405012528105
50665.0,-6862.93438341717
50666.0,-6862.928265581529
50667.0,-6862.922147745888
50668.0,-6862.916029910247
50669.0,-6862.909912074606
50670.0,-6862.903794238965
50671.0,-6862.897676403324
50672.0,-6862.891558567683
50673.0,-6862.885440732042
50674.0,-6862.879322896401
50675.0,-6862.8732050607605
50676.0,-6862.86708722512
50677.0,-6862.860969389479
50678.0,-6862.854851553838
50679.0,-6862.848733718197
50680.0,-6862.842615882556
50681.0,-6862.836498046915
50682.0,-6862.830380211274
50683.0,-6862.824262375633
50684.0,-6862.818144539992
50685.0,-6862.812026704351
50686.0,-6862.8059088687105
50687.0,-6862.79979103307
50688.0,-6862.793673197429
50689.0,-6862.787555361788
50690.0,-6862.781437526147
50691.0,-6862.775319690506
50692.0,-6862.769201854865
50693.0,-6862.763084019224
50694.0,-6862.756966183583
50695.0,-6862.750848347942
50696.0,-6862.744730512301
50697.0,-6862.7386126766605
50698.0,-6862.73249484102
50699.0,-6862.726377005379
50700.0,-6862.720259169738
50701.0,-6862.714141334097
50702.0,-6862.708023498456
50703.0,-6862.701905662815
50704.0,-6862.695787827174
50705.0,-6862.689669991533
50706.0,-6862.683552155892
50707.0,-6862.677434320251
50708.0,-6862.6713164846105
50709.0,-6862.66519864897
50710.0,-6862.659080813329
50711.0,-6862.652962977688
50712.0,-6862.646845142047
50713.0,-6862.640727306406
50714.0,-6862.634609470765
50715.0,-6862.628491635124
50716.0,-6862.622373799483
50717.0,-6862.616255963842
50718.0,-6862.6101381282015
50719.0,-6862.604020292561
50720.0,-6862.59790245692
50721.0,-6862.591784621279
50722.0,-6862.585666785638
50723.0,-6862.579548949997
50724.0,-6862.573431114356
50725.0,-6862.567313278715
50726.0,-6862.561195443074
50727.0,-6862.555077607433
50728.0,-6862.548959771792
50729.0,-6862.5428419361515
50730.0,-6862.536724100511
50731.0,-6862.53060626487
50732.0,-6862.524488429229
50733.0,-6862.518370593588
50734.0,-6862.512252757947
50735.0,-6862.506134922306
50736.0,-6862.500017086665
50737.0,-6862.493899251024
50738.0,-6862.487781415383
50739.0,-6862.481663579742
50740.0,-6862.4755457441015
50741.0,-6862.469427908461
50742.0,-6862.46331007282
50743.0,-6862.457192237179
50744.0,-6862.451074401538
50745.0,-6862.444956565897
50746.0,-6862.438838730256
50747.0,-6862.432720894615
50748.0,-6862.426603058974
50749.0,-6862.420485223333
50750.0,-6862.414367387692
50751.0,-6862.4082495520515
50752.0,-6862.402131716411
50753.0,-6862.39601388077
50754.0,-6862.389896045129
50755.0,-6862.383778209488
50756.0,-6862.377660373847
50757.0,-6862.371542538206
50758.0,-6862.365424702565
50759.0,-6862.359306866924
50760.0,-6862.353189031283
50761.0,-6862.3470711956425
50762.0,-6862.340953360002
50763.0,-6862.334835524361
50764.0,-6862.32871768872
50765.0,-6862.322599853079
50766.0,-6862.316482017438
50767.0,-6862.310364181797
50768.0,-6862.304246346156
50769.0,-6862.298128510515
50770.0,-6862.292010674874
50771.0,-6862.285892839233
50772.0,-6862.2797750035925
50773.0,-6862.273657167952
50774.0,-6862.267539332311
50775.0,-6862.26142149667
50776.0,-6862.255303661029
50777.0,-6862.249185825388
50778.0,-6862.243067989747
50779.0,-6862.236950154106
50780.0,-6862.230832318465
50781.0,-6862.224714482824
50782.0,-6862.218596647183
50783.0,-6862.2124788115425
50784.0,-6862.206360975902
50785.0,-6862.200243140261
50786.0,-6862.19412530462
50787.0,-6862.188007468979
50788.0,-6862.181889633338
50789.0,-6862.175771797697
50790.0,-6862.169653962056
50791.0,-6862.163536126415
50792.0,-6862.157418290774
50793.0,-6862.151300455133
50794.0,-6862.1451826194925
50795.0,-6862.139064783852
50796.0,-6862.132946948211
50797.0,-6862.12682911257
50798.0,-6862.120711276929
50799.0,-6862.114593441288
50800.0,-6862.108475605647
50801.0,-6862.102357770006
50802.0,-6862.096239934365
50803.0,-6862.090122098724
50804.0,-6862.084004263083
50805.0,-6862.0778864274425
50806.0,-6862.071768591802
50807.0,-6862.065650756161
50808.0,-6862.05953292052
50809.0,-6862.053415084879
50810.0,-6862.047297249238
50811.0,-6862.041179413597
50812.0,-6862.035061577956
50813.0,-6862.028943742315
50814.0,-6862.022825906674
50815.0,-6862.0167080710335
50816.0,-6862.010590235393
50817.0,-6862.004472399752
50818.0,-6861.998354564111
50819.0,-6861.99223672847
50820.0,-6861.986118892829
50821.0,-6861.980001057188
50822.0,-6861.973883221547
50823.0,-6861.967765385906
50824.0,-6861.961647550265
50825.0,-6861.955529714624
50826.0,-6861.9494118789835
50827.0,-6861.943294043343
50828.0,-6861.937176207702
50829.0,-6861.931058372061
50830.0,-6861.92494053642
50831.0,-6861.918822700779
50832.0,-6861.912704865138
50833.0,-6861.906587029497
50834.0,-6861.900469193856
50835.0,-6861.894351358215
50836.0,-6861.888233522574
50837.0,-6861.8821156869335
50838.0,-6861.875997851293
50839.0,-6861.869880015652
50840.0,-6861.863762180011
50841.0,-6861.85764434437
50842.0,-6861.851526508729
50843.0,-6861.845408673088
50844.0,-6861.839290837447
50845.0,-6861.833173001806
50846.0,-6861.827055166165
50847.0,-6861.820937330524
50848.0,-6861.8148194948835
50849.0,-6861.808701659243
50850.0,-6861.802583823602
50851.0,-6861.796465987961
50852.0,-6861.79034815232
50853.0,-6861.784230316679
50854.0,-6861.778112481038
50855.0,-6861.771994645397
50856.0,-6861.765876809756
50857.0,-6861.759758974115
50858.0,-6861.753641138474
50859.0,-6861.7475233028335
50860.0,-6861.741405467193
50861.0,-6861.735287631552
50862.0,-6861.729169795911
50863.0,-6861.72305196027
50864.0,-6861.716934124629
50865.0,-6861.710816288988
50866.0,-6861.704698453347
50867.0,-6861.698580617706
50868.0,-6861.692462782065
50869.0,-6861.6863449464245
50870.0,-6861.680227110784
50871.0,-6861.674109275143
50872.0,-6861.667991439502
50873.0,-6861.661873603861
50874.0,-6861.65575576822
50875.0,-6861.649637932579
50876.0,-6861.643520096938
50877.0,-6861.637402261297
50878.0,-6861.631284425656
50879.0,-6861.625166590015
50880.0,-6861.6190487543745
50881.0,-6861.612930918734
50882.0,-6861.606813083093
50883.0,-6861.600695247452
50884.0,-6861.594577411811
50885.0,-6861.58845957617
50886.0,-6861.582341740529
50887.0,-6861.576223904888
50888.0,-6861.570106069247
50889.0,-6861.563988233606
50890.0,-6861.557870397965
50891.0,-6861.5517525623245
50892.0,-6861.545634726684
50893.0,-6861.539516891043
50894.0,-6861.533399055402
50895.0,-6861.527281219761
50896.0,-6861.52116338412
50897.0,-6861.515045548479
50898.0,-6861.508927712838
50899.0,-6861.502809877197
50900.0,-6861.496692041556
50901.0,-6861.490574205915
50902.0,-6861.4844563702745
50903.0,-6861.478338534634
50904.0,-6861.472220698993
50905.0,-6861.466102863352
50906.0,-6861.459985027711
50907.0,-6861.45386719207
50908.0,-6861.447749356429
50909.0,-6861.441631520788
50910.0,-6861.435513685147
50911.0,-6861.429395849506
50912.0,-6861.4232780138655
50913.0,-6861.417160178225
50914.0,-6861.411042342584
50915.0,-6861.404924506943
50916.0,-6861.398806671302
50917.0,-6861.392688835661
50918.0,-6861.38657100002
50919.0,-6861.380453164379
50920.0,-6861.374335328738
50921.0,-6861.368217493097
50922.0,-6861.362099657456
50923.0,-6861.3559818218155
50924.0,-6861.349863986175
50925.0,-6861.343746150534
50926.0,-6861.337628314893
50927.0,-6861.331510479252
50928.0,-6861.325392643611
50929.0,-6861.31927480797
50930.0,-6861.313156972329
50931.0,-6861.307039136688
50932.0,-6861.300921301047
50933.0,-6861.294803465406
50934.0,-6861.2886856297655
50935.0,-6861.282567794125
50936.0,-6861.276449958484
50937.0,-6861.270332122843
50938.0,-6861.264214287202
50939.0,-6861.258096451561
50940.0,-6861.25197861592
50941.0,-6861.245860780279
50942.0,-6861.239742944638
50943.0,-6861.233625108997
50944.0,-6861.227507273356
50945.0,-6861.2213894377155
50946.0,-6861.215271602075
50947.0,-6861.209153766434
50948.0,-6861.203035930793
50949.0,-6861.196918095152
50950.0,-6861.190800259511
50951.0,-6861.18468242387
50952.0,-6861.178564588229
50953.0,-6861.172446752588
50954.0,-6861.166328916947
50955.0,-6861.160211081306
50956.0,-6861.1540932456655
50957.0,-6861.147975410025
50958.0,-6861.141857574384
50959.0,-6861.135739738743
50960.0,-6861.129621903102
50961.0,-6861.123504067461
50962.0,-6861.11738623182
50963.0,-6861.111268396179
50964.0,-6861.105150560538
50965.0,-6861.099032724897
50966.0,-6861.0929148892565
50967.0,-6861.086797053616
50968.0,-6861.080679217975
50969.0,-6861.074561382334
50970.0,-6861.068443546693
50971.0,-6861.062325711052
50972.0,-6861.056207875411
50973.0,-6861.05009003977
50974.0,-6861.043972204129
50975.0,-6861.037854368488
50976.0,-6861.031736532847
50977.0,-6861.0256186972065
50978.0,-6861.019500861566
50979.0,-6861.013383025925
50980.0,-6861.007265190284
50981.0,-6861.001147354643
50982.0,-6860.995029519002
50983.0,-6860.988911683361
50984.0,-6860.98279384772
50985.0,-6860.976676012079
50986.0,-6860.970558176438
50987.0,-6860.964440340797
50988.0,-6860.9583225051565
50989.0,-6860.952204669516
50990.0,-6860.946086833875
50991.0,-6860.939968998234
50992.0,-6860.933851162593
50993.0,-6860.927733326952
50994.0,-6860.921615491311
50995.0,-6860.91549765567
50996.0,-6860.909379820029
50997.0,-6860.903261984388
50998.0,-6860.897144148747
50999.0,-6860.8910263131065
51000.0,-6860.884908477466
51001.0,-6860.878790641825
51002.0,-6860.872672806184
51003.0,-6860.866554970543
51004.0,-6860.860437134902
51005.0,-6860.854319299261
51006.0,-6860.84820146362
51007.0,-6860.842083627979
51008.0,-6860.835965792338
51009.0,-6860.829847956697
51010.0,-6860.8237301210565
51011.0,-6860.817612285416
51012.0,-6860.811494449775
51013.0,-6860.805376614134
51014.0,-6860.799258778493
51015.0,-6860.793140942852
51016.0,-6860.787023107211
51017.0,-6860.78090527157
51018.0,-6860.774787435929
51019.0,-6860.768669600288
51020.0,-6860.7625517646475
51021.0,-6860.756433929007
51022.0,-6860.750316093366
51023.0,-6860.744198257725
51024.0,-6860.738080422084
51025.0,-6860.731962586443
51026.0,-6860.725844750802
51027.0,-6860.719726915161
51028.0,-6860.71360907952
51029.0,-6860.707491243879
51030.0,-6860.701373408238
51031.0,-6860.6952555725975
51032.0,-6860.689137736957
51033.0,-6860.683019901316
51034.0,-6860.676902065675
51035.0,-6860.670784230034
51036.0,-6860.664666394393
51037.0,-6860.658548558752
51038.0,-6860.652430723111
51039.0,-6860.64631288747
51040.0,-6860.640195051829
51041.0,-6860.634077216188
51042.0,-6860.6279593805475
51043.0,-6860.621841544907
51044.0,-6860.615723709266
51045.0,-6860.609605873625
51046.0,-6860.603488037984
51047.0,-6860.597370202343
51048.0,-6860.591252366702
51049.0,-6860.585134531061
51050.0,-6860.57901669542
51051.0,-6860.572898859779
51052.0,-6860.566781024138
51053.0,-6860.5606631884975
51054.0,-6860.554545352857
51055.0,-6860.548427517216
51056.0,-6860.542309681575
51057.0,-6860.536191845934
51058.0,-6860.530074010293
51059.0,-6860.523956174652
51060.0,-6860.517838339011
51061.0,-6860.51172050337
51062.0,-6860.505602667729
51063.0,-6860.4994848320885
51064.0,-6860.493366996448
51065.0,-6860.487249160807
51066.0,-6860.481131325166
51067.0,-6860.475013489525
51068.0,-6860.468895653884
51069.0,-6860.462777818243
51070.0,-6860.456659982602
51071.0,-6860.450542146961
51072.0,-6860.44442431132
51073.0,-6860.438306475679
51074.0,-6860.4321886400385
51075.0,-6860.426070804398
51076.0,-6860.419952968757
51077.0,-6860.413835133116
51078.0,-6860.407717297475
51079.0,-6860.401599461834
51080.0,-6860.395481626193
51081.0,-6860.389363790552
51082.0,-6860.383245954911
51083.0,-6860.37712811927
51084.0,-6860.371010283629
51085.0,-6860.3648924479885
51086.0,-6860.358774612348
51087.0,-6860.352656776707
51088.0,-6860.346538941066
51089.0,-6860.340421105425
51090.0,-6860.334303269784
51091.0,-6860.328185434143
51092.0,-6860.322067598502
51093.0,-6860.315949762861
51094.0,-6860.30983192722
51095.0,-6860.303714091579
51096.0,-6860.2975962559385
51097.0,-6860.291478420298
51098.0,-6860.285360584657
51099.0,-6860.279242749016
51100.0,-6860.273124913375
51101.0,-6860.267007077734
51102.0,-6860.260889242093
51103.0,-6860.254771406452
51104.0,-6860.248653570811
51105.0,-6860.24253573517
51106.0,-6860.236417899529
51107.0,-6860.2303000638885
51108.0,-6860.224182228248
51109.0,-6860.218064392607
51110.0,-6860.211946556966
51111.0,-6860.205828721325
51112.0,-6860.199710885684
51113.0,-6860.193593050043
51114.0,-6860.187475214402
51115.0,-6860.181357378761
51116.0,-6860.17523954312
51117.0,-6860.1691217074795
51118.0,-6860.163003871839
51119.0,-6860.156886036198
51120.0,-6860.150768200557
51121.0,-6860.144650364916
51122.0,-6860.138532529275
51123.0,-6860.132414693634
51124.0,-6860.126296857993
51125.0,-6860.120179022352
51126.0,-6860.114061186711
51127.0,-6860.10794335107
51128.0,-6860.1018255154295
51129.0,-6860.095707679789
51130.0,-6860.089589844148
51131.0,-6860.083472008507
51132.0,-6860.077354172866
51133.0,-6860.071236337225
51134.0,-6860.065118501584
51135.0,-6860.059000665943
51136.0,-6860.052882830302
51137.0,-6860.046764994661
51138.0,-6860.04064715902
51139.0,-6860.0345293233795
51140.0,-6860.028411487739
51141.0,-6860.022293652098
51142.0,-6860.016175816457
51143.0,-6860.010057980816
51144.0,-6860.003940145175
51145.0,-6859.997822309534
51146.0,-6859.991704473893
51147.0,-6859.985586638252
51148.0,-6859.979468802611
51149.0,-6859.97335096697
51150.0,-6859.9672331313295
51151.0,-6859.961115295689
51152.0,-6859.954997460048
51153.0,-6859.948879624407
51154.0,-6859.942761788766
51155.0,-6859.936643953125
51156.0,-6859.930526117484
51157.0,-6859.924408281843
51158.0,-6859.918290446202
51159.0,-6859.912172610561
51160.0,-6859.90605477492
51161.0,-6859.8999369392795
51162.0,-6859.893819103639
51163.0,-6859.887701267998
51164.0,-6859.881583432357
51165.0,-6859.875465596716
51166.0,-6859.869347761075
51167.0,-6859.863229925434
51168.0,-6859.857112089793
51169.0,-6859.850994254152
51170.0,-6859.844876418511
51171.0,-6859.8387585828705
51172.0,-6859.83264074723
51173.0,-6859.826522911589
51174.0,-6859.820405075948
51175.0,-6859.814287240307
51176.0,-6859.808169404666
51177.0,-6859.802051569025
51178.0,-6859.795933733384
51179.0,-6859.789815897743
51180.0,-6859.783698062102
51181.0,-6859.777580226461
51182.0,-6859.7714623908205
51183.0,-6859.76534455518
51184.0,-6859.759226719539
51185.0,-6859.753108883898
51186.0,-6859.746991048257
51187.0,-6859.740873212616
51188.0,-6859.734755376975
51189.0,-6859.728637541334
51190.0,-6859.722519705693
51191.0,-6859.716401870052
51192.0,-6859.710284034411
51193.0,-6859.7041661987705
51194.0,-6859.69804836313
51195.0,-6859.691930527489
51196.0,-6859.685812691848
51197.0,-6859.679694856207
51198.0,-6859.673577020566
51199.0,-6859.667459184925
51200.0,-6859.661341349284
51201.0,-6859.67774519821
51202.0,-6859.694149047136
51203.0,-6859.710552896063
51204.0,-6859.7269567449885
51205.0,-6859.743360593915
51206.0,-6859.7597644428415
51207.0,-6859.776168291767
51208.0,-6859.792572140694
51209.0,-6859.80897598962
51210.0,-6859.825379838546
51211.0,-6859.841783687472
51212.0,-6859.858187536399
51213.0,-6859.8745913853245
51214.0,-6859.890995234251
51215.0,-6859.907399083178
51216.0,-6859.923802932103
51217.0,-6859.94020678103
51218.0,-6859.956610629956
51219.0,-6859.973014478882
51220.0,-6859.989418327808
51221.0,-6860.005822176735
51222.0,-6860.0222260256605
51223.0,-6860.038629874587
51224.0,-6860.055033723514
51225.0,-6860.071437572439
51226.0,-6860.087841421366
51227.0,-6860.104245270292
51228.0,-6860.120649119218
51229.0,-6860.137052968144
51230.0,-6860.153456817071
51231.0,-6860.169860665997
51232.0,-6860.186264514923
51233.0,-6860.20266836385
51234.0,-6860.219072212775
51235.0,-6860.235476061702
51236.0,-6860.251879910628
51237.0,-6860.268283759554
51238.0,-6860.28468760848
51239.0,-6860.301091457407
51240.0,-6860.317495306333
51241.0,-6860.333899155259
51242.0,-6860.350303004186
51243.0,-6860.366706853111
51244.0,-6860.383110702038
51245.0,-6860.399514550964
51246.0,-6860.41591839989
51247.0,-6860.4323222488165
51248.0,-6860.448726097743
51249.0,-6860.465129946669
51250.0,-6860.481533795595
51251.0,-6860.497937644522
51252.0,-6860.514341493447
51253.0,-6860.530745342374
51254.0,-6860.5471491913
51255.0,-6860.563553040226
51256.0,-6860.5799568891525
51257.0,-6860.596360738079
51258.0,-6860.612764587005
51259.0,-6860.629168435931
51260.0,-6860.645572284858
51261.0,-6860.661976133783
51262.0,-6860.67837998271
51263.0,-6860.694783831636
51264.0,-6860.711187680562
51265.0,-6860.727591529489
51266.0,-6860.743995378415
51267.0,-6860.760399227341
51268.0,-6860.776803076267
51269.0,-6860.793206925194
51270.0,-6860.809610774119
51271.0,-6860.826014623046
51272.0,-6860.842418471972
51273.0,-6860.858822320898
51274.0,-6860.875226169825
51275.0,-6860.891630018751
51276.0,-6860.908033867677
51277.0,-6860.924437716603
51278.0,-6860.94084156553
51279.0,-6860.957245414455
51280.0,-6860.973649263382
51281.0,-6860.9900531123085
51282.0,-6861.006456961234
51283.0,-6861.022860810161
51284.0,-6861.039264659087
51285.0,-6861.055668508013
51286.0,-6861.072072356939
51287.0,-6861.088476205866
51288.0,-6861.1048800547915
51289.0,-6861.121283903718
51290.0,-6861.1376877526445
51291.0,-6861.15409160157
51292.0,-6861.170495450497
51293.0,-6861.186899299423
51294.0,-6861.203303148349
51295.0,-6861.219706997275
51296.0,-6861.236110846202
51297.0,-6861.2525146951275
51298.0,-6861.268918544054
51299.0,-6861.285322392981
51300.0,-6861.301726241906
51301.0,-6861.318130090833
51302.0,-6861.334533939759
51303.0,-6861.350937788685
51304.0,-6861.367341637611
51305.0,-6861.383745486538
51306.0,-6861.4001493354635
51307.0,-6861.41655318439
51308.0,-6861.432957033317
51309.0,-6861.449360882242
51310.0,-6861.465764731169
51311.0,-6861.482168580095
51312.0,-6861.498572429021
51313.0,-6861.514976277947
51314.0,-6861.531380126874
51315.0,-6861.5477839758
51316.0,-6861.564187824726
51317.0,-6861.580591673653
51318.0,-6861.596995522578
51319.0,-6861.613399371505
51320.0,-6861.629803220431
51321.0,-6861.646207069357
51322.0,-6861.6626109182835
51323.0,-6861.67901476721
51324.0,-6861.695418616136
51325.0,-6861.711822465062
51326.0,-6861.728226313989
51327.0,-6861.744630162914
51328.0,-6861.761034011841
51329.0,-6861.777437860767
51330.0,-6861.793841709693
51331.0,-6861.8102455586195
51332.0,-6861.826649407546
51333.0,-6861.843053256472
51334.0,-6861.859457105398
51335.0,-6861.875860954325
51336.0,-6861.89226480325
51337.0,-6861.908668652177
51338.0,-6861.925072501103
51339.0,-6861.941476350029
51340.0,-6861.9578801989555
51341.0,-6861.974284047882
51342.0,-6861.990687896808
51343.0,-6862.007091745734
51344.0,-6862.023495594661
51345.0,-6862.039899443586
51346.0,-6862.056303292513
51347.0,-6862.072707141439
51348.0,-6862.089110990365
51349.0,-6862.105514839292
51350.0,-6862.121918688218
51351.0,-6862.138322537144
51352.0,-6862.15472638607
51353.0,-6862.171130234997
51354.0,-6862.187534083922
51355.0,-6862.203937932849
51356.0,-6862.2203417817755
51357.0,-6862.236745630701
51358.0,-6862.253149479628
51359.0,-6862.269553328554
51360.0,-6862.28595717748
51361.0,-6862.302361026406
51362.0,-6862.318764875333
51363.0,-6862.335168724258
51364.0,-6862.351572573185
51365.0,-6862.3679764221115
51366.0,-6862.384380271037
51367.0,-6862.400784119964
51368.0,-6862.41718796889
51369.0,-6862.433591817816
51370.0,-6862.449995666742
51371.0,-6862.466399515669
51372.0,-6862.4828033645945
51373.0,-6862.499207213521
51374.0,-6862.5156110624475
51375.0,-6862.532014911373
51376.0,-6862.5484187603
51377.0,-6862.564822609226
51378.0,-6862.581226458152
51379.0,-6862.597630307078
51380.0,-6862.614034156005
51381.0,-6862.6304380049305
51382.0,-6862.646841853857
51383.0,-6862.663245702784
51384.0,-6862.679649551709
51385.0,-6862.696053400636
51386.0,-6862.712457249562
51387.0,-6862.728861098488
51388.0,-6862.745264947414
51389.0,-6862.761668796341
51390.0,-6862.778072645267
51391.0,-6862.794476494193
51392.0,-6862.81088034312
51393.0,-6862.827284192045
51394.0,-6862.843688040972
51395.0,-6862.860091889898
51396.0,-6862.876495738824
51397.0,-6862.89289958775
51398.0,-6862.909303436677
51399.0,-6862.925707285603
51400.0,-6862.942111134529
51401.0,-6862.958514983456
51402.0,-6862.974918832381
51403.0,-6862.991322681308
51404.0,-6863.007726530234
51405.0,-6863.02413037916
51406.0,-6863.0405342280865
51407.0,-6863.056938077013
51408.0,-6863.073341925939
51409.0,-6863.089745774865
51410.0,-6863.106149623792
51411.0,-6863.122553472717
51412.0,-6863.138957321644
51413.0,-6863.15536117057
51414.0,-6863.171765019496
51415.0,-6863.1881688684225
51416.0,-6863.204572717349
51417.0,-6863.220976566275
51418.0,-6863.237380415201
51419.0,-6863.253784264128
51420.0,-6863.270188113053
51421.0,-6863.28659196198
51422.0,-6863.302995810906
51423.0,-6863.319399659832
51424.0,-6863.3358035087585
51425.0,-6863.352207357685
51426.0,-6863.368611206611
51427.0,-6863.385015055537
51428.0,-6863.401418904464
51429.0,-6863.417822753389
51430.0,-6863.434226602316
51431.0,-6863.450630451242
51432.0,-6863.467034300168
51433.0,-6863.483438149095
51434.0,-6863.499841998021
51435.0,-6863.516245846947
51436.0,-6863.532649695873
51437.0,-6863.5490535448
51438.0,-6863.565457393725
51439.0,-6863.581861242652
51440.0,-6863.5982650915785
51441.0,-6863.614668940504
51442.0,-6863.631072789431
51443.0,-6863.647476638357
51444.0,-6863.663880487283
51445.0,-6863.680284336209
51446.0,-6863.696688185136
51447.0,-6863.713092034061
51448.0,-6863.729495882988
51449.0,-6863.7458997319145
51450.0,-6863.76230358084
51451.0,-6863.778707429767
51452.0,-6863.795111278693
51453.0,-6863.811515127619
51454.0,-6863.827918976545
51455.0,-6863.844322825472
51456.0,-6863.8607266743975
51457.0,-6863.877130523324
51458.0,-6863.8935343722505
51459.0,-6863.909938221176
51460.0,-6863.926342070103
51461.0,-6863.942745919029
51462.0,-6863.959149767955
51463.0,-6863.975553616881
51464.0,-6863.991957465808
51465.0,-6864.0083613147335
51466.0,-6864.02476516366
51467.0,-6864.041169012587
51468.0,-6864.057572861512
51469.0,-6864.073976710439
51470.0,-6864.090380559365
51471.0,-6864.106784408291
51472.0,-6864.123188257217
51473.0,-6864.139592106144
51474.0,-6864.15599595507
51475.0,-6864.172399803996
51476.0,-6864.188803652923
51477.0,-6864.205207501848
51478.0,-6864.221611350775
51479.0,-6864.238015199701
51480.0,-6864.254419048627
51481.0,-6864.270822897553
51482.0,-6864.28722674648
51483.0,-6864.303630595406
51484.0,-6864.320034444332
51485.0,-6864.336438293259
51486.0,-6864.352842142184
51487.0,-6864.369245991111
51488.0,-6864.385649840037
51489.0,-6864.402053688963
51490.0,-6864.4184575378895
51491.0,-6864.434861386816
51492.0,-6864.451265235742
51493.0,-6864.467669084668
51494.0,-6864.484072933595
51495.0,-6864.50047678252
51496.0,-6864.516880631447
51497.0,-6864.533284480373
51498.0,-6864.549688329299
51499.0,-6864.5660921782255
51500.0,-6864.582496027152
51501.0,-6864.598899876078
51502.0,-6864.615303725004
51503.0,-6864.631707573931
51504.0,-6864.648111422856
51505.0,-6864.664515271783
51506.0,-6864.680919120709
51507.0,-6864.697322969635
51508.0,-6864.713726818562
51509.0,-6864.730130667488
51510.0,-6864.746534516414
51511.0,-6864.76293836534
51512.0,-6864.779342214267
51513.0,-6864.795746063192
51514.0,-6864.812149912119
51515.0,-6864.828553761045
51516.0,-6864.844957609971
51517.0,-6864.861361458898
51518.0,-6864.877765307824
51519.0,-6864.89416915675
51520.0,-6864.910573005676
51521.0,-6864.926976854603
51522.0,-6864.943380703528
51523.0,-6864.959784552455
51524.0,-6864.9761884013815
51525.0,-6864.992592250307
51526.0,-6865.008996099234
51527.0,-6865.02539994816
51528.0,-6865.041803797086
51529.0,-6865.058207646012
51530.0,-6865.074611494939
51531.0,-6865.0910153438645
51532.0,-6865.107419192791
51533.0,-6865.1238230417175
51534.0,-6865.140226890643
51535.0,-6865.15663073957
51536.0,-6865.173034588496
51537.0,-6865.189438437422
51538.0,-6865.205842286348
51539.0,-6865.222246135275
51540.0,-6865.2386499842005
51541.0,-6865.255053833127
51542.0,-6865.271457682054
51543.0,-6865.287861530979
51544.0,-6865.304265379906
51545.0,-6865.320669228832
51546.0,-6865.337073077758
51547.0,-6865.353476926684
51548.0,-6865.369880775611
51549.0,-6865.3862846245365
51550.0,-6865.402688473463
51551.0,-6865.41909232239
51552.0,-6865.435496171315
51553.0,-6865.451900020242
51554.0,-6865.468303869168
51555.0,-6865.484707718094
51556.0,-6865.50111156702
51557.0,-6865.517515415947
51558.0,-6865.533919264873
51559.0,-6865.550323113799
51560.0,-6865.566726962726
51561.0,-6865.583130811651
51562.0,-6865.599534660578
51563.0,-6865.615938509504
51564.0,-6865.63234235843
51565.0,-6865.648746207356
51566.0,-6865.665150056283
51567.0,-6865.681553905209
51568.0,-6865.697957754135
51569.0,-6865.714361603062
51570.0,-6865.730765451987
51571.0,-6865.747169300914
51572.0,-6865.76357314984
51573.0,-6865.779976998766
51574.0,-6865.7963808476925
51575.0,-6865.812784696619
51576.0,-6865.829188545545
51577.0,-6865.845592394471
51578.0,-6865.861996243398
51579.0,-6865.878400092323
51580.0,-6865.89480394125
51581.0,-6865.911207790176
51582.0,-6865.927611639102
51583.0,-6865.9440154880285
51584.0,-6865.960419336955
51585.0,-6865.976823185881
51586.0,-6865.993227034807
51587.0,-6866.009630883734
51588.0,-6866.026034732659
51589.0,-6866.042438581586
51590.0,-6866.058842430512
51591.0,-6866.075246279438
51592.0,-6866.091650128365
51593.0,-6866.108053977291
51594.0,-6866.124457826217
51595.0,-6866.140861675143
51596.0,-6866.15726552407
51597.0,-6866.173669372995
51598.0,-6866.190073221922
51599.0,-6866.206477070848
51600.0,-6866.222880919774
51601.0,-6866.239284768701
51602.0,-6866.255688617627
51603.0,-6866.272092466553
51604.0,-6866.288496315479
51605.0,-6866.304900164406
51606.0,-6866.321304013331
51607.0,-6866.337707862258
51608.0,-6866.3541117111845
51609.0,-6866.37051556011
51610.0,-6866.386919409037
51611.0,-6866.403323257963
51612.0,-6866.419727106889
51613.0,-6866.436130955815
51614.0,-6866.452534804742
51615.0,-6866.4689386536675
51616.0,-6866.485342502594
51617.0,-6866.5017463515205
51618.0,-6866.518150200446
51619.0,-6866.534554049373
51620.0,-6866.550957898299
51621.0,-6866.567361747225
51622.0,-6866.583765596151
51623.0,-6866.600169445078
51624.0,-6866.6165732940035
51625.0,-6866.63297714293
51626.0,-6866.649380991857
51627.0,-6866.665784840782
51628.0,-6866.682188689709
51629.0,-6866.698592538635
51630.0,-6866.714996387561
51631.0,-6866.731400236487
51632.0,-6866.747804085414
51633.0,-6866.7642079343395
51634.0,-6866.780611783266
51635.0,-6866.797015632193
51636.0,-6866.813419481118
51637.0,-6866.829823330045
51638.0,-6866.846227178971
51639.0,-6866.862631027897
51640.0,-6866.879034876823
51641.0,-6866.89543872575
51642.0,-6866.911842574676
51643.0,-6866.928246423602
51644.0,-6866.944650272529
51645.0,-6866.961054121454
51646.0,-6866.977457970381
51647.0,-6866.993861819307
51648.0,-6867.010265668233
51649.0,-6867.0266695171595
51650.0,-6867.043073366086
51651.0,-6867.059477215012
51652.0,-6867.075881063938
51653.0,-6867.092284912865
51654.0,-6867.10868876179
51655.0,-6867.125092610717
51656.0,-6867.141496459643
51657.0,-6867.157900308569
51658.0,-6867.1743041574955
51659.0,-6867.190708006422
51660.0,-6867.207111855348
51661.0,-6867.223515704274
51662.0,-6867.239919553201
51663.0,-6867.256323402126
51664.0,-6867.272727251053
51665.0,-6867.289131099979
51666.0,-6867.305534948905
51667.0,-6867.3219387978315
51668.0,-6867.338342646758
51669.0,-6867.354746495684
51670.0,-6867.37115034461
51671.0,-6867.387554193537
51672.0,-6867.403958042462
51673.0,-6867.420361891389
51674.0,-6867.436765740315
51675.0,-6867.453169589241
51676.0,-6867.469573438168
51677.0,-6867.485977287094
51678.0,-6867.50238113602
51679.0,-6867.518784984946
51680.0,-6867.535188833873
51681.0,-6867.551592682798
51682.0,-6867.567996531725
51683.0,-6867.5844003806515
51684.0,-6867.600804229577
51685.0,-6867.617208078504
51686.0,-6867.63361192743
51687.0,-6867.650015776356
51688.0,-6867.666419625282
51689.0,-6867.682823474209
51690.0,-6867.699227323134
51691.0,-6867.715631172061
51692.0,-6867.7320350209875
51693.0,-6867.748438869913
51694.0,-6867.76484271884
51695.0,-6867.781246567766
51696.0,-6867.797650416692
51697.0,-6867.814054265618
51698.0,-6867.830458114545
51699.0,-6867.8468619634705
51700.0,-6867.863265812397
51701.0,-6867.8796696613235
51702.0,-6867.896073510249
51703.0,-6867.912477359176
51704.0,-6867.928881208102
51705.0,-6867.945285057028
51706.0,-6867.961688905954
51707.0,-6867.978092754881
51708.0,-6867.9944966038065
51709.0,-6868.010900452733
51710.0,-6868.02730430166
51711.0,-6868.043708150585
51712.0,-6868.060111999512
51713.0,-6868.076515848438
51714.0,-6868.092919697364
51715.0,-6868.10932354629
51716.0,-6868.125727395217
51717.0,-6868.142131244143
51718.0,-6868.158535093069
51719.0,-6868.174938941996
51720.0,-6868.191342790921
51721.0,-6868.207746639848
51722.0,-6868.224150488774
51723.0,-6868.2405543377
51724.0,-6868.256958186626
51725.0,-6868.273362035553
51726.0,-6868.289765884479
51727.0,-6868.306169733405
51728.0,-6868.322573582332
51729.0,-6868.338977431257
51730.0,-6868.355381280184
51731.0,-6868.37178512911
51732.0,-6868.388188978036
51733.0,-6868.4045928269625
51734.0,-6868.420996675889
51735.0,-6868.437400524815
51736.0,-6868.453804373741
51737.0,-6868.470208222668
51738.0,-6868.486612071593
51739.0,-6868.50301592052
51740.0,-6868.519419769446
51741.0,-6868.535823618372
51742.0,-6868.5522274672985
51743.0,-6868.568631316225
51744.0,-6868.585035165151
51745.0,-6868.601439014077
51746.0,-6868.617842863004
51747.0,-6868.634246711929
51748.0,-6868.650650560856
51749.0,-6868.667054409782
51750.0,-6868.683458258708
51751.0,-6868.6998621076345
51752.0,-6868.716265956561
51753.0,-6868.732669805487
51754.0,-6868.749073654413
51755.0,-6868.76547750334
51756.0,-6868.781881352265
51757.0,-6868.798285201192
51758.0,-6868.814689050118
51759.0,-6868.831092899044
51760.0,-6868.847496747971
51761.0,-6868.863900596897
51762.0,-6868.880304445823
51763.0,-6868.896708294749
51764.0,-6868.913112143676
51765.0,-6868.929515992601
51766.0,-6868.945919841528
51767.0,-6868.9623236904545
51768.0,-6868.97872753938
51769.0,-6868.995131388307
51770.0,-6869.011535237233
51771.0,-6869.027939086159
51772.0,-6869.044342935085
51773.0,-6869.060746784012
51774.0,-6869.077150632937
51775.0,-6869.093554481864
51776.0,-6869.1099583307905
51777.0,-6869.126362179716
51778.0,-6869.142766028643
51779.0,-6869.159169877569
51780.0,-6869.175573726495
51781.0,-6869.191977575421
51782.0,-6869.208381424348
51783.0,-6869.2247852732735
51784.0,-6869.2411891222
51785.0,-6869.2575929711265
51786.0,-6869.273996820052
51787.0,-6869.290400668979
51788.0,-6869.306804517905
51789.0,-6869.323208366831
51790.0,-6869.339612215757
51791.0,-6869.356016064684
51792.0,-6869.3724199136095
51793.0,-6869.388823762536
51794.0,-6869.405227611463
51795.0,-6869.421631460388
51796.0,-6869.438035309315
51797.0,-6869.454439158241
51798.0,-6869.470843007167
51799.0,-6869.487246856093
51800.0,-6869.50365070502
51801.0,-6869.520054553946
51802.0,-6869.536458402872
51803.0,-6869.552862251799
51804.0,-6869.569266100724
51805.0,-6869.585669949651
51806.0,-6869.602073798577
51807.0,-6869.618477647503
51808.0,-6869.634881496429
51809.0,-6869.651285345356
51810.0,-6869.667689194282
51811.0,-6869.684093043208
51812.0,-6869.700496892135
51813.0,-6869.71690074106
51814.0,-6869.733304589987
51815.0,-6869.749708438913
51816.0,-6869.766112287839
51817.0,-6869.7825161367655
51818.0,-6869.798919985692
51819.0,-6869.815323834618
51820.0,-6869.831727683544
51821.0,-6869.848131532471
51822.0,-6869.864535381396
51823.0,-6869.880939230323
51824.0,-6869.897343079249
51825.0,-6869.913746928175
51826.0,-6869.9301507771015
51827.0,-6869.946554626028
51828.0,-6869.962958474954
51829.0,-6869.97936232388
51830.0,-6869.995766172807
51831.0,-6870.012170021732
51832.0,-6870.028573870659
51833.0,-6870.044977719585
51834.0,-6870.061381568511
51835.0,-6870.077785417438
51836.0,-6870.094189266364
51837.0,-6870.11059311529
51838.0,-6870.126996964216
51839.0,-6870.143400813143
51840.0,-6870.159804662068
51841.0,-6870.176208510995
51842.0,-6870.192612359921
51843.0,-6870.209016208847
51844.0,-6870.225420057774
51845.0,-6870.2418239067
51846.0,-6870.258227755626
51847.0,-6870.274631604552
51848.0,-6870.291035453479
51849.0,-6870.307439302404
51850.0,-6870.323843151331
51851.0,-6870.3402470002575
51852.0,-6870.356650849183
51853.0,-6870.37305469811
51854.0,-6870.389458547036
51855.0,-6870.405862395962
51856.0,-6870.422266244888
51857.0,-6870.438670093815
51858.0,-6870.4550739427405
51859.0,-6870.471477791667
51860.0,-6870.4878816405935
51861.0,-6870.504285489519
51862.0,-6870.520689338446
51863.0,-6870.537093187372
51864.0,-6870.553497036298
51865.0,-6870.569900885224
51866.0,-6870.586304734151
51867.0,-6870.6027085830765
51868.0,-6870.619112432003
51869.0,-6870.63551628093
51870.0,-6870.651920129855
51871.0,-6870.668323978782
51872.0,-6870.684727827708
51873.0,-6870.701131676634
51874.0,-6870.71753552556
51875.0,-6870.733939374487
51876.0,-6870.7503432234125
51877.0,-6870.766747072339
51878.0,-6870.783150921266
51879.0,-6870.799554770191
51880.0,-6870.815958619118
51881.0,-6870.832362468044
51882.0,-6870.84876631697
51883.0,-6870.865170165896
51884.0,-6870.881574014823
51885.0,-6870.897977863749
51886.0,-6870.914381712675
51887.0,-6870.930785561602
51888.0,-6870.947189410527
51889.0,-6870.963593259454
51890.0,-6870.97999710838
51891.0,-6870.996400957306
51892.0,-6871.012804806232
51893.0,-6871.029208655159
51894.0,-6871.045612504085
51895.0,-6871.062016353011
51896.0,-6871.078420201938
51897.0,-6871.094824050863
51898.0,-6871.11122789979
51899.0,-6871.127631748716
51900.0,-6871.144035597642
51901.0,-6871.1604394465685
51902.0,-6871.176843295495
51903.0,-6871.193247144421
51904.0,-6871.209650993347
51905.0,-6871.226054842274
51906.0,-6871.242458691199
51907.0,-6871.258862540126
51908.0,-6871.275266389052
51909.0,-6871.291670237978
51910.0,-6871.3080740869045
51911.0,-6871.324477935831
51912.0,-6871.340881784757
51913.0,-6871.357285633683
51914.0,-6871.37368948261
51915.0,-6871.390093331535
51916.0,-6871.406497180462
51917.0,-6871.422901029388
51918.0,-6871.439304878314
51919.0,-6871.455708727241
51920.0,-6871.472112576167
51921.0,-6871.488516425093
51922.0,-6871.504920274019
51923.0,-6871.521324122946
51924.0,-6871.537727971871
51925.0,-6871.554131820798
51926.0,-6871.570535669724
51927.0,-6871.58693951865
51928.0,-6871.603343367577
51929.0,-6871.619747216503
51930.0,-6871.636151065429
51931.0,-6871.652554914355
51932.0,-6871.668958763282
51933.0,-6871.685362612207
51934.0,-6871.701766461134
51935.0,-6871.7181703100605
51936.0,-6871.734574158986
51937.0,-6871.750978007913
51938.0,-6871.767381856839
51939.0,-6871.783785705765
51940.0,-6871.800189554691
51941.0,-6871.816593403618
51942.0,-6871.8329972525435
51943.0,-6871.84940110147
51944.0,-6871.8658049503965
51945.0,-6871.882208799322
51946.0,-6871.898612648249
51947.0,-6871.915016497175
51948.0,-6871.931420346101
51949.0,-6871.947824195027
51950.0,-6871.964228043954
51951.0,-6871.9806318928795
51952.0,-6871.997035741806
51953.0,-6872.013439590733
51954.0,-6872.029843439658
51955.0,-6872.046247288585
51956.0,-6872.062651137511
51957.0,-6872.079054986437
51958.0,-6872.095458835363
51959.0,-6872.11186268429
51960.0,-6872.1282665332155
51961.0,-6872.144670382142
51962.0,-6872.161074231069
51963.0,-6872.177478079994
51964.0,-6872.193881928921
51965.0,-6872.210285777847
51966.0,-6872.226689626773
51967.0,-6872.243093475699
51968.0,-6872.259497324626
51969.0,-6872.275901173552
51970.0,-6872.292305022478
51971.0,-6872.308708871405
51972.0,-6872.32511272033
51973.0,-6872.341516569257
51974.0,-6872.357920418183
51975.0,-6872.374324267109
51976.0,-6872.3907281160355
51977.0,-6872.407131964962
51978.0,-6872.423535813888
51979.0,-6872.439939662814
51980.0,-6872.456343511741
51981.0,-6872.472747360666
51982.0,-6872.489151209593
51983.0,-6872.505555058519
51984.0,-6872.521958907445
51985.0,-6872.5383627563715
51986.0,-6872.554766605298
51987.0,-6872.571170454224
51988.0,-6872.58757430315
51989.0,-6872.603978152077
51990.0,-6872.620382001002
51991.0,-6872.636785849929
51992.0,-6872.653189698855
51993.0,-6872.669593547781
51994.0,-6872.6859973967075
51995.0,-6872.702401245634
51996.0,-6872.71880509456
51997.0,-6872.735208943486
51998.0,-6872.751612792413
51999.0,-6872.768016641338
52000.0,-6872.784420490265
52001.0,-6872.800824339191
52002.0,-6872.817228188117
52003.0,-6872.833632037044
52004.0,-6872.85003588597
52005.0,-6872.866439734896
52006.0,-6872.882843583822
52007.0,-6872.899247432749
52008.0,-6872.915651281674
52009.0,-6872.932055130601
52010.0,-6872.9484589795275
52011.0,-6872.964862828453
52012.0,-6872.98126667738
52013.0,-6872.997670526306
52014.0,-6873.014074375232
52015.0,-6873.030478224158
52016.0,-6873.046882073085
52017.0,-6873.06328592201
52018.0,-6873.079689770937
52019.0,-6873.0960936198635
52020.0,-6873.112497468789
52021.0,-6873.128901317716
52022.0,-6873.145305166642
52023.0,-6873.161709015568
52024.0,-6873.178112864494
52025.0,-6873.194516713421
52026.0,-6873.2109205623465
52027.0,-6873.227324411273
52028.0,-6873.2437282601995
52029.0,-6873.260132109125
52030.0,-6873.276535958052
52031.0,-6873.292939806978
52032.0,-6873.309343655904
52033.0,-6873.32574750483
52034.0,-6873.342151353757
52035.0,-6873.3585552026825
52036.0,-6873.374959051609
52037.0,-6873.391362900536
52038.0,-6873.407766749461
52039.0,-6873.424170598388
52040.0,-6873.440574447314
52041.0,-6873.45697829624
52042.0,-6873.473382145166
52043.0,-6873.489785994093
52044.0,-6873.506189843019
52045.0,-6873.522593691945
52046.0,-6873.538997540872
52047.0,-6873.555401389797
52048.0,-6873.571805238724
52049.0,-6873.58820908765
52050.0,-6873.604612936576
52051.0,-6873.621016785502
52052.0,-6873.637420634429
52053.0,-6873.653824483355
52054.0,-6873.670228332281
52055.0,-6873.686632181208
52056.0,-6873.703036030133
52057.0,-6873.71943987906
52058.0,-6873.735843727986
52059.0,-6873.752247576912
52060.0,-6873.7686514258385
52061.0,-6873.785055274765
52062.0,-6873.801459123691
52063.0,-6873.817862972617
52064.0,-6873.834266821544
52065.0,-6873.850670670469
52066.0,-6873.867074519396
52067.0,-6873.883478368322
52068.0,-6873.899882217248
52069.0,-6873.9162860661745
52070.0,-6873.932689915101
52071.0,-6873.949093764027
52072.0,-6873.965497612953
52073.0,-6873.98190146188
52074.0,-6873.998305310805
52075.0,-6874.014709159732
52076.0,-6874.031113008658
52077.0,-6874.047516857584
52078.0,-6874.0639207065105
52079.0,-6874.080324555437
52080.0,-6874.096728404363
52081.0,-6874.113132253289
52082.0,-6874.129536102216
52083.0,-6874.145939951141
52084.0,-6874.162343800068
52085.0,-6874.178747648994
52086.0,-6874.19515149792
52087.0,-6874.211555346847
52088.0,-6874.227959195773
52089.0,-6874.244363044699
52090.0,-6874.260766893625
52091.0,-6874.277170742552
52092.0,-6874.293574591477
52093.0,-6874.309978440404
52094.0,-6874.3263822893305
52095.0,-6874.342786138256
52096.0,-6874.359189987183
52097.0,-6874.375593836109
52098.0,-6874.391997685035
52099.0,-6874.408401533961
52100.0,-6874.424805382888
52101.0,-6874.441209231813
52102.0,-6874.45761308074
52103.0,-6874.4740169296665
52104.0,-6874.490420778592
52105.0,-6874.506824627519
52106.0,-6874.523228476445
52107.0,-6874.539632325371
52108.0,-6874.556036174297
52109.0,-6874.572440023224
52110.0,-6874.5888438721495
52111.0,-6874.605247721076
52112.0,-6874.6216515700025
52113.0,-6874.638055418928
52114.0,-6874.654459267855
52115.0,-6874.670863116781
52116.0,-6874.687266965707
52117.0,-6874.703670814633
52118.0,-6874.72007466356
52119.0,-6874.7364785124855
52120.0,-6874.752882361412
52121.0,-6874.769286210339
52122.0,-6874.785690059264
52123.0,-6874.802093908191
52124.0,-6874.818497757117
52125.0,-6874.834901606043
52126.0,-6874.851305454969
52127.0,-6874.867709303896
52128.0,-6874.884113152822
52129.0,-6874.900517001748
52130.0,-6874.916920850675
52131.0,-6874.9333246996
52132.0,-6874.949728548527
52133.0,-6874.966132397453
52134.0,-6874.982536246379
52135.0,-6874.998940095305
52136.0,-6875.015343944232
52137.0,-6875.031747793158
52138.0,-6875.048151642084
52139.0,-6875.064555491011
52140.0,-6875.080959339936
52141.0,-6875.097363188863
52142.0,-6875.113767037789
52143.0,-6875.130170886715
52144.0,-6875.1465747356415
52145.0,-6875.162978584568
52146.0,-6875.179382433494
52147.0,-6875.19578628242
52148.0,-6875.212190131347
52149.0,-6875.228593980272
52150.0,-6875.244997829199
52151.0,-6875.261401678125
52152.0,-6875.277805527051
52153.0,-6875.2942093759775
52154.0,-6875.310613224904
52155.0,-6875.32701707383
52156.0,-6875.343420922756
52157.0,-6875.359824771683
52158.0,-6875.376228620608
52159.0,-6875.392632469535
52160.0,-6875.409036318461
52161.0,-6875.425440167387
52162.0,-6875.441844016314
52163.0,-6875.45824786524
52164.0,-6875.474651714166
52165.0,-6875.491055563092
52166.0,-6875.507459412019
52167.0,-6875.523863260944
52168.0,-6875.540267109871
52169.0,-6875.556670958797
52170.0,-6875.573074807723
52171.0,-6875.58947865665
52172.0,-6875.605882505576
52173.0,-6875.622286354502
52174.0,-6875.638690203428
52175.0,-6875.655094052355
52176.0,-6875.67149790128
52177.0,-6875.687901750207
52178.0,-6875.7043055991335
52179.0,-6875.720709448059
52180.0,-6875.737113296986
52181.0,-6875.753517145912
52182.0,-6875.769920994838
52183.0,-6875.786324843764
52184.0,-6875.802728692691
52185.0,-6875.819132541616
52186.0,-6875.835536390543
52187.0,-6875.8519402394695
52188.0,-6875.868344088395
52189.0,-6875.884747937322
52190.0,-6875.901151786248
52191.0,-6875.917555635174
52192.0,-6875.9339594841
52193.0,-6875.950363333027
52194.0,-6875.9667671819525
52195.0,-6875.983171030879
52196.0,-6875.999574879806
52197.0,-6876.015978728731
52198.0,-6876.032382577658
52199.0,-6876.048786426584
52200.0,-6876.06519027551
52201.0,-6876.081594124436
52202.0,-6876.097997973363
52203.0,-6876.1144018222885
52204.0,-6876.130805671215
52205.0,-6876.147209520142
52206.0,-6876.163613369067
52207.0,-6876.180017217994
52208.0,-6876.19642106692
52209.0,-6876.212824915846
52210.0,-6876.229228764772
52211.0,-6876.245632613699
52212.0,-6876.262036462625
52213.0,-6876.278440311551
52214.0,-6876.294844160478
52215.0,-6876.311248009403
52216.0,-6876.32765185833
52217.0,-6876.344055707256
52218.0,-6876.360459556182
52219.0,-6876.376863405108
52220.0,-6876.393267254035
52221.0,-6876.409671102961
52222.0,-6876.426074951887
52223.0,-6876.442478800814
52224.0,-6876.458882649739
52225.0,-6876.445649723212
52226.0,-6876.432416796684
52227.0,-6876.419183870156
52228.0,-6876.405950943629
52229.0,-6876.392718017101
52230.0,-6876.379485090573
52231.0,-6876.366252164046
52232.0,-6876.353019237518
52233.0,-6876.33978631099
52234.0,-6876.326553384463
52235.0,-6876.313320457935
52236.0,-6876.300087531407
52237.0,-6876.28685460488
52238.0,-6876.273621678352
52239.0,-6876.260388751824
52240.0,-6876.247155825297
52241.0,-6876.233922898769
52242.0,-6876.220689972241
52243.0,-6876.207457045714
52244.0,-6876.194224119186
52245.0,-6876.180991192658
52246.0,-6876.167758266131
52247.0,-6876.154525339603
52248.0,-6876.1412924130755
52249.0,-6876.128059486548
52250.0,-6876.11482656002
52251.0,-6876.1015936334925
52252.0,-6876.088360706965
52253.0,-6876.0751277804375
52254.0,-6876.0618948539095
52255.0,-6876.048661927382
52256.0,-6876.0354290008545
52257.0,-6876.0221960743265
52258.0,-6876.0089631477995
52259.0,-6875.9957302212715
52260.0,-6875.982497294744
52261.0,-6875.9692643682165
52262.0,-6875.9560314416885
52263.0,-6875.942798515161
52264.0,-6875.9295655886335
52265.0,-6875.916332662106
52266.0,-6875.903099735578
52267.0,-6875.889866809051
52268.0,-6875.876633882523
52269.0,-6875.863400955995
52270.0,-6875.850168029468
52271.0,-6875.83693510294
52272.0,-6875.823702176412
52273.0,-6875.810469249885
52274.0,-6875.797236323357
52275.0,-6875.784003396829
52276.0,-6875.770770470302
52277.0,-6875.757537543774
52278.0,-6875.744304617246
52279.0,-6875.731071690719
52280.0,-6875.717838764191
52281.0,-6875.704605837663
52282.0,-6875.691372911136
52283.0,-6875.678139984608
52284.0,-6875.66490705808
52285.0,-6875.651674131553
52286.0,-6875.638441205025
52287.0,-6875.625208278497
52288.0,-6875.61197535197
52289.0,-6875.598742425442
52290.0,-6875.585509498914
52291.0,-6875.572276572387
52292.0,-6875.559043645859
52293.0,-6875.545810719331
52294.0,-6875.532577792804
52295.0,-6875.519344866276
52296.0,-6875.506111939748
52297.0,-6875.492879013221
52298.0,-6875.479646086693
52299.0,-6875.466413160165
52300.0,-6875.453180233638
52301.0,-6875.43994730711
52302.0,-6875.426714380582
52303.0,-6875.413481454055
52304.0,-6875.400248527527
52305.0,-6875.387015600999
52306.0,-6875.373782674472
52307.0,-6875.360549747944
52308.0,-6875.347316821416
52309.0,-6875.334083894889
52310.0,-6875.320850968361
52311.0,-6875.307618041833
52312.0,-6875.294385115306
52313.0,-6875.281152188778
52314.0,-6875.26791926225
52315.0,-6875.254686335723
52316.0,-6875.241453409195
52317.0,-6875.228220482667
52318.0,-6875.21498755614
52319.0,-6875.201754629612
52320.0,-6875.188521703084
52321.0,-6875.175288776557
52322.0,-6875.162055850029
52323.0,-6875.148822923501
52324.0,-6875.135589996974
52325.0,-6875.122357070446
52326.0,-6875.109124143918
52327.0,-6875.095891217391
52328.0,-6875.082658290863
52329.0,-6875.069425364335
52330.0,-6875.056192437808
52331.0,-6875.04295951128
52332.0,-6875.029726584752
52333.0,-6875.016493658225
52334.0,-6875.003260731697
52335.0,-6874.990027805169
52336.0,-6874.976794878642
52337.0,-6874.963561952114
52338.0,-6874.950329025586
52339.0,-6874.937096099059
52340.0,-6874.923863172531
52341.0,-6874.910630246003
52342.0,-6874.897397319476
52343.0,-6874.884164392948
52344.0,-6874.87093146642
52345.0,-6874.857698539893
52346.0,-6874.844465613365
52347.0,-6874.831232686837
52348.0,-6874.81799976031
52349.0,-6874.804766833782
52350.0,-6874.791533907254
52351.0,-6874.778300980727
52352.0,-6874.765068054199
52353.0,-6874.751835127671
52354.0,-6874.738602201144
52355.0,-6874.725369274616
52356.0,-6874.712136348088
52357.0,-6874.698903421561
52358.0,-6874.685670495033
52359.0,-6874.672437568505
52360.0,-6874.659204641978
52361.0,-6874.64597171545
52362.0,-6874.632738788922
52363.0,-6874.619505862395
52364.0,-6874.606272935867
52365.0,-6874.593040009339
52366.0,-6874.579807082812
52367.0,-6874.566574156284
52368.0,-6874.553341229756
52369.0,-6874.540108303229
52370.0,-6874.526875376701
52371.0,-6874.513642450173
52372.0,-6874.500409523646
52373.0,-6874.487176597118
52374.0,-6874.47394367059
52375.0,-6874.460710744063
52376.0,-6874.447477817535
52377.0,-6874.434244891007
52378.0,-6874.42101196448
52379.0,-6874.407779037952
52380.0,-6874.3945461114245
52381.0,-6874.381313184897
52382.0,-6874.368080258369
52383.0,-6874.3548473318415
52384.0,-6874.341614405314
52385.0,-6874.3283814787865
52386.0,-6874.3151485522585
52387.0,-6874.301915625731
52388.0,-6874.2886826992035
52389.0,-6874.2754497726755
52390.0,-6874.2622168461485
52391.0,-6874.2489839196205
52392.0,-6874.235750993093
52393.0,-6874.2225180665655
52394.0,-6874.2092851400375
52395.0,-6874.19605221351
52396.0,-6874.1828192869825
52397.0,-6874.169586360455
52398.0,-6874.156353433927
52399.0,-6874.1431205073995
52400.0,-6874.129887580872
52401.0,-6874.116654654344
52402.0,-6874.103421727817
52403.0,-6874.090188801289
52404.0,-6874.076955874761
52405.0,-6874.063722948234
52406.0,-6874.050490021706
52407.0,-6874.037257095178
52408.0,-6874.024024168651
52409.0,-6874.010791242123
52410.0,-6873.997558315595
52411.0,-6873.984325389068
52412.0,-6873.97109246254
52413.0,-6873.957859536012
52414.0,-6873.944626609485
52415.0,-6873.931393682957
52416.0,-6873.918160756429
52417.0,-6873.904927829902
52418.0,-6873.891694903374
52419.0,-6873.878461976846
52420.0,-6873.865229050319
52421.0,-6873.851996123791
52422.0,-6873.838763197263
52423.0,-6873.825530270736
52424.0,-6873.812297344208
52425.0,-6873.79906441768
52426.0,-6873.785831491153
52427.0,-6873.772598564625
52428.0,-6873.759365638097
52429.0,-6873.74613271157
52430.0,-6873.732899785042
52431.0,-6873.719666858514
52432.0,-6873.706433931987
52433.0,-6873.693201005459
52434.0,-6873.679968078931
52435.0,-6873.666735152404
52436.0,-6873.653502225876
52437.0,-6873.640269299348
52438.0,-6873.627036372821
52439.0,-6873.613803446293
52440.0,-6873.600570519765
52441.0,-6873.587337593238
52442.0,-6873.57410466671
52443.0,-6873.560871740182
52444.0,-6873.547638813655
52445.0,-6873.534405887127
52446.0,-6873.521172960599
52447.0,-6873.507940034072
52448.0,-6873.494707107544
52449.0,-6873.481474181016
52450.0,-6873.468241254489
52451.0,-6873.455008327961
52452.0,-6873.441775401433
52453.0,-6873.428542474906
52454.0,-6873.415309548378
52455.0,-6873.40207662185
52456.0,-6873.388843695323
52457.0,-6873.375610768795
52458.0,-6873.362377842267
52459.0,-6873.34914491574
52460.0,-6873.335911989212
52461.0,-6873.322679062684
52462.0,-6873.309446136157
52463.0,-6873.296213209629
52464.0,-6873.282980283101
52465.0,-6873.269747356574
52466.0,-6873.256514430046
52467.0,-6873.243281503518
52468.0,-6873.230048576991
52469.0,-6873.216815650463
52470.0,-6873.203582723935
52471.0,-6873.190349797408
52472.0,-6873.17711687088
52473.0,-6873.163883944352
52474.0,-6873.150651017825
52475.0,-6873.137418091297
52476.0,-6873.124185164769
52477.0,-6873.110952238242
52478.0,-6873.097719311714
52479.0,-6873.084486385186
52480.0,-6873.071253458659
52481.0,-6873.058020532131
52482.0,-6873.044787605603
52483.0,-6873.031554679076
52484.0,-6873.018321752548
52485.0,-6873.00508882602
52486.0,-6872.991855899493
52487.0,-6872.978622972965
52488.0,-6872.965390046437
52489.0,-6872.95215711991
52490.0,-6872.938924193382
52491.0,-6872.925691266854
52492.0,-6872.912458340327
52493.0,-6872.899225413799
52494.0,-6872.885992487271
52495.0,-6872.872759560744
52496.0,-6872.859526634216
52497.0,-6872.846293707688
52498.0,-6872.833060781161
52499.0,-6872.819827854633
52500.0,-6872.806594928105
52501.0,-6872.793362001578
52502.0,-6872.78012907505
52503.0,-6872.766896148522
52504.0,-6872.753663221995
52505.0,-6872.740430295467
52506.0,-6872.727197368939
52507.0,-6872.713964442412
52508.0,-6872.700731515884
52509.0,-6872.687498589356
52510.0,-6872.674265662829
52511.0,-6872.661032736301
52512.0,-6872.6477998097735
52513.0,-6872.634566883246
52514.0,-6872.621333956718
52515.0,-6872.6081010301905
52516.0,-6872.594868103663
52517.0,-6872.5816351771355
52518.0,-6872.5684022506075
52519.0,-6872.55516932408
52520.0,-6872.5419363975525
52521.0,-6872.5287034710245
52522.0,-6872.5154705444975
52523.0,-6872.5022376179695
52524.0,-6872.489004691442
52525.0,-6872.4757717649145
52526.0,-6872.4625388383865
52527.0,-6872.449305911859
52528.0,-6872.4360729853315
52529.0,-6872.422840058804
52530.0,-6872.409607132276
52531.0,-6872.3963742057485
52532.0,-6872.383141279221
52533.0,-6872.369908352693
52534.0,-6872.356675426166
52535.0,-6872.343442499638
52536.0,-6872.33020957311
52537.0,-6872.316976646583
52538.0,-6872.303743720055
52539.0,-6872.290510793527
52540.0,-6872.277277867
52541.0,-6872.264044940472
52542.0,-6872.250812013944
52543.0,-6872.237579087417
52544.0,-6872.224346160889
52545.0,-6872.211113234361
52546.0,-6872.197880307834
52547.0,-6872.184647381306
52548.0,-6872.171414454778
52549.0,-6872.158181528251
52550.0,-6872.144948601723
52551.0,-6872.131715675195
52552.0,-6872.118482748668
52553.0,-6872.10524982214
52554.0,-6872.092016895612
52555.0,-6872.078783969085
52556.0,-6872.065551042557
52557.0,-6872.052318116029
52558.0,-6872.039085189502
52559.0,-6872.025852262974
52560.0,-6872.012619336446
52561.0,-6871.999386409919
52562.0,-6871.986153483391
52563.0,-6871.972920556863
52564.0,-6871.959687630336
52565.0,-6871.946454703808
52566.0,-6871.93322177728
52567.0,-6871.919988850753
52568.0,-6871.906755924225
52569.0,-6871.893522997697
52570.0,-6871.88029007117
52571.0,-6871.867057144642
52572.0,-6871.853824218114
52573.0,-6871.840591291587
52574.0,-6871.827358365059
52575.0,-6871.814125438531
52576.0,-6871.800892512004
52577.0,-6871.787659585476
52578.0,-6871.774426658948
52579.0,-6871.761193732421
52580.0,-6871.747960805893
52581.0,-6871.734727879365
52582.0,-6871.721494952838
52583.0,-6871.70826202631
52584.0,-6871.695029099782
52585.0,-6871.681796173255
52586.0,-6871.668563246727
52587.0,-6871.655330320199
52588.0,-6871.642097393672
52589.0,-6871.628864467144
52590.0,-6871.615631540616
52591.0,-6871.602398614089
52592.0,-6871.589165687561
52593.0,-6871.575932761033
52594.0,-6871.562699834506
52595.0,-6871.549466907978
52596.0,-6871.53623398145
52597.0,-6871.523001054923
52598.0,-6871.509768128395
52599.0,-6871.496535201867
52600.0,-6871.48330227534
52601.0,-6871.470069348812
52602.0,-6871.456836422284
52603.0,-6871.443603495757
52604.0,-6871.430370569229
52605.0,-6871.417137642701
52606.0,-6871.403904716174
52607.0,-6871.390671789646
52608.0,-6871.377438863118
52609.0,-6871.364205936591
52610.0,-6871.350973010063
52611.0,-6871.337740083535
52612.0,-6871.324507157008
52613.0,-6871.31127423048
52614.0,-6871.298041303952
52615.0,-6871.284808377425
52616.0,-6871.271575450897
52617.0,-6871.258342524369
52618.0,-6871.245109597842
52619.0,-6871.231876671314
52620.0,-6871.218643744786
52621.0,-6871.205410818259
52622.0,-6871.192177891731
52623.0,-6871.178944965203
52624.0,-6871.165712038676
52625.0,-6871.152479112148
52626.0,-6871.13924618562
52627.0,-6871.126013259093
52628.0,-6871.112780332565
52629.0,-6871.099547406037
52630.0,-6871.08631447951
52631.0,-6871.073081552982
52632.0,-6871.059848626454
52633.0,-6871.046615699927
52634.0,-6871.033382773399
52635.0,-6871.020149846871
52636.0,-6871.006916920344
52637.0,-6870.993683993816
52638.0,-6870.980451067288
52639.0,-6870.967218140761
52640.0,-6870.953985214233
52641.0,-6870.940752287705
52642.0,-6870.927519361178
52643.0,-6870.91428643465
52644.0,-6870.9010535081225
52645.0,-6870.887820581595
52646.0,-6870.874587655067
52647.0,-6870.8613547285395
52648.0,-6870.848121802012
52649.0,-6870.8348888754845
52650.0,-6870.8216559489565
52651.0,-6870.808423022429
52652.0,-6870.7951900959015
52653.0,-6870.7819571693735
52654.0,-6870.7687242428465
52655.0,-6870.7554913163185
52656.0,-6870.742258389791
52657.0,-6870.7290254632635
52658.0,-6870.7157925367355
52659.0,-6870.702559610208
52660.0,-6870.6893266836805
52661.0,-6870.676093757153
52662.0,-6870.662860830625
52663.0,-6870.6496279040975
52664.0,-6870.63639497757
52665.0,-6870.623162051042
52666.0,-6870.609929124515
52667.0,-6870.596696197987
52668.0,-6870.583463271459
52669.0,-6870.570230344932
52670.0,-6870.556997418404
52671.0,-6870.543764491876
52672.0,-6870.530531565349
52673.0,-6870.517298638821
52674.0,-6870.504065712293
52675.0,-6870.490832785766
52676.0,-6870.477599859238
52677.0,-6870.46436693271
52678.0,-6870.451134006183
52679.0,-6870.437901079655
52680.0,-6870.424668153127
52681.0,-6870.4114352266
52682.0,-6870.398202300072
52683.0,-6870.384969373544
52684.0,-6870.371736447017
52685.0,-6870.358503520489
52686.0,-6870.345270593961
52687.0,-6870.332037667434
52688.0,-6870.318804740906
52689.0,-6870.305571814378
52690.0,-6870.292338887851
52691.0,-6870.279105961323
52692.0,-6870.265873034795
52693.0,-6870.252640108268
52694.0,-6870.23940718174
52695.0,-6870.226174255212
52696.0,-6870.212941328685
52697.0,-6870.199708402157
52698.0,-6870.186475475629
52699.0,-6870.173242549102
52700.0,-6870.160009622574
52701.0,-6870.146776696046
52702.0,-6870.133543769519
52703.0,-6870.120310842991
52704.0,-6870.107077916463
52705.0,-6870.093844989936
52706.0,-6870.080612063408
52707.0,-6870.06737913688
52708.0,-6870.054146210353
52709.0,-6870.040913283825
52710.0,-6870.027680357297
52711.0,-6870.01444743077
52712.0,-6870.001214504242
52713.0,-6869.987981577714
52714.0,-6869.974748651187
52715.0,-6869.961515724659
52716.0,-6869.948282798131
52717.0,-6869.935049871604
52718.0,-6869.921816945076
52719.0,-6869.908584018548
52720.0,-6869.895351092021
52721.0,-6869.882118165493
52722.0,-6869.868885238965
52723.0,-6869.855652312438
52724.0,-6869.84241938591
52725.0,-6869.829186459382
52726.0,-6869.815953532855
52727.0,-6869.802720606327
52728.0,-6869.789487679799
52729.0,-6869.776254753272
52730.0,-6869.763021826744
52731.0,-6869.749788900216
52732.0,-6869.736555973689
52733.0,-6869.723323047161
52734.0,-6869.710090120633
52735.0,-6869.696857194106
52736.0,-6869.683624267578
52737.0,-6869.67039134105
52738.0,-6869.657158414523
52739.0,-6869.643925487995
52740.0,-6869.630692561467
52741.0,-6869.61745963494
52742.0,-6869.604226708412
52743.0,-6869.590993781884
52744.0,-6869.577760855357
52745.0,-6869.564527928829
52746.0,-6869.551295002301
52747.0,-6869.538062075774
52748.0,-6869.524829149246
52749.0,-6869.511596222718
52750.0,-6869.498363296191
52751.0,-6869.485130369663
52752.0,-6869.471897443135
52753.0,-6869.458664516608
52754.0,-6869.44543159008
52755.0,-6869.432198663552
52756.0,-6869.418965737025
52757.0,-6869.405732810497
52758.0,-6869.392499883969
52759.0,-6869.379266957442
52760.0,-6869.366034030914
52761.0,-6869.352801104386
52762.0,-6869.339568177859
52763.0,-6869.326335251331
52764.0,-6869.313102324803
52765.0,-6869.299869398276
52766.0,-6869.286636471748
52767.0,-6869.27340354522
52768.0,-6869.260170618693
52769.0,-6869.246937692165
52770.0,-6869.233704765637
52771.0,-6869.22047183911
52772.0,-6869.207238912582
52773.0,-6869.194005986054
52774.0,-6869.180773059527
52775.0,-6869.167540132999
52776.0,-6869.1543072064715
52777.0,-6869.141074279944
52778.0,-6869.127841353416
52779.0,-6869.1146084268885
52780.0,-6869.101375500361
52781.0,-6869.0881425738335
52782.0,-6869.0749096473055
52783.0,-6869.061676720778
52784.0,-6869.0484437942505
52785.0,-6869.0352108677225
52786.0,-6869.0219779411955
52787.0,-6869.0087450146675
52788.0,-6868.99551208814
52789.0,-6868.9822791616125
52790.0,-6868.9690462350845
52791.0,-6868.955813308557
52792.0,-6868.9425803820295
52793.0,-6868.929347455502
52794.0,-6868.916114528974
52795.0,-6868.9028816024465
52796.0,-6868.889648675919
52797.0,-6868.876415749391
52798.0,-6868.863182822864
52799.0,-6868.849949896336
52800.0,-6868.836716969808
52801.0,-6868.823484043281
52802.0,-6868.810251116753
52803.0,-6868.797018190225
52804.0,-6868.783785263698
52805.0,-6868.77055233717
52806.0,-6868.757319410642
52807.0,-6868.744086484115
52808.0,-6868.730853557587
52809.0,-6868.717620631059
52810.0,-6868.704387704532
52811.0,-6868.691154778004
52812.0,-6868.677921851476
52813.0,-6868.664688924949
52814.0,-6868.651455998421
52815.0,-6868.638223071893
52816.0,-6868.624990145366
52817.0,-6868.611757218838
52818.0,-6868.59852429231
52819.0,-6868.585291365783
52820.0,-6868.572058439255
52821.0,-6868.558825512727
52822.0,-6868.5455925862
52823.0,-6868.532359659672
52824.0,-6868.519126733144
52825.0,-6868.505893806617
52826.0,-6868.492660880089
52827.0,-6868.479427953561
52828.0,-6868.466195027034
52829.0,-6868.452962100506
52830.0,-6868.439729173978
52831.0,-6868.426496247451
52832.0,-6868.413263320923
52833.0,-6868.400030394395
52834.0,-6868.386797467868
52835.0,-6868.37356454134
52836.0,-6868.360331614812
52837.0,-6868.347098688285
52838.0,-6868.333865761757
52839.0,-6868.320632835229
52840.0,-6868.307399908702
52841.0,-6868.294166982174
52842.0,-6868.280934055646
52843.0,-6868.267701129119
52844.0,-6868.254468202591
52845.0,-6868.241235276063
52846.0,-6868.228002349536
52847.0,-6868.214769423008
52848.0,-6868.20153649648
52849.0,-6868.188303569953
52850.0,-6868.175070643425
52851.0,-6868.161837716897
52852.0,-6868.14860479037
52853.0,-6868.135371863842
52854.0,-6868.122138937314
52855.0,-6868.108906010787
52856.0,-6868.095673084259
52857.0,-6868.082440157731
52858.0,-6868.069207231204
52859.0,-6868.055974304676
52860.0,-6868.042741378148
52861.0,-6868.029508451621
52862.0,-6868.016275525093
52863.0,-6868.003042598565
52864.0,-6867.989809672038
52865.0,-6867.97657674551
52866.0,-6867.963343818982
52867.0,-6867.950110892455
52868.0,-6867.936877965927
52869.0,-6867.923645039399
52870.0,-6867.910412112872
52871.0,-6867.897179186344
52872.0,-6867.883946259816
52873.0,-6867.870713333289
52874.0,-6867.857480406761
52875.0,-6867.844247480233
52876.0,-6867.831014553706
52877.0,-6867.817781627178
52878.0,-6867.80454870065
52879.0,-6867.791315774123
52880.0,-6867.778082847595
52881.0,-6867.764849921067
52882.0,-6867.75161699454
52883.0,-6867.738384068012
52884.0,-6867.725151141484
52885.0,-6867.711918214957
52886.0,-6867.698685288429
52887.0,-6867.685452361901
52888.0,-6867.672219435374
52889.0,-6867.658986508846
52890.0,-6867.645753582318
52891.0,-6867.632520655791
52892.0,-6867.619287729263
52893.0,-6867.606054802735
52894.0,-6867.592821876208
52895.0,-6867.57958894968
52896.0,-6867.566356023152
52897.0,-6867.553123096625
52898.0,-6867.539890170097
52899.0,-6867.526657243569
52900.0,-6867.513424317042
52901.0,-6867.500191390514
52902.0,-6867.486958463986
52903.0,-6867.473725537459
52904.0,-6867.460492610931
52905.0,-6867.447259684403
52906.0,-6867.434026757876
52907.0,-6867.420793831348
52908.0,-6867.4075609048205
52909.0,-6867.394327978293
52910.0,-6867.381095051765
52911.0,-6867.3678621252375
52912.0,-6867.35462919871
52913.0,-6867.3413962721825
52914.0,-6867.3281633456545
52915.0,-6867.314930419127
52916.0,-6867.3016974925995
52917.0,-6867.2884645660715
52918.0,-6867.2752316395445
52919.0,-6867.2619987130165
52920.0,-6867.248765786489
52921.0,-6867.2355328599615
52922.0,-6867.2222999334335
52923.0,-6867.209067006906
52924.0,-6867.1958340803785
52925.0,-6867.182601153851
52926.0,-6867.169368227323
52927.0,-6867.1561353007955
52928.0,-6867.142902374268
52929.0,-6867.12966944774
52930.0,-6867.116436521213
52931.0,-6867.103203594685
52932.0,-6867.089970668157
52933.0,-6867.07673774163
52934.0,-6867.063504815102
52935.0,-6867.050271888574
52936.0,-6867.037038962047
52937.0,-6867.023806035519
52938.0,-6867.010573108991
52939.0,-6866.997340182464
52940.0,-6866.984107255936
52941.0,-6866.970874329408
52942.0,-6866.957641402881
52943.0,-6866.944408476353
52944.0,-6866.931175549825
52945.0,-6866.917942623298
52946.0,-6866.90470969677
52947.0,-6866.891476770242
52948.0,-6866.878243843715
52949.0,-6866.865010917187
52950.0,-6866.851777990659
52951.0,-6866.838545064132
52952.0,-6866.825312137604
52953.0,-6866.812079211076
52954.0,-6866.798846284549
52955.0,-6866.785613358021
52956.0,-6866.772380431493
52957.0,-6866.759147504966
52958.0,-6866.745914578438
52959.0,-6866.73268165191
52960.0,-6866.719448725383
52961.0,-6866.706215798855
52962.0,-6866.692982872327
52963.0,-6866.6797499458
52964.0,-6866.666517019272
52965.0,-6866.653284092744
52966.0,-6866.640051166217
52967.0,-6866.626818239689
52968.0,-6866.613585313161
52969.0,-6866.600352386634
52970.0,-6866.587119460106
52971.0,-6866.573886533578
52972.0,-6866.560653607051
52973.0,-6866.547420680523
52974.0,-6866.534187753995
52975.0,-6866.520954827468
52976.0,-6866.50772190094
52977.0,-6866.494488974412
52978.0,-6866.481256047885
52979.0,-6866.468023121357
52980.0,-6866.454790194829
52981.0,-6866.441557268302
52982.0,-6866.428324341774
52983.0,-6866.415091415246
52984.0,-6866.401858488719
52985.0,-6866.388625562191
52986.0,-6866.375392635663
52987.0,-6866.362159709136
52988.0,-6866.348926782608
52989.0,-6866.33569385608
52990.0,-6866.322460929553
52991.0,-6866.309228003025
52992.0,-6866.295995076497
52993.0,-6866.28276214997
52994.0,-6866.269529223442
52995.0,-6866.256296296914
52996.0,-6866.243063370387
52997.0,-6866.229830443859
52998.0,-6866.216597517331
52999.0,-6866.203364590804
53000.0,-6866.190131664276
53001.0,-6866.176898737748
53002.0,-6866.163665811221
53003.0,-6866.150432884693
53004.0,-6866.137199958165
53005.0,-6866.123967031638
53006.0,-6866.11073410511
53007.0,-6866.097501178582
53008.0,-6866.084268252055
53009.0,-6866.071035325527
53010.0,-6866.057802398999
53011.0,-6866.044569472472
53012.0,-6866.031336545944
53013.0,-6866.018103619416
53014.0,-6866.004870692889
53015.0,-6865.991637766361
53016.0,-6865.978404839833
53017.0,-6865.965171913306
53018.0,-6865.951938986778
53019.0,-6865.93870606025
53020.0,-6865.925473133723
53021.0,-6865.912240207195
53022.0,-6865.899007280667
53023.0,-6865.88577435414
53024.0,-6865.872541427612
53025.0,-6865.859308501084
53026.0,-6865.846075574557
53027.0,-6865.832842648029
53028.0,-6865.819609721501
53029.0,-6865.806376794974
53030.0,-6865.793143868446
53031.0,-6865.779910941918
53032.0,-6865.766678015391
53033.0,-6865.753445088863
53034.0,-6865.740212162335
53035.0,-6865.726979235808
53036.0,-6865.71374630928
53037.0,-6865.700513382752
53038.0,-6865.687280456225
53039.0,-6865.674047529697
53040.0,-6865.6608146031695
53041.0,-6865.647581676642
53042.0,-6865.634348750114
53043.0,-6865.6211158235865
53044.0,-6865.607882897059
53045.0,-6865.5946499705315
53046.0,-6865.5814170440035
53047.0,-6865.568184117476
53048.0,-6865.5549511909485
53049.0,-6865.5417182644205
53050.0,-6865.5284853378935
53051.0,-6865.5152524113655
53052.0,-6865.502019484838
53053.0,-6865.4887865583105
53054.0,-6865.4755536317825
53055.0,-6865.462320705255
53056.0,-6865.4490877787275
53057.0,-6865.4358548522
53058.0,-6865.422621925672
53059.0,-6865.4093889991445
53060.0,-6865.396156072617
53061.0,-6865.382923146089
53062.0,-6865.369690219562
53063.0,-6865.356457293034
53064.0,-6865.343224366506
53065.0,-6865.329991439979
53066.0,-6865.316758513451
53067.0,-6865.303525586923
53068.0,-6865.290292660396
53069.0,-6865.277059733868
53070.0,-6865.26382680734
53071.0,-6865.250593880813
53072.0,-6865.237360954285
53073.0,-6865.224128027757
53074.0,-6865.21089510123
53075.0,-6865.197662174702
53076.0,-6865.184429248174
53077.0,-6865.171196321647
53078.0,-6865.157963395119
53079.0,-6865.144730468591
53080.0,-6865.131497542064
53081.0,-6865.118264615536
53082.0,-6865.105031689008
53083.0,-6865.091798762481
53084.0,-6865.078565835953
53085.0,-6865.065332909425
53086.0,-6865.052099982898
53087.0,-6865.03886705637
53088.0,-6865.025634129842
53089.0,-6865.012401203315
53090.0,-6864.999168276787
53091.0,-6864.985935350259
53092.0,-6864.972702423732
53093.0,-6864.959469497204
53094.0,-6864.946236570676
53095.0,-6864.933003644149
53096.0,-6864.919770717621
53097.0,-6864.906537791093
53098.0,-6864.893304864566
53099.0,-6864.880071938038
53100.0,-6864.86683901151
53101.0,-6864.853606084983
53102.0,-6864.840373158455
53103.0,-6864.827140231927
53104.0,-6864.8139073054
53105.0,-6864.800674378872
53106.0,-6864.787441452344
53107.0,-6864.774208525817
53108.0,-6864.760975599289
53109.0,-6864.747742672761
53110.0,-6864.734509746234
53111.0,-6864.721276819706
53112.0,-6864.708043893178
53113.0,-6864.694810966651
53114.0,-6864.681578040123
53115.0,-6864.668345113595
53116.0,-6864.655112187068
53117.0,-6864.64187926054
53118.0,-6864.628646334012
53119.0,-6864.615413407485
53120.0,-6864.602180480957
53121.0,-6864.588947554429
53122.0,-6864.575714627902
53123.0,-6864.562481701374
53124.0,-6864.549248774846
53125.0,-6864.536015848319
53126.0,-6864.522782921791
53127.0,-6864.509549995263
53128.0,-6864.496317068736
53129.0,-6864.483084142208
53130.0,-6864.46985121568
53131.0,-6864.456618289153
53132.0,-6864.443385362625
53133.0,-6864.430152436097
53134.0,-6864.41691950957
53135.0,-6864.403686583042
53136.0,-6864.390453656514
53137.0,-6864.377220729987
53138.0,-6864.363987803459
53139.0,-6864.350754876931
53140.0,-6864.337521950404
53141.0,-6864.324289023876
53142.0,-6864.311056097348
53143.0,-6864.297823170821
53144.0,-6864.284590244293
53145.0,-6864.271357317765
53146.0,-6864.258124391238
53147.0,-6864.24489146471
53148.0,-6864.231658538182
53149.0,-6864.218425611655
53150.0,-6864.205192685127
53151.0,-6864.191959758599
53152.0,-6864.178726832072
53153.0,-6864.165493905544
53154.0,-6864.152260979016
53155.0,-6864.139028052489
53156.0,-6864.125795125961
53157.0,-6864.112562199433
53158.0,-6864.099329272906
53159.0,-6864.086096346378
53160.0,-6864.07286341985
53161.0,-6864.059630493323
53162.0,-6864.046397566795
53163.0,-6864.033164640267
53164.0,-6864.01993171374
53165.0,-6864.006698787212
53166.0,-6863.993465860684
53167.0,-6863.980232934157
53168.0,-6863.967000007629
53169.0,-6863.953767081101
53170.0,-6863.940534154574
53171.0,-6863.927301228046
53172.0,-6863.9140683015185
53173.0,-6863.900835374991
53174.0,-6863.887602448463
53175.0,-6863.8743695219355
53176.0,-6863.861136595408
53177.0,-6863.8479036688805
53178.0,-6863.8346707423525
53179.0,-6863.821437815825
53180.0,-6863.8082048892975
53181.0,-6863.7949719627695
53182.0,-6863.7817390362425
53183.0,-6863.7685061097145
53184.0,-6863.755273183187
53185.0,-6863.7420402566595
53186.0,-6863.7288073301315
53187.0,-6863.715574403604
53188.0,-6863.7023414770765
53189.0,-6863.689108550549
53190.0,-6863.675875624021
53191.0,-6863.6626426974935
53192.0,-6863.649409770966
53193.0,-6863.636176844438
53194.0,-6863.622943917911
53195.0,-6863.609710991383
53196.0,-6863.596478064855
53197.0,-6863.583245138328
53198.0,-6863.5700122118
53199.0,-6863.556779285272
53200.0,-6863.543546358745
53201.0,-6863.530313432217
53202.0,-6863.517080505689
53203.0,-6863.503847579162
53204.0,-6863.490614652634
53205.0,-6863.477381726106
53206.0,-6863.464148799579
53207.0,-6863.450915873051
53208.0,-6863.437682946523
53209.0,-6863.424450019996
53210.0,-6863.411217093468
53211.0,-6863.39798416694
53212.0,-6863.384751240413
53213.0,-6863.371518313885
53214.0,-6863.358285387357
53215.0,-6863.34505246083
53216.0,-6863.331819534302
53217.0,-6863.318586607774
53218.0,-6863.305353681247
53219.0,-6863.292120754719
53220.0,-6863.278887828191
53221.0,-6863.265654901664
53222.0,-6863.252421975136
53223.0,-6863.239189048608
53224.0,-6863.225956122081
53225.0,-6863.212723195553
53226.0,-6863.199490269025
53227.0,-6863.186257342498
53228.0,-6863.17302441597
53229.0,-6863.159791489442
53230.0,-6863.146558562915
53231.0,-6863.133325636387
53232.0,-6863.120092709859
53233.0,-6863.106859783332
53234.0,-6863.093626856804
53235.0,-6863.080393930276
53236.0,-6863.067161003749
53237.0,-6863.053928077221
53238.0,-6863.040695150693
53239.0,-6863.027462224166
53240.0,-6863.014229297638
53241.0,-6863.00099637111
53242.0,-6862.987763444583
53243.0,-6862.974530518055
53244.0,-6862.961297591527
53245.0,-6862.948064665
53246.0,-6862.934831738472
53247.0,-6862.921598811944
53248.0,-6862.908365885417
53249.0,-6862.9294120272
53250.0,-6862.9504581689835
53251.0,-6862.971504310767
53252.0,-6862.99255045255
53253.0,-6863.013596594334
53254.0,-6863.034642736117
53255.0,-6863.0556888779
53256.0,-6863.076735019684
53257.0,-6863.0977811614675
53258.0,-6863.11882730325
53259.0,-6863.139873445034
53260.0,-6863.160919586818
53261.0,-6863.1819657286005
53262.0,-6863.203011870384
53263.0,-6863.224058012168
53264.0,-6863.245104153951
53265.0,-6863.266150295734
53266.0,-6863.287196437518
53267.0,-6863.308242579301
53268.0,-6863.329288721085
53269.0,-6863.350334862868
53270.0,-6863.371381004651
53271.0,-6863.392427146435
53272.0,-6863.4134732882185
53273.0,-6863.434519430001
53274.0,-6863.455565571785
53275.0,-6863.476611713569
53276.0,-6863.4976578553515
53277.0,-6863.518703997135
53278.0,-6863.539750138919
53279.0,-6863.560796280702
53280.0,-6863.581842422485
53281.0,-6863.602888564269
53282.0,-6863.623934706052
53283.0,-6863.6449808478355
53284.0,-6863.666026989619
53285.0,-6863.687073131402
53286.0,-6863.708119273186
53287.0,-6863.729165414969
53288.0,-6863.750211556752
53289.0,-6863.771257698536
53290.0,-6863.79230384032
53291.0,-6863.813349982102
53292.0,-6863.834396123886
53293.0,-6863.85544226567
53294.0,-6863.876488407453
53295.0,-6863.897534549236
53296.0,-6863.91858069102
53297.0,-6863.939626832803
53298.0,-6863.9606729745865
53299.0,-6863.98171911637
53300.0,-6864.002765258153
53301.0,-6864.023811399937
53302.0,-6864.04485754172
53303.0,-6864.065903683503
53304.0,-6864.086949825287
53305.0,-6864.107995967071
53306.0,-6864.129042108853
53307.0,-6864.150088250637
53308.0,-6864.171134392421
53309.0,-6864.1921805342035
53310.0,-6864.213226675987
53311.0,-6864.234272817771
53312.0,-6864.255318959554
53313.0,-6864.276365101337
53314.0,-6864.297411243121
53315.0,-6864.318457384904
53316.0,-6864.339503526688
53317.0,-6864.360549668471
53318.0,-6864.381595810254
53319.0,-6864.402641952038
53320.0,-6864.4236880938215
53321.0,-6864.444734235604
53322.0,-6864.465780377388
53323.0,-6864.486826519172
53324.0,-6864.5078726609545
53325.0,-6864.528918802738
53326.0,-6864.549964944522
53327.0,-6864.571011086305
53328.0,-6864.592057228088
53329.0,-6864.613103369872
53330.0,-6864.634149511655
53331.0,-6864.655195653439
53332.0,-6864.676241795222
53333.0,-6864.697287937005
53334.0,-6864.718334078789
53335.0,-6864.7393802205725
53336.0,-6864.760426362355
53337.0,-6864.781472504139
53338.0,-6864.802518645923
53339.0,-6864.823564787705
53340.0,-6864.844610929489
53341.0,-6864.865657071273
53342.0,-6864.886703213056
53343.0,-6864.907749354839
53344.0,-6864.928795496623
53345.0,-6864.949841638406
53346.0,-6864.9708877801895
53347.0,-6864.991933921973
53348.0,-6865.012980063756
53349.0,-6865.03402620554
53350.0,-6865.055072347323
53351.0,-6865.076118489106
53352.0,-6865.09716463089
53353.0,-6865.118210772674
53354.0,-6865.139256914456
53355.0,-6865.16030305624
53356.0,-6865.181349198024
53357.0,-6865.202395339807
53358.0,-6865.22344148159
53359.0,-6865.244487623374
53360.0,-6865.265533765157
53361.0,-6865.2865799069405
53362.0,-6865.307626048724
53363.0,-6865.328672190507
53364.0,-6865.349718332291
53365.0,-6865.370764474074
53366.0,-6865.391810615857
53367.0,-6865.412856757641
53368.0,-6865.4339028994245
53369.0,-6865.454949041207
53370.0,-6865.475995182991
53371.0,-6865.497041324775
53372.0,-6865.5180874665575
53373.0,-6865.539133608341
53374.0,-6865.560179750125
53375.0,-6865.581225891908
53376.0,-6865.602272033691
53377.0,-6865.623318175475
53378.0,-6865.644364317258
53379.0,-6865.665410459042
53380.0,-6865.686456600825
53381.0,-6865.707502742608
53382.0,-6865.728548884392
53383.0,-6865.7495950261755
53384.0,-6865.770641167958
53385.0,-6865.791687309742
53386.0,-6865.812733451526
53387.0,-6865.8337795933085
53388.0,-6865.854825735092
53389.0,-6865.875871876876
53390.0,-6865.896918018659
53391.0,-6865.917964160442
53392.0,-6865.939010302226
53393.0,-6865.960056444009
53394.0,-6865.9811025857925
53395.0,-6866.002148727576
53396.0,-6866.023194869359
53397.0,-6866.044241011143
53398.0,-6866.065287152926
53399.0,-6866.086333294709
53400.0,-6866.107379436493
53401.0,-6866.128425578277
53402.0,-6866.149471720059
53403.0,-6866.170517861843
53404.0,-6866.191564003627
53405.0,-6866.21261014541
53406.0,-6866.233656287193
53407.0,-6866.254702428977
53408.0,-6866.27574857076
53409.0,-6866.2967947125435
53410.0,-6866.317840854327
53411.0,-6866.33888699611
53412.0,-6866.359933137894
53413.0,-6866.380979279677
53414.0,-6866.40202542146
53415.0,-6866.423071563244
53416.0,-6866.444117705028
53417.0,-6866.46516384681
53418.0,-6866.486209988594
53419.0,-6866.507256130378
53420.0,-6866.5283022721605
53421.0,-6866.549348413944
53422.0,-6866.570394555728
53423.0,-6866.591440697511
53424.0,-6866.612486839294
53425.0,-6866.633532981078
53426.0,-6866.654579122861
53427.0,-6866.675625264645
53428.0,-6866.696671406428
53429.0,-6866.717717548211
53430.0,-6866.738763689995
53431.0,-6866.7598098317785
53432.0,-6866.780855973561
53433.0,-6866.801902115345
53434.0,-6866.822948257129
53435.0,-6866.8439943989115
53436.0,-6866.865040540695
53437.0,-6866.886086682479
53438.0,-6866.907132824262
53439.0,-6866.928178966045
53440.0,-6866.949225107829
53441.0,-6866.970271249612
53442.0,-6866.991317391396
53443.0,-6867.012363533179
53444.0,-6867.033409674962
53445.0,-6867.054455816746
53446.0,-6867.0755019585295
53447.0,-6867.096548100312
53448.0,-6867.117594242096
53449.0,-6867.13864038388
53450.0,-6867.159686525662
53451.0,-6867.180732667446
53452.0,-6867.20177880923
53453.0,-6867.222824951013
53454.0,-6867.243871092796
53455.0,-6867.26491723458
53456.0,-6867.285963376363
53457.0,-6867.3070095181465
53458.0,-6867.32805565993
53459.0,-6867.349101801713
53460.0,-6867.370147943497
53461.0,-6867.39119408528
53462.0,-6867.412240227063
53463.0,-6867.433286368847
53464.0,-6867.454332510631
53465.0,-6867.475378652413
53466.0,-6867.496424794197
53467.0,-6867.517470935981
53468.0,-6867.538517077764
53469.0,-6867.559563219547
53470.0,-6867.580609361331
53471.0,-6867.601655503114
53472.0,-6867.6227016448975
53473.0,-6867.643747786681
53474.0,-6867.664793928464
53475.0,-6867.685840070248
53476.0,-6867.706886212031
53477.0,-6867.727932353814
53478.0,-6867.748978495598
53479.0,-6867.7700246373815
53480.0,-6867.791070779164
53481.0,-6867.812116920948
53482.0,-6867.833163062732
53483.0,-6867.8542092045145
53484.0,-6867.875255346298
53485.0,-6867.896301488082
53486.0,-6867.917347629865
53487.0,-6867.938393771648
53488.0,-6867.959439913432
53489.0,-6867.980486055215
53490.0,-6868.001532196999
53491.0,-6868.022578338782
53492.0,-6868.043624480565
53493.0,-6868.064670622349
53494.0,-6868.0857167641325
53495.0,-6868.106762905915
53496.0,-6868.127809047699
53497.0,-6868.148855189483
53498.0,-6868.1699013312655
53499.0,-6868.190947473049
53500.0,-6868.211993614833
53501.0,-6868.233039756616
53502.0,-6868.254085898399
53503.0,-6868.275132040183
53504.0,-6868.296178181966
53505.0,-6868.3172243237495
53506.0,-6868.338270465533
53507.0,-6868.359316607316
53508.0,-6868.3803627491
53509.0,-6868.401408890883
53510.0,-6868.422455032666
53511.0,-6868.44350117445
53512.0,-6868.464547316234
53513.0,-6868.485593458016
53514.0,-6868.5066395998
53515.0,-6868.527685741584
53516.0,-6868.548731883367
53517.0,-6868.56977802515
53518.0,-6868.590824166934
53519.0,-6868.611870308717
53520.0,-6868.6329164505005
53521.0,-6868.653962592284
53522.0,-6868.675008734067
53523.0,-6868.696054875851
53524.0,-6868.717101017634
53525.0,-6868.738147159417
53526.0,-6868.759193301201
53527.0,-6868.780239442985
53528.0,-6868.801285584767
53529.0,-6868.822331726551
53530.0,-6868.843377868335
53531.0,-6868.864424010118
53532.0,-6868.885470151901
53533.0,-6868.906516293685
53534.0,-6868.927562435468
53535.0,-6868.948608577251
53536.0,-6868.969654719035
53537.0,-6868.990700860818
53538.0,-6869.011747002602
53539.0,-6869.032793144385
53540.0,-6869.053839286168
53541.0,-6869.074885427952
53542.0,-6869.0959315697355
53543.0,-6869.116977711518
53544.0,-6869.138023853302
53545.0,-6869.159069995086
53546.0,-6869.1801161368685
53547.0,-6869.201162278652
53548.0,-6869.222208420436
53549.0,-6869.243254562219
53550.0,-6869.264300704002
53551.0,-6869.285346845786
53552.0,-6869.306392987569
53553.0,-6869.327439129353
53554.0,-6869.348485271136
53555.0,-6869.369531412919
53556.0,-6869.390577554703
53557.0,-6869.4116236964865
53558.0,-6869.432669838269
53559.0,-6869.453715980053
53560.0,-6869.474762121837
53561.0,-6869.495808263619
53562.0,-6869.516854405403
53563.0,-6869.537900547187
53564.0,-6869.55894668897
53565.0,-6869.579992830753
53566.0,-6869.601038972537
53567.0,-6869.62208511432
53568.0,-6869.6431312561035
53569.0,-6869.664177397887
53570.0,-6869.68522353967
53571.0,-6869.706269681454
53572.0,-6869.727315823237
53573.0,-6869.74836196502
53574.0,-6869.769408106804
53575.0,-6869.790454248588
53576.0,-6869.81150039037
53577.0,-6869.832546532154
53578.0,-6869.853592673938
53579.0,-6869.874638815721
53580.0,-6869.895684957504
53581.0,-6869.916731099288
53582.0,-6869.937777241071
53583.0,-6869.9588233828545
53584.0,-6869.979869524638
53585.0,-6870.000915666421
53586.0,-6870.021961808205
53587.0,-6870.043007949988
53588.0,-6870.064054091771
53589.0,-6870.085100233555
53590.0,-6870.1061463753385
53591.0,-6870.127192517121
53592.0,-6870.148238658905
53593.0,-6870.169284800689
53594.0,-6870.1903309424715
53595.0,-6870.211377084255
53596.0,-6870.232423226039
53597.0,-6870.253469367822
53598.0,-6870.274515509605
53599.0,-6870.295561651389
53600.0,-6870.316607793172
53601.0,-6870.337653934956
53602.0,-6870.358700076739
53603.0,-6870.379746218522
53604.0,-6870.400792360306
53605.0,-6870.4218385020895
53606.0,-6870.442884643872
53607.0,-6870.463930785656
53608.0,-6870.48497692744
53609.0,-6870.5060230692225
53610.0,-6870.527069211006
53611.0,-6870.54811535279
53612.0,-6870.569161494573
53613.0,-6870.590207636356
53614.0,-6870.61125377814
53615.0,-6870.632299919923
53616.0,-6870.6533460617065
53617.0,-6870.67439220349
53618.0,-6870.695438345273
53619.0,-6870.716484487057
53620.0,-6870.73753062884
53621.0,-6870.758576770623
53622.0,-6870.779622912407
53623.0,-6870.800669054191
53624.0,-6870.821715195973
53625.0,-6870.842761337757
53626.0,-6870.863807479541
53627.0,-6870.884853621324
53628.0,-6870.905899763107
53629.0,-6870.926945904891
53630.0,-6870.947992046674
53631.0,-6870.9690381884575
53632.0,-6870.990084330241
53633.0,-6871.011130472024
53634.0,-6871.032176613808
53635.0,-6871.053222755591
53636.0,-6871.074268897374
53637.0,-6871.095315039158
53638.0,-6871.116361180942
53639.0,-6871.137407322724
53640.0,-6871.158453464508
53641.0,-6871.179499606292
53642.0,-6871.200545748075
53643.0,-6871.221591889858
53644.0,-6871.242638031642
53645.0,-6871.263684173425
53646.0,-6871.284730315208
53647.0,-6871.305776456992
53648.0,-6871.326822598775
53649.0,-6871.347868740559
53650.0,-6871.368914882342
53651.0,-6871.389961024125
53652.0,-6871.411007165909
53653.0,-6871.4320533076925
53654.0,-6871.453099449475
53655.0,-6871.474145591259
53656.0,-6871.495191733043
53657.0,-6871.5162378748255
53658.0,-6871.537284016609
53659.0,-6871.558330158393
53660.0,-6871.579376300176
53661.0,-6871.600422441959
53662.0,-6871.621468583743
53663.0,-6871.642514725526
53664.0,-6871.66356086731
53665.0,-6871.684607009093
53666.0,-6871.705653150876
53667.0,-6871.72669929266
53668.0,-6871.7477454344435
53669.0,-6871.768791576226
53670.0,-6871.78983771801
53671.0,-6871.810883859794
53672.0,-6871.831930001576
53673.0,-6871.85297614336
53674.0,-6871.874022285144
53675.0,-6871.895068426927
53676.0,-6871.91611456871
53677.0,-6871.937160710494
53678.0,-6871.958206852277
53679.0,-6871.9792529940605
53680.0,-6872.000299135844
53681.0,-6872.021345277627
53682.0,-6872.042391419411
53683.0,-6872.063437561194
53684.0,-6872.084483702977
53685.0,-6872.105529844761
53686.0,-6872.126575986545
53687.0,-6872.147622128327
53688.0,-6872.168668270111
53689.0,-6872.189714411895
53690.0,-6872.210760553678
53691.0,-6872.231806695461
53692.0,-6872.252852837245
53693.0,-6872.273898979028
53694.0,-6872.2949451208115
53695.0,-6872.315991262595
53696.0,-6872.337037404378
53697.0,-6872.358083546162
53698.0,-6872.379129687945
53699.0,-6872.400175829728
53700.0,-6872.421221971512
53701.0,-6872.4422681132955
53702.0,-6872.463314255078
53703.0,-6872.484360396862
53704.0,-6872.505406538646
53705.0,-6872.5264526804285
53706.0,-6872.547498822212
53707.0,-6872.568544963996
53708.0,-6872.589591105779
53709.0,-6872.610637247562
53710.0,-6872.631683389346
53711.0,-6872.652729531129
53712.0,-6872.673775672913
53713.0,-6872.694821814696
53714.0,-6872.715867956479
53715.0,-6872.736914098263
53716.0,-6872.7579602400465
53717.0,-6872.779006381829
53718.0,-6872.800052523613
53719.0,-6872.821098665397
53720.0,-6872.8421448071795
53721.0,-6872.863190948963
53722.0,-6872.884237090747
53723.0,-6872.90528323253
53724.0,-6872.926329374313
53725.0,-6872.947375516097
53726.0,-6872.96842165788
53727.0,-6872.9894677996635
53728.0,-6873.010513941447
53729.0,-6873.03156008323
53730.0,-6873.052606225014
53731.0,-6873.073652366797
53732.0,-6873.09469850858
53733.0,-6873.115744650364
53734.0,-6873.136790792148
53735.0,-6873.15783693393
53736.0,-6873.178883075714
53737.0,-6873.199929217498
53738.0,-6873.220975359281
53739.0,-6873.242021501064
53740.0,-6873.263067642848
53741.0,-6873.284113784631
53742.0,-6873.3051599264145
53743.0,-6873.326206068198
53744.0,-6873.347252209981
53745.0,-6873.368298351765
53746.0,-6873.389344493548
53747.0,-6873.410390635331
53748.0,-6873.431436777115
53749.0,-6873.452482918899
53750.0,-6873.473529060681
53751.0,-6873.494575202465
53752.0,-6873.515621344249
53753.0,-6873.536667486032
53754.0,-6873.557713627815
53755.0,-6873.578759769599
53756.0,-6873.599805911382
53757.0,-6873.620852053165
53758.0,-6873.641898194949
53759.0,-6873.662944336732
53760.0,-6873.683990478516
53761.0,-6873.705036620299
53762.0,-6873.726082762082
53763.0,-6873.747128903866
53764.0,-6873.7681750456495
53765.0,-6873.789221187432
53766.0,-6873.810267329216
53767.0,-6873.831313471
53768.0,-6873.8523596127825
53769.0,-6873.873405754566
53770.0,-6873.89445189635
53771.0,-6873.915498038133
53772.0,-6873.936544179916
53773.0,-6873.9575903217
53774.0,-6873.978636463483
53775.0,-6873.999682605267
53776.0,-6874.02072874705
53777.0,-6874.041774888833
53778.0,-6874.062821030617
53779.0,-6874.0838671724005
53780.0,-6874.104913314183
53781.0,-6874.125959455967
53782.0,-6874.147005597751
53783.0,-6874.168051739533
53784.0,-6874.189097881317
53785.0,-6874.210144023101
53786.0,-6874.231190164884
53787.0,-6874.252236306667
53788.0,-6874.273282448451
53789.0,-6874.294328590234
53790.0,-6874.3153747320175
53791.0,-6874.336420873801
53792.0,-6874.357467015584
53793.0,-6874.378513157368
53794.0,-6874.399559299151
53795.0,-6874.420605440934
53796.0,-6874.441651582718
53797.0,-6874.462697724502
53798.0,-6874.483743866284
53799.0,-6874.504790008068
53800.0,-6874.525836149852
53801.0,-6874.546882291635
53802.0,-6874.567928433418
53803.0,-6874.588974575202
53804.0,-6874.610020716985
53805.0,-6874.6310668587685
53806.0,-6874.652113000552
53807.0,-6874.673159142335
53808.0,-6874.694205284119
53809.0,-6874.715251425902
53810.0,-6874.736297567685
53811.0,-6874.757343709469
53812.0,-6874.7783898512525
53813.0,-6874.799435993035
53814.0,-6874.820482134819
53815.0,-6874.841528276603
53816.0,-6874.8625744183855
53817.0,-6874.883620560169
53818.0,-6874.904666701953
53819.0,-6874.925712843736
53820.0,-6874.946758985519
53821.0,-6874.967805127303
53822.0,-6874.988851269086
53823.0,-6875.00989741087
53824.0,-6875.030943552653
53825.0,-6875.051989694436
53826.0,-6875.07303583622
53827.0,-6875.0940819780035
53828.0,-6875.115128119786
53829.0,-6875.13617426157
53830.0,-6875.157220403354
53831.0,-6875.1782665451365
53832.0,-6875.19931268692
53833.0,-6875.220358828704
53834.0,-6875.241404970487
53835.0,-6875.26245111227
53836.0,-6875.283497254054
53837.0,-6875.304543395837
53838.0,-6875.3255895376205
53839.0,-6875.346635679404
53840.0,-6875.367681821187
53841.0,-6875.388727962971
53842.0,-6875.409774104754
53843.0,-6875.430820246537
53844.0,-6875.451866388321
53845.0,-6875.472912530105
53846.0,-6875.493958671887
53847.0,-6875.515004813671
53848.0,-6875.536050955455
53849.0,-6875.557097097238
53850.0,-6875.578143239021
53851.0,-6875.599189380805
53852.0,-6875.620235522588
53853.0,-6875.6412816643715
53854.0,-6875.662327806155
53855.0,-6875.683373947938
53856.0,-6875.704420089722
53857.0,-6875.725466231505
53858.0,-6875.746512373288
53859.0,-6875.767558515072
53860.0,-6875.788604656856
53861.0,-6875.809650798638
53862.0,-6875.830696940422
53863.0,-6875.851743082206
53864.0,-6875.872789223989
53865.0,-6875.893835365772
53866.0,-6875.914881507556
53867.0,-6875.935927649339
53868.0,-6875.956973791122
53869.0,-6875.978019932906
53870.0,-6875.999066074689
53871.0,-6876.020112216473
53872.0,-6876.041158358256
53873.0,-6876.062204500039
53874.0,-6876.083250641823
53875.0,-6876.1042967836065
53876.0,-6876.125342925389
53877.0,-6876.146389067173
53878.0,-6876.167435208957
53879.0,-6876.1884813507395
53880.0,-6876.209527492523
53881.0,-6876.230573634307
53882.0,-6876.25161977609
53883.0,-6876.272665917873
53884.0,-6876.293712059657
53885.0,-6876.31475820144
53886.0,-6876.335804343224
53887.0,-6876.356850485007
53888.0,-6876.37789662679
53889.0,-6876.398942768574
53890.0,-6876.4199889103575
53891.0,-6876.44103505214
53892.0,-6876.462081193924
53893.0,-6876.483127335708
53894.0,-6876.50417347749
53895.0,-6876.525219619274
53896.0,-6876.546265761058
53897.0,-6876.567311902841
53898.0,-6876.588358044624
53899.0,-6876.609404186408
53900.0,-6876.630450328191
53901.0,-6876.6514964699745
53902.0,-6876.672542611758
53903.0,-6876.693588753541
53904.0,-6876.714634895325
53905.0,-6876.735681037108
53906.0,-6876.756727178891
53907.0,-6876.777773320675
53908.0,-6876.798819462459
53909.0,-6876.819865604241
53910.0,-6876.840911746025
53911.0,-6876.861957887809
53912.0,-6876.883004029592
53913.0,-6876.904050171375
53914.0,-6876.925096313159
53915.0,-6876.946142454942
53916.0,-6876.9671885967255
53917.0,-6876.988234738509
53918.0,-6877.009280880292
53919.0,-6877.030327022076
53920.0,-6877.051373163859
53921.0,-6877.072419305642
53922.0,-6877.093465447426
53923.0,-6877.1145115892095
53924.0,-6877.135557730992
53925.0,-6877.156603872776
53926.0,-6877.17765001456
53927.0,-6877.1986961563425
53928.0,-6877.219742298126
53929.0,-6877.24078843991
53930.0,-6877.261834581693
53931.0,-6877.282880723476
53932.0,-6877.30392686526
53933.0,-6877.324973007043
53934.0,-6877.346019148827
53935.0,-6877.36706529061
53936.0,-6877.388111432393
53937.0,-6877.409157574177
53938.0,-6877.4302037159605
53939.0,-6877.451249857743
53940.0,-6877.472295999527
53941.0,-6877.493342141311
53942.0,-6877.5143882830935
53943.0,-6877.535434424877
53944.0,-6877.556480566661
53945.0,-6877.577526708444
53946.0,-6877.598572850227
53947.0,-6877.619618992011
53948.0,-6877.640665133794
53949.0,-6877.6617112755775
53950.0,-6877.682757417361
53951.0,-6877.703803559144
53952.0,-6877.724849700928
53953.0,-6877.745895842711
53954.0,-6877.766941984494
53955.0,-6877.787988126278
53956.0,-6877.809034268062
53957.0,-6877.830080409844
53958.0,-6877.851126551628
53959.0,-6877.872172693412
53960.0,-6877.893218835195
53961.0,-6877.914264976978
53962.0,-6877.935311118762
53963.0,-6877.956357260545
53964.0,-6877.9774034023285
53965.0,-6877.998449544112
53966.0,-6878.019495685895
53967.0,-6878.040541827679
53968.0,-6878.061587969462
53969.0,-6878.082634111245
53970.0,-6878.103680253029
53971.0,-6878.124726394813
53972.0,-6878.145772536595
53973.0,-6878.166818678379
53974.0,-6878.187864820163
53975.0,-6878.208910961946
53976.0,-6878.229957103729
53977.0,-6878.251003245513
53978.0,-6878.272049387296
53979.0,-6878.293095529079
53980.0,-6878.314141670863
53981.0,-6878.335187812646
53982.0,-6878.35623395443
53983.0,-6878.377280096213
53984.0,-6878.398326237996
53985.0,-6878.41937237978
53986.0,-6878.4404185215635
53987.0,-6878.461464663346
53988.0,-6878.48251080513
53989.0,-6878.503556946914
53990.0,-6878.5246030886965
53991.0,-6878.54564923048
53992.0,-6878.566695372264
53993.0,-6878.587741514047
53994.0,-6878.60878765583
53995.0,-6878.629833797614
53996.0,-6878.650879939397
53997.0,-6878.671926081181
53998.0,-6878.692972222964
53999.0,-6878.714018364747
54000.0,-6878.735064506531
54001.0,-6878.7561106483145
54002.0,-6878.777156790097
54003.0,-6878.798202931881
54004.0,-6878.819249073665
54005.0,-6878.840295215447
54006.0,-6878.861341357231
54007.0,-6878.882387499015
54008.0,-6878.903433640798
54009.0,-6878.924479782581
54010.0,-6878.945525924365
54011.0,-6878.966572066148
54012.0,-6878.9876182079315
54013.0,-6879.008664349715
54014.0,-6879.029710491498
54015.0,-6879.050756633282
54016.0,-6879.071802775065
54017.0,-6879.092848916848
54018.0,-6879.113895058632
54019.0,-6879.134941200416
54020.0,-6879.155987342198
54021.0,-6879.177033483982
54022.0,-6879.198079625766
54023.0,-6879.219125767549
54024.0,-6879.240171909332
54025.0,-6879.261218051116
54026.0,-6879.282264192899
54027.0,-6879.3033103346825
54028.0,-6879.324356476466
54029.0,-6879.345402618249
54030.0,-6879.366448760033
54031.0,-6879.387494901816
54032.0,-6879.408541043599
54033.0,-6879.429587185383
54034.0,-6879.4506333271665
54035.0,-6879.471679468949
54036.0,-6879.492725610733
54037.0,-6879.513771752517
54038.0,-6879.5348178942995
54039.0,-6879.555864036083
54040.0,-6879.576910177867
54041.0,-6879.59795631965
54042.0,-6879.619002461433
54043.0,-6879.640048603217
54044.0,-6879.661094745
54045.0,-6879.682140886784
54046.0,-6879.703187028567
54047.0,-6879.72423317035
54048.0,-6879.745279312134
54049.0,-6879.7663254539175
54050.0,-6879.7873715957
54051.0,-6879.808417737484
54052.0,-6879.829463879268
54053.0,-6879.8505100210505
54054.0,-6879.871556162834
54055.0,-6879.892602304618
54056.0,-6879.913648446401
54057.0,-6879.934694588184
54058.0,-6879.955740729968
54059.0,-6879.976786871751
54060.0,-6879.997833013535
54061.0,-6880.018879155318
54062.0,-6880.039925297101
54063.0,-6880.060971438885
54064.0,-6880.082017580668
54065.0,-6880.103063722451
54066.0,-6880.124109864235
54067.0,-6880.145156006019
54068.0,-6880.166202147801
54069.0,-6880.187248289585
54070.0,-6880.208294431369
54071.0,-6880.229340573152
54072.0,-6880.250386714935
54073.0,-6880.271432856719
54074.0,-6880.292478998502
54075.0,-6880.3135251402855
54076.0,-6880.334571282069
54077.0,-6880.355617423852
54078.0,-6880.376663565636
54079.0,-6880.397709707419
54080.0,-6880.418755849202
54081.0,-6880.439801990986
54082.0,-6880.46084813277
54083.0,-6880.481894274552
54084.0,-6880.502940416336
54085.0,-6880.52398655812
54086.0,-6880.545032699903
54087.0,-6880.566078841686
54088.0,-6880.58712498347
54089.0,-6880.608171125253
54090.0,-6880.629217267036
54091.0,-6880.65026340882
54092.0,-6880.671309550603
54093.0,-6880.692355692387
54094.0,-6880.71340183417
54095.0,-6880.734447975953
54096.0,-6880.755494117737
54097.0,-6880.7765402595205
54098.0,-6880.797586401303
54099.0,-6880.818632543087
54100.0,-6880.839678684871
54101.0,-6880.8607248266535
54102.0,-6880.881770968437
54103.0,-6880.902817110221
54104.0,-6880.923863252004
54105.0,-6880.944909393787
54106.0,-6880.965955535571
54107.0,-6880.987001677354
54108.0,-6881.008047819138
54109.0,-6881.029093960921
54110.0,-6881.050140102704
54111.0,-6881.071186244488
54112.0,-6881.0922323862715
54113.0,-6881.113278528054
54114.0,-6881.134324669838
54115.0,-6881.155370811622
54116.0,-6881.176416953404
54117.0,-6881.197463095188
54118.0,-6881.218509236972
54119.0,-6881.239555378755
54120.0,-6881.260601520538
54121.0,-6881.281647662322
54122.0,-6881.302693804105
54123.0,-6881.3237399458885
54124.0,-6881.344786087672
54125.0,-6881.365832229455
54126.0,-6881.386878371239
54127.0,-6881.407924513022
54128.0,-6881.428970654805
54129.0,-6881.450016796589
54130.0,-6881.471062938373
54131.0,-6881.492109080155
54132.0,-6881.513155221939
54133.0,-6881.534201363723
54134.0,-6881.555247505506
54135.0,-6881.576293647289
54136.0,-6881.597339789073
54137.0,-6881.618385930856
54138.0,-6881.6394320726395
54139.0,-6881.660478214423
54140.0,-6881.681524356206
54141.0,-6881.70257049799
54142.0,-6881.723616639773
54143.0,-6881.744662781556
54144.0,-6881.76570892334
54145.0,-6881.7867550651235
54146.0,-6881.807801206906
54147.0,-6881.82884734869
54148.0,-6881.849893490474
54149.0,-6881.8709396322565
54150.0,-6881.89198577404
54151.0,-6881.913031915824
54152.0,-6881.934078057607
54153.0,-6881.95512419939
54154.0,-6881.976170341174
54155.0,-6881.997216482957
54156.0,-6882.018262624741
54157.0,-6882.039308766524
54158.0,-6882.060354908307
54159.0,-6882.081401050091
54160.0,-6882.1024471918745
54161.0,-6882.123493333657
54162.0,-6882.144539475441
54163.0,-6882.165585617225
54164.0,-6882.1866317590075
54165.0,-6882.207677900791
54166.0,-6882.228724042575
54167.0,-6882.249770184358
54168.0,-6882.270816326141
54169.0,-6882.291862467925
54170.0,-6882.312908609708
54171.0,-6882.333954751492
54172.0,-6882.355000893275
54173.0,-6882.376047035058
54174.0,-6882.397093176842
54175.0,-6882.418139318625
54176.0,-6882.439185460408
54177.0,-6882.460231602192
54178.0,-6882.481277743976
54179.0,-6882.502323885758
54180.0,-6882.523370027542
54181.0,-6882.544416169326
54182.0,-6882.565462311109
54183.0,-6882.586508452892
54184.0,-6882.607554594676
54185.0,-6882.628600736459
54186.0,-6882.6496468782425
54187.0,-6882.670693020026
54188.0,-6882.691739161809
54189.0,-6882.712785303593
54190.0,-6882.733831445376
54191.0,-6882.754877587159
54192.0,-6882.775923728943
54193.0,-6882.796969870727
54194.0,-6882.818016012509
54195.0,-6882.839062154293
54196.0,-6882.860108296077
54197.0,-6882.88115443786
54198.0,-6882.902200579643
54199.0,-6882.923246721427
54200.0,-6882.94429286321
54201.0,-6882.965339004993
54202.0,-6882.986385146777
54203.0,-6883.00743128856
54204.0,-6883.028477430344
54205.0,-6883.049523572127
54206.0,-6883.07056971391
54207.0,-6883.091615855694
54208.0,-6883.1126619974775
54209.0,-6883.13370813926
54210.0,-6883.154754281044
54211.0,-6883.175800422828
54212.0,-6883.1968465646105
54213.0,-6883.217892706394
54214.0,-6883.238938848178
54215.0,-6883.259984989961
54216.0,-6883.281031131744
54217.0,-6883.302077273528
54218.0,-6883.323123415311
54219.0,-6883.344169557095
54220.0,-6883.365215698878
54221.0,-6883.386261840661
54222.0,-6883.407307982445
54223.0,-6883.4283541242285
54224.0,-6883.449400266011
54225.0,-6883.470446407795
54226.0,-6883.491492549579
54227.0,-6883.512538691361
54228.0,-6883.533584833145
54229.0,-6883.554630974929
54230.0,-6883.575677116712
54231.0,-6883.596723258495
54232.0,-6883.617769400279
54233.0,-6883.638815542062
54234.0,-6883.6598616838455
54235.0,-6883.680907825629
54236.0,-6883.701953967412
54237.0,-6883.723000109196
54238.0,-6883.744046250979
54239.0,-6883.765092392762
54240.0,-6883.786138534546
54241.0,-6883.80718467633
54242.0,-6883.828230818112
54243.0,-6883.849276959896
54244.0,-6883.87032310168
54245.0,-6883.891369243463
54246.0,-6883.912415385246
54247.0,-6883.93346152703
54248.0,-6883.954507668813
54249.0,-6883.9755538105965
54250.0,-6883.99659995238
54251.0,-6884.017646094163
54252.0,-6884.038692235947
54253.0,-6884.05973837773
54254.0,-6884.080784519513
54255.0,-6884.101830661297
54256.0,-6884.1228768030805
54257.0,-6884.143922944863
54258.0,-6884.164969086647
54259.0,-6884.186015228431
54260.0,-6884.2070613702135
54261.0,-6884.228107511997
54262.0,-6884.249153653781
54263.0,-6884.270199795564
54264.0,-6884.291245937347
54265.0,-6884.312292079131
54266.0,-6884.333338220914
54267.0,-6884.354384362698
54268.0,-6884.375430504481
54269.0,-6884.396476646264
54270.0,-6884.417522788048
54271.0,-6884.4385689298315
54272.0,-6884.459615071614
54273.0,-6884.460506007075
54274.0,-6884.461396942536
54275.0,-6884.4622878779965
54276.0,-6884.4631788134575
54277.0,-6884.4640697489185
54278.0,-6884.464960684379
54279.0,-6884.46585161984
54280.0,-6884.466742555301
54281.0,-6884.467633490761
54282.0,-6884.468524426222
54283.0,-6884.469415361683
54284.0,-6884.470306297143
54285.0,-6884.471197232604
54286.0,-6884.472088168065
54287.0,-6884.472979103525
54288.0,-6884.473870038986
54289.0,-6884.474760974447
54290.0,-6884.475651909907
54291.0,-6884.476542845368
54292.0,-6884.477433780829
54293.0,-6884.4783247162895
54294.0,-6884.479215651751
54295.0,-6884.480106587212
54296.0,-6884.480997522672
54297.0,-6884.481888458133
54298.0,-6884.482779393594
54299.0,-6884.483670329054
54300.0,-6884.484561264515
54301.0,-6884.485452199976
54302.0,-6884.486343135436
54303.0,-6884.487234070897
54304.0,-6884.488125006358
54305.0,-6884.489015941818
54306.0,-6884.489906877279
54307.0,-6884.49079781274
54308.0,-6884.4916887482
54309.0,-6884.4925796836615
54310.0,-6884.4934706191225
54311.0,-6884.494361554583
54312.0,-6884.495252490044
54313.0,-6884.496143425505
54314.0,-6884.497034360965
54315.0,-6884.497925296426
54316.0,-6884.498816231887
54317.0,-6884.499707167347
54318.0,-6884.500598102808
54319.0,-6884.501489038269
54320.0,-6884.502379973729
54321.0,-6884.50327090919
54322.0,-6884.504161844651
54323.0,-6884.505052780111
54324.0,-6884.505943715572
54325.0,-6884.506834651033
54326.0,-6884.5077255864935
54327.0,-6884.5086165219545
54328.0,-6884.509507457416
54329.0,-6884.510398392876
54330.0,-6884.511289328337
54331.0,-6884.512180263798
54332.0,-6884.513071199258
54333.0,-6884.513962134719
54334.0,-6884.51485307018
54335.0,-6884.51574400564
54336.0,-6884.516634941101
54337.0,-6884.517525876562
54338.0,-6884.518416812022
54339.0,-6884.519307747483
54340.0,-6884.520198682944
54341.0,-6884.521089618404
54342.0,-6884.521980553865
54343.0,-6884.5228714893265
54344.0,-6884.523762424787
54345.0,-6884.524653360248
54346.0,-6884.525544295709
54347.0,-6884.526435231169
54348.0,-6884.52732616663
54349.0,-6884.528217102091
54350.0,-6884.529108037551
54351.0,-6884.529998973012
54352.0,-6884.530889908473
54353.0,-6884.531780843933
54354.0,-6884.532671779394
54355.0,-6884.533562714855
54356.0,-6884.534453650315
54357.0,-6884.535344585776
54358.0,-6884.536235521237
54359.0,-6884.5371264566975
54360.0,-6884.5380173921585
54361.0,-6884.5389083276195
54362.0,-6884.53979926308
54363.0,-6884.540690198541
54364.0,-6884.541581134002
54365.0,-6884.542472069462
54366.0,-6884.543363004923
54367.0,-6884.544253940384
54368.0,-6884.545144875844
54369.0,-6884.546035811305
54370.0,-6884.546926746766
54371.0,-6884.547817682226
54372.0,-6884.548708617687
54373.0,-6884.549599553148
54374.0,-6884.550490488608
54375.0,-6884.551381424069
54376.0,-6884.55227235953
54377.0,-6884.553163294991
54378.0,-6884.554054230452
54379.0,-6884.554945165913
54380.0,-6884.555836101373
54381.0,-6884.556727036834
54382.0,-6884.557617972295
54383.0,-6884.558508907755
54384.0,-6884.559399843216
54385.0,-6884.560290778677
54386.0,-6884.561181714137
54387.0,-6884.562072649598
54388.0,-6884.562963585059
54389.0,-6884.563854520519
54390.0,-6884.56474545598
54391.0,-6884.565636391441
54392.0,-6884.566527326901
54393.0,-6884.5674182623625
54394.0,-6884.5683091978235
54395.0,-6884.569200133284
54396.0,-6884.570091068745
54397.0,-6884.570982004206
54398.0,-6884.571872939666
54399.0,-6884.572763875127
54400.0,-6884.573654810588
54401.0,-6884.574545746048
54402.0,-6884.575436681509
54403.0,-6884.57632761697
54404.0,-6884.57721855243
54405.0,-6884.578109487891
54406.0,-6884.579000423352
54407.0,-6884.579891358812
54408.0,-6884.580782294273
54409.0,-6884.581673229734
54410.0,-6884.5825641651945
54411.0,-6884.583455100656
54412.0,-6884.584346036117
54413.0,-6884.585236971577
54414.0,-6884.586127907038
54415.0,-6884.587018842499
54416.0,-6884.587909777959
54417.0,-6884.58880071342
54418.0,-6884.589691648881
54419.0,-6884.590582584341
54420.0,-6884.591473519802
54421.0,-6884.592364455263
54422.0,-6884.593255390723
54423.0,-6884.594146326184
54424.0,-6884.595037261645
54425.0,-6884.595928197105
54426.0,-6884.596819132566
54427.0,-6884.5977100680275
54428.0,-6884.598601003488
54429.0,-6884.599491938949
54430.0,-6884.60038287441
54431.0,-6884.60127380987
54432.0,-6884.602164745331
54433.0,-6884.603055680792
54434.0,-6884.603946616252
54435.0,-6884.604837551713
54436.0,-6884.605728487174
54437.0,-6884.606619422634
54438.0,-6884.607510358095
54439.0,-6884.608401293556
54440.0,-6884.609292229016
54441.0,-6884.610183164477
54442.0,-6884.611074099938
54443.0,-6884.6119650353985
54444.0,-6884.6128559708595
54445.0,-6884.613746906321
54446.0,-6884.614637841781
54447.0,-6884.615528777242
54448.0,-6884.616419712703
54449.0,-6884.617310648163
54450.0,-6884.618201583624
54451.0,-6884.619092519085
54452.0,-6884.619983454545
54453.0,-6884.620874390006
54454.0,-6884.621765325467
54455.0,-6884.622656260927
54456.0,-6884.623547196388
54457.0,-6884.624438131849
54458.0,-6884.625329067309
54459.0,-6884.62622000277
54460.0,-6884.627110938231
54461.0,-6884.628001873692
54462.0,-6884.628892809153
54463.0,-6884.629783744614
54464.0,-6884.630674680074
54465.0,-6884.631565615535
54466.0,-6884.632456550996
54467.0,-6884.633347486456
54468.0,-6884.634238421917
54469.0,-6884.635129357378
54470.0,-6884.636020292838
54471.0,-6884.636911228299
54472.0,-6884.63780216376
54473.0,-6884.63869309922
54474.0,-6884.639584034681
54475.0,-6884.640474970142
54476.0,-6884.6413659056025
54477.0,-6884.6422568410635
54478.0,-6884.6431477765245
54479.0,-6884.644038711985
54480.0,-6884.644929647446
54481.0,-6884.645820582907
54482.0,-6884.646711518367
54483.0,-6884.647602453828
54484.0,-6884.648493389289
54485.0,-6884.649384324749
54486.0,-6884.65027526021
54487.0,-6884.651166195671
54488.0,-6884.652057131131
54489.0,-6884.652948066592
54490.0,-6884.653839002053
54491.0,-6884.654729937513
54492.0,-6884.655620872974
54493.0,-6884.656511808435
54494.0,-6884.657402743896
54495.0,-6884.658293679357
54496.0,-6884.659184614818
54497.0,-6884.660075550278
54498.0,-6884.660966485739
54499.0,-6884.6618574212
54500.0,-6884.66274835666
54501.0,-6884.663639292121
54502.0,-6884.664530227582
54503.0,-6884.665421163042
54504.0,-6884.666312098503
54505.0,-6884.667203033964
54506.0,-6884.668093969424
54507.0,-6884.668984904885
54508.0,-6884.669875840346
54509.0,-6884.670766775806
54510.0,-6884.6716577112675
54511.0,-6884.6725486467285
54512.0,-6884.673439582189
54513.0,-6884.67433051765
54514.0,-6884.675221453111
54515.0,-6884.676112388571
54516.0,-6884.677003324032
54517.0,-6884.677894259493
54518.0,-6884.678785194953
54519.0,-6884.679676130414
54520.0,-6884.680567065875
54521.0,-6884.681458001335
54522.0,-6884.682348936796
54523.0,-6884.683239872257
54524.0,-6884.684130807717
54525.0,-6884.685021743178
54526.0,-6884.685912678639
54527.0,-6884.6868036140995
54528.0,-6884.687694549561
54529.0,-6884.688585485022
54530.0,-6884.689476420482
54531.0,-6884.690367355943
54532.0,-6884.691258291404
54533.0,-6884.692149226864
54534.0,-6884.693040162325
54535.0,-6884.693931097786
54536.0,-6884.694822033246
54537.0,-6884.695712968707
54538.0,-6884.696603904168
54539.0,-6884.697494839628
54540.0,-6884.698385775089
54541.0,-6884.69927671055
54542.0,-6884.70016764601
54543.0,-6884.701058581471
54544.0,-6884.7019495169325
54545.0,-6884.702840452393
54546.0,-6884.703731387854
54547.0,-6884.704622323315
54548.0,-6884.705513258775
54549.0,-6884.706404194236
54550.0,-6884.707295129697
54551.0,-6884.708186065157
54552.0,-6884.709077000618
54553.0,-6884.709967936079
54554.0,-6884.710858871539
54555.0,-6884.711749807
54556.0,-6884.712640742461
54557.0,-6884.713531677921
54558.0,-6884.714422613382
54559.0,-6884.715313548843
54560.0,-6884.7162044843035
54561.0,-6884.7170954197645
54562.0,-6884.717986355226
54563.0,-6884.718877290686
54564.0,-6884.719768226147
54565.0,-6884.720659161608
54566.0,-6884.721550097068
54567.0,-6884.722441032529
54568.0,-6884.72333196799
54569.0,-6884.72422290345
54570.0,-6884.725113838911
54571.0,-6884.726004774372
54572.0,-6884.726895709832
54573.0,-6884.727786645293
54574.0,-6884.728677580754
54575.0,-6884.729568516214
54576.0,-6884.730459451675
54577.0,-6884.731350387136
54578.0,-6884.732241322597
54579.0,-6884.733132258058
54580.0,-6884.734023193519
54581.0,-6884.734914128979
54582.0,-6884.73580506444
54583.0,-6884.736695999901
54584.0,-6884.737586935361
54585.0,-6884.738477870822
54586.0,-6884.739368806283
54587.0,-6884.740259741743
54588.0,-6884.741150677204
54589.0,-6884.742041612665
54590.0,-6884.742932548125
54591.0,-6884.743823483586
54592.0,-6884.744714419047
54593.0,-6884.7456053545075
54594.0,-6884.7464962899685
54595.0,-6884.7473872254295
54596.0,-6884.74827816089
54597.0,-6884.749169096351
54598.0,-6884.750060031812
54599.0,-6884.750950967272
54600.0,-6884.751841902733
54601.0,-6884.752732838194
54602.0,-6884.753623773654
54603.0,-6884.754514709115
54604.0,-6884.755405644576
54605.0,-6884.756296580036
54606.0,-6884.757187515497
54607.0,-6884.758078450958
54608.0,-6884.758969386418
54609.0,-6884.759860321879
54610.0,-6884.76075125734
54611.0,-6884.7616421928005
54612.0,-6884.762533128262
54613.0,-6884.763424063723
54614.0,-6884.764314999183
54615.0,-6884.765205934644
54616.0,-6884.766096870105
54617.0,-6884.766987805565
54618.0,-6884.767878741026
54619.0,-6884.768769676487
54620.0,-6884.769660611947
54621.0,-6884.770551547408
54622.0,-6884.771442482869
54623.0,-6884.772333418329
54624.0,-6884.77322435379
54625.0,-6884.774115289251
54626.0,-6884.775006224711
54627.0,-6884.7758971601725
54628.0,-6884.7767880956335
54629.0,-6884.777679031094
54630.0,-6884.778569966555
54631.0,-6884.779460902016
54632.0,-6884.780351837476
54633.0,-6884.781242772937
54634.0,-6884.782133708398
54635.0,-6884.783024643858
54636.0,-6884.783915579319
54637.0,-6884.78480651478
54638.0,-6884.78569745024
54639.0,-6884.786588385701
54640.0,-6884.787479321162
54641.0,-6884.788370256622
54642.0,-6884.789261192083
54643.0,-6884.790152127544
54644.0,-6884.7910430630045
54645.0,-6884.7919339984655
54646.0,-6884.792824933927
54647.0,-6884.793715869387
54648.0,-6884.794606804848
54649.0,-6884.795497740309
54650.0,-6884.796388675769
54651.0,-6884.79727961123
54652.0,-6884.798170546691
54653.0,-6884.799061482151
54654.0,-6884.799952417612
54655.0,-6884.800843353073
54656.0,-6884.801734288533
54657.0,-6884.802625223994
54658.0,-6884.803516159455
54659.0,-6884.804407094915
54660.0,-6884.805298030376
54661.0,-6884.8061889658375
54662.0,-6884.807079901298
54663.0,-6884.807970836759
54664.0,-6884.80886177222
54665.0,-6884.80975270768
54666.0,-6884.810643643141
54667.0,-6884.811534578602
54668.0,-6884.812425514062
54669.0,-6884.813316449523
54670.0,-6884.814207384984
54671.0,-6884.815098320444
54672.0,-6884.815989255905
54673.0,-6884.816880191366
54674.0,-6884.817771126826
54675.0,-6884.818662062287
54676.0,-6884.819552997748
54677.0,-6884.8204439332085
54678.0,-6884.8213348686695
54679.0,-6884.8222258041305
54680.0,-6884.823116739591
54681.0,-6884.824007675052
54682.0,-6884.824898610513
54683.0,-6884.825789545973
54684.0,-6884.826680481434
54685.0,-6884.827571416895
54686.0,-6884.828462352355
54687.0,-6884.829353287816
54688.0,-6884.830244223277
54689.0,-6884.831135158737
54690.0,-6884.832026094198
54691.0,-6884.832917029659
54692.0,-6884.833807965119
54693.0,-6884.83469890058
54694.0,-6884.835589836041
54695.0,-6884.836480771502
54696.0,-6884.837371706963
54697.0,-6884.838262642424
54698.0,-6884.839153577884
54699.0,-6884.840044513345
54700.0,-6884.840935448806
54701.0,-6884.841826384266
54702.0,-6884.842717319727
54703.0,-6884.843608255188
54704.0,-6884.844499190648
54705.0,-6884.845390126109
54706.0,-6884.84628106157
54707.0,-6884.84717199703
54708.0,-6884.848062932491
54709.0,-6884.848953867952
54710.0,-6884.849844803412
54711.0,-6884.8507357388735
54712.0,-6884.8516266743345
54713.0,-6884.852517609795
54714.0,-6884.853408545256
54715.0,-6884.854299480717
54716.0,-6884.855190416177
54717.0,-6884.856081351638
54718.0,-6884.856972287099
54719.0,-6884.857863222559
54720.0,-6884.85875415802
54721.0,-6884.859645093481
54722.0,-6884.860536028941
54723.0,-6884.861426964402
54724.0,-6884.862317899863
54725.0,-6884.863208835323
54726.0,-6884.864099770784
54727.0,-6884.864990706245
54728.0,-6884.8658816417055
54729.0,-6884.866772577167
54730.0,-6884.867663512628
54731.0,-6884.868554448088
54732.0,-6884.869445383549
54733.0,-6884.87033631901
54734.0,-6884.87122725447
54735.0,-6884.872118189931
54736.0,-6884.873009125392
54737.0,-6884.873900060852
54738.0,-6884.874790996313
54739.0,-6884.875681931774
54740.0,-6884.876572867234
54741.0,-6884.877463802695
54742.0,-6884.878354738156
54743.0,-6884.879245673616
54744.0,-6884.880136609077
54745.0,-6884.8810275445385
54746.0,-6884.881918479999
54747.0,-6884.88280941546
54748.0,-6884.883700350921
54749.0,-6884.884591286381
54750.0,-6884.885482221842
54751.0,-6884.886373157303
54752.0,-6884.887264092763
54753.0,-6884.888155028224
54754.0,-6884.889045963685
54755.0,-6884.889936899145
54756.0,-6884.890827834606
54757.0,-6884.891718770067
54758.0,-6884.892609705527
54759.0,-6884.893500640988
54760.0,-6884.894391576449
54761.0,-6884.8952825119095
54762.0,-6884.8961734473705
54763.0,-6884.897064382832
54764.0,-6884.897955318292
54765.0,-6884.898846253753
54766.0,-6884.899737189214
54767.0,-6884.900628124674
54768.0,-6884.901519060135
54769.0,-6884.902409995596
54770.0,-6884.903300931056
54771.0,-6884.904191866517
54772.0,-6884.905082801978
54773.0,-6884.905973737438
54774.0,-6884.906864672899
54775.0,-6884.90775560836
54776.0,-6884.90864654382
54777.0,-6884.909537479281
54778.0,-6884.9104284147425
54779.0,-6884.911319350203
54780.0,-6884.912210285664
54781.0,-6884.913101221125
54782.0,-6884.913992156585
54783.0,-6884.914883092046
54784.0,-6884.915774027507
54785.0,-6884.916664962967
54786.0,-6884.917555898428
54787.0,-6884.918446833889
54788.0,-6884.919337769349
54789.0,-6884.92022870481
54790.0,-6884.921119640271
54791.0,-6884.922010575731
54792.0,-6884.922901511192
54793.0,-6884.923792446653
54794.0,-6884.9246833821135
54795.0,-6884.9255743175745
54796.0,-6884.9264652530355
54797.0,-6884.927356188496
54798.0,-6884.928247123957
54799.0,-6884.929138059418
54800.0,-6884.930028994878
54801.0,-6884.930919930339
54802.0,-6884.9318108658
54803.0,-6884.93270180126
54804.0,-6884.933592736721
54805.0,-6884.934483672182
54806.0,-6884.935374607642
54807.0,-6884.936265543103
54808.0,-6884.937156478564
54809.0,-6884.938047414024
54810.0,-6884.938938349485
54811.0,-6884.939829284946
54812.0,-6884.940720220407
54813.0,-6884.941611155868
54814.0,-6884.942502091329
54815.0,-6884.943393026789
54816.0,-6884.94428396225
54817.0,-6884.945174897711
54818.0,-6884.946065833171
54819.0,-6884.946956768632
54820.0,-6884.947847704093
54821.0,-6884.948738639553
54822.0,-6884.949629575014
54823.0,-6884.950520510475
54824.0,-6884.951411445935
54825.0,-6884.952302381396
54826.0,-6884.953193316857
54827.0,-6884.954084252317
54828.0,-6884.9549751877785
54829.0,-6884.9558661232395
54830.0,-6884.9567570587
54831.0,-6884.957647994161
54832.0,-6884.958538929622
54833.0,-6884.959429865082
54834.0,-6884.960320800543
54835.0,-6884.961211736004
54836.0,-6884.962102671464
54837.0,-6884.962993606925
54838.0,-6884.963884542386
54839.0,-6884.964775477846
54840.0,-6884.965666413307
54841.0,-6884.966557348768
54842.0,-6884.967448284228
54843.0,-6884.968339219689
54844.0,-6884.96923015515
54845.0,-6884.9701210906105
54846.0,-6884.971012026072
54847.0,-6884.971902961533
54848.0,-6884.972793896993
54849.0,-6884.973684832454
54850.0,-6884.974575767915
54851.0,-6884.975466703375
54852.0,-6884.976357638836
54853.0,-6884.977248574297
54854.0,-6884.978139509757
54855.0,-6884.979030445218
54856.0,-6884.979921380679
54857.0,-6884.980812316139
54858.0,-6884.9817032516
54859.0,-6884.982594187061
54860.0,-6884.983485122521
54861.0,-6884.984376057982
54862.0,-6884.9852669934435
54863.0,-6884.986157928904
54864.0,-6884.987048864365
54865.0,-6884.987939799826
54866.0,-6884.988830735286
54867.0,-6884.989721670747
54868.0,-6884.990612606208
54869.0,-6884.991503541668
54870.0,-6884.992394477129
54871.0,-6884.99328541259
54872.0,-6884.99417634805
54873.0,-6884.995067283511
54874.0,-6884.995958218972
54875.0,-6884.996849154432
54876.0,-6884.997740089893
54877.0,-6884.998631025354
54878.0,-6884.9995219608145
54879.0,-6885.0004128962755
54880.0,-6885.001303831737
54881.0,-6885.002194767197
54882.0,-6885.003085702658
54883.0,-6885.003976638119
54884.0,-6885.004867573579
54885.0,-6885.00575850904
54886.0,-6885.006649444501
54887.0,-6885.007540379961
54888.0,-6885.008431315422
54889.0,-6885.009322250883
54890.0,-6885.010213186343
54891.0,-6885.011104121804
54892.0,-6885.011995057265
54893.0,-6885.012885992725
54894.0,-6885.013776928186
54895.0,-6885.014667863647
54896.0,-6885.015558799108
54897.0,-6885.016449734569
54898.0,-6885.01734067003
54899.0,-6885.01823160549
54900.0,-6885.019122540951
54901.0,-6885.020013476412
54902.0,-6885.020904411872
54903.0,-6885.021795347333
54904.0,-6885.022686282794
54905.0,-6885.023577218254
54906.0,-6885.024468153715
54907.0,-6885.025359089176
54908.0,-6885.026250024636
54909.0,-6885.027140960097
54910.0,-6885.028031895558
54911.0,-6885.0289228310185
54912.0,-6885.0298137664795
54913.0,-6885.0307047019405
54914.0,-6885.031595637401
54915.0,-6885.032486572862
54916.0,-6885.033377508323
54917.0,-6885.034268443783
54918.0,-6885.035159379244
54919.0,-6885.036050314705
54920.0,-6885.036941250165
54921.0,-6885.037832185626
54922.0,-6885.038723121087
54923.0,-6885.039614056547
54924.0,-6885.040504992008
54925.0,-6885.041395927469
54926.0,-6885.042286862929
54927.0,-6885.04317779839
54928.0,-6885.044068733851
54929.0,-6885.0449596693115
54930.0,-6885.045850604773
54931.0,-6885.046741540234
54932.0,-6885.047632475694
54933.0,-6885.048523411155
54934.0,-6885.049414346616
54935.0,-6885.050305282076
54936.0,-6885.051196217537
54937.0,-6885.052087152998
54938.0,-6885.052978088458
54939.0,-6885.053869023919
54940.0,-6885.05475995938
54941.0,-6885.05565089484
54942.0,-6885.056541830301
54943.0,-6885.057432765762
54944.0,-6885.058323701222
54945.0,-6885.0592146366835
54946.0,-6885.0601055721445
54947.0,-6885.060996507605
54948.0,-6885.061887443066
54949.0,-6885.062778378527
54950.0,-6885.063669313987
54951.0,-6885.064560249448
54952.0,-6885.065451184909
54953.0,-6885.066342120369
54954.0,-6885.06723305583
54955.0,-6885.068123991291
54956.0,-6885.069014926751
54957.0,-6885.069905862212
54958.0,-6885.070796797673
54959.0,-6885.071687733133
54960.0,-6885.072578668594
54961.0,-6885.073469604055
54962.0,-6885.0743605395155
54963.0,-6885.0752514749765
54964.0,-6885.076142410438
54965.0,-6885.077033345898
54966.0,-6885.077924281359
54967.0,-6885.07881521682
54968.0,-6885.07970615228
54969.0,-6885.080597087741
54970.0,-6885.081488023202
54971.0,-6885.082378958662
54972.0,-6885.083269894123
54973.0,-6885.084160829584
54974.0,-6885.085051765044
54975.0,-6885.085942700505
54976.0,-6885.086833635966
54977.0,-6885.087724571426
54978.0,-6885.088615506887
54979.0,-6885.0895064423485
54980.0,-6885.090397377809
54981.0,-6885.09128831327
54982.0,-6885.092179248731
54983.0,-6885.093070184191
54984.0,-6885.093961119652
54985.0,-6885.094852055113
54986.0,-6885.095742990573
54987.0,-6885.096633926034
54988.0,-6885.097524861495
54989.0,-6885.098415796955
54990.0,-6885.099306732416
54991.0,-6885.100197667877
54992.0,-6885.101088603337
54993.0,-6885.101979538798
54994.0,-6885.102870474259
54995.0,-6885.1037614097195
54996.0,-6885.1046523451805
54997.0,-6885.1055432806415
54998.0,-6885.106434216102
54999.0,-6885.107325151563
55000.0,-6885.108216087024
55001.0,-6885.109107022484
55002.0,-6885.109997957945
55003.0,-6885.110888893406
55004.0,-6885.111779828866
55005.0,-6885.112670764327
55006.0,-6885.113561699788
55007.0,-6885.114452635248
55008.0,-6885.115343570709
55009.0,-6885.11623450617
55010.0,-6885.11712544163
55011.0,-6885.118016377091
55012.0,-6885.118907312552
55013.0,-6885.119798248013
55014.0,-6885.120689183474
55015.0,-6885.121580118935
55016.0,-6885.122471054395
55017.0,-6885.123361989856
55018.0,-6885.124252925317
55019.0,-6885.125143860777
55020.0,-6885.126034796238
55021.0,-6885.126925731699
55022.0,-6885.127816667159
55023.0,-6885.12870760262
55024.0,-6885.129598538081
55025.0,-6885.130489473541
55026.0,-6885.131380409002
55027.0,-6885.132271344463
55028.0,-6885.133162279923
55029.0,-6885.1340532153845
55030.0,-6885.1349441508455
55031.0,-6885.135835086306
55032.0,-6885.136726021767
55033.0,-6885.137616957228
55034.0,-6885.138507892688
55035.0,-6885.139398828149
55036.0,-6885.14028976361
55037.0,-6885.14118069907
55038.0,-6885.142071634531
55039.0,-6885.142962569992
55040.0,-6885.143853505452
55041.0,-6885.144744440913
55042.0,-6885.145635376374
55043.0,-6885.146526311834
55044.0,-6885.147417247295
55045.0,-6885.148308182756
55046.0,-6885.1491991182165
55047.0,-6885.150090053678
55048.0,-6885.150980989139
55049.0,-6885.151871924599
55050.0,-6885.15276286006
55051.0,-6885.153653795521
55052.0,-6885.154544730981
55053.0,-6885.155435666442
55054.0,-6885.156326601903
55055.0,-6885.157217537363
55056.0,-6885.158108472824
55057.0,-6885.158999408285
55058.0,-6885.159890343745
55059.0,-6885.160781279206
55060.0,-6885.161672214667
55061.0,-6885.162563150127
55062.0,-6885.1634540855885
55063.0,-6885.1643450210495
55064.0,-6885.16523595651
55065.0,-6885.166126891971
55066.0,-6885.167017827432
55067.0,-6885.167908762892
55068.0,-6885.168799698353
55069.0,-6885.169690633814
55070.0,-6885.170581569274
55071.0,-6885.171472504735
55072.0,-6885.172363440196
55073.0,-6885.173254375656
55074.0,-6885.174145311117
55075.0,-6885.175036246578
55076.0,-6885.175927182038
55077.0,-6885.176818117499
55078.0,-6885.17770905296
55079.0,-6885.1785999884205
55080.0,-6885.1794909238815
55081.0,-6885.180381859343
55082.0,-6885.181272794803
55083.0,-6885.182163730264
55084.0,-6885.183054665725
55085.0,-6885.183945601185
55086.0,-6885.184836536646
55087.0,-6885.185727472107
55088.0,-6885.186618407567
55089.0,-6885.187509343028
55090.0,-6885.188400278489
55091.0,-6885.189291213949
55092.0,-6885.19018214941
55093.0,-6885.191073084871
55094.0,-6885.191964020331
55095.0,-6885.192854955792
55096.0,-6885.1937458912535
55097.0,-6885.194636826714
55098.0,-6885.195527762175
55099.0,-6885.196418697636
55100.0,-6885.197309633096
55101.0,-6885.198200568557
55102.0,-6885.199091504018
55103.0,-6885.199982439478
55104.0,-6885.200873374939
55105.0,-6885.2017643104
55106.0,-6885.20265524586
55107.0,-6885.203546181321
55108.0,-6885.204437116782
55109.0,-6885.205328052242
55110.0,-6885.206218987703
55111.0,-6885.207109923164
55112.0,-6885.2080008586245
55113.0,-6885.2088917940855
55114.0,-6885.2097827295465
55115.0,-6885.210673665007
55116.0,-6885.211564600468
55117.0,-6885.212455535929
55118.0,-6885.213346471389
55119.0,-6885.21423740685
55120.0,-6885.215128342311
55121.0,-6885.216019277771
55122.0,-6885.216910213232
55123.0,-6885.217801148693
55124.0,-6885.218692084153
55125.0,-6885.219583019614
55126.0,-6885.220473955075
55127.0,-6885.221364890535
55128.0,-6885.222255825996
55129.0,-6885.223146761457
55130.0,-6885.224037696918
55131.0,-6885.224928632379
55132.0,-6885.22581956784
55133.0,-6885.2267105033
55134.0,-6885.227601438761
55135.0,-6885.228492374222
55136.0,-6885.229383309682
55137.0,-6885.230274245143
55138.0,-6885.231165180604
55139.0,-6885.232056116064
55140.0,-6885.232947051525
55141.0,-6885.233837986986
55142.0,-6885.234728922446
55143.0,-6885.235619857907
55144.0,-6885.236510793368
55145.0,-6885.237401728828
55146.0,-6885.2382926642895
55147.0,-6885.2391835997505
55148.0,-6885.240074535211
55149.0,-6885.240965470672
55150.0,-6885.241856406133
55151.0,-6885.242747341593
55152.0,-6885.243638277054
55153.0,-6885.244529212515
55154.0,-6885.245420147975
55155.0,-6885.246311083436
55156.0,-6885.247202018897
55157.0,-6885.248092954357
55158.0,-6885.248983889818
55159.0,-6885.249874825279
55160.0,-6885.250765760739
55161.0,-6885.2516566962
55162.0,-6885.252547631661
55163.0,-6885.2534385671215
55164.0,-6885.254329502583
55165.0,-6885.255220438044
55166.0,-6885.256111373504
55167.0,-6885.257002308965
55168.0,-6885.257893244426
55169.0,-6885.258784179886
55170.0,-6885.259675115347
55171.0,-6885.260566050808
55172.0,-6885.261456986268
55173.0,-6885.262347921729
55174.0,-6885.26323885719
55175.0,-6885.26412979265
55176.0,-6885.265020728111
55177.0,-6885.265911663572
55178.0,-6885.266802599032
55179.0,-6885.267693534493
55180.0,-6885.2685844699545
55181.0,-6885.269475405415
55182.0,-6885.270366340876
55183.0,-6885.271257276337
55184.0,-6885.272148211797
55185.0,-6885.273039147258
55186.0,-6885.273930082719
55187.0,-6885.274821018179
55188.0,-6885.27571195364
55189.0,-6885.276602889101
55190.0,-6885.277493824561
55191.0,-6885.278384760022
55192.0,-6885.279275695483
55193.0,-6885.280166630943
55194.0,-6885.281057566404
55195.0,-6885.281948501865
55196.0,-6885.2828394373255
55197.0,-6885.2837303727865
55198.0,-6885.284621308248
55199.0,-6885.285512243708
55200.0,-6885.286403179169
55201.0,-6885.28729411463
55202.0,-6885.28818505009
55203.0,-6885.289075985551
55204.0,-6885.289966921012
55205.0,-6885.290857856472
55206.0,-6885.291748791933
55207.0,-6885.292639727394
55208.0,-6885.293530662854
55209.0,-6885.294421598315
55210.0,-6885.295312533776
55211.0,-6885.296203469236
55212.0,-6885.297094404697
55213.0,-6885.297985340158
55214.0,-6885.298876275619
55215.0,-6885.29976721108
55216.0,-6885.300658146541
55217.0,-6885.301549082001
55218.0,-6885.302440017462
55219.0,-6885.303330952923
55220.0,-6885.304221888383
55221.0,-6885.305112823844
55222.0,-6885.306003759305
55223.0,-6885.306894694765
55224.0,-6885.307785630226
55225.0,-6885.308676565687
55226.0,-6885.309567501147
55227.0,-6885.310458436608
55228.0,-6885.311349372069
55229.0,-6885.3122403075295
55230.0,-6885.3131312429905
55231.0,-6885.3140221784515
55232.0,-6885.314913113912
55233.0,-6885.315804049373
55234.0,-6885.316694984834
55235.0,-6885.317585920294
55236.0,-6885.318476855755
55237.0,-6885.319367791216
55238.0,-6885.320258726676
55239.0,-6885.321149662137
55240.0,-6885.322040597598
55241.0,-6885.322931533058
55242.0,-6885.323822468519
55243.0,-6885.32471340398
55244.0,-6885.32560433944
55245.0,-6885.326495274901
55246.0,-6885.327386210362
55247.0,-6885.3282771458225
55248.0,-6885.329168081284
55249.0,-6885.330059016745
55250.0,-6885.330949952205
55251.0,-6885.331840887666
55252.0,-6885.332731823127
55253.0,-6885.333622758587
55254.0,-6885.334513694048
55255.0,-6885.335404629509
55256.0,-6885.336295564969
55257.0,-6885.33718650043
55258.0,-6885.338077435891
55259.0,-6885.338968371351
55260.0,-6885.339859306812
55261.0,-6885.340750242273
55262.0,-6885.341641177733
55263.0,-6885.3425321131945
55264.0,-6885.3434230486555
55265.0,-6885.344313984116
55266.0,-6885.345204919577
55267.0,-6885.346095855038
55268.0,-6885.346986790498
55269.0,-6885.347877725959
55270.0,-6885.34876866142
55271.0,-6885.34965959688
55272.0,-6885.350550532341
55273.0,-6885.351441467802
55274.0,-6885.352332403262
55275.0,-6885.353223338723
55276.0,-6885.354114274184
55277.0,-6885.355005209644
55278.0,-6885.355896145105
55279.0,-6885.356787080566
55280.0,-6885.3576780160265
55281.0,-6885.3585689514875
55282.0,-6885.359459886949
55283.0,-6885.360350822409
55284.0,-6885.36124175787
55285.0,-6885.362132693331
55286.0,-6885.363023628791
55287.0,-6885.363914564252
55288.0,-6885.364805499713
55289.0,-6885.365696435173
55290.0,-6885.366587370634
55291.0,-6885.367478306095
55292.0,-6885.368369241555
55293.0,-6885.369260177016
55294.0,-6885.370151112477
55295.0,-6885.371042047937
55296.0,-6885.371932983398
55297.0,-6885.363951295614
55298.0,-6885.35596960783
55299.0,-6885.347987920046
55300.0,-6885.340006232262
55301.0,-6885.3320245444775
55302.0,-6885.324042856693
55303.0,-6885.316061168909
55304.0,-6885.308079481125
55305.0,-6885.300097793341
55306.0,-6885.2921161055565
55307.0,-6885.284134417772
55308.0,-6885.276152729988
55309.0,-6885.268171042204
55310.0,-6885.26018935442
55311.0,-6885.2522076666355
55312.0,-6885.244225978851
55313.0,-6885.236244291067
55314.0,-6885.228262603283
55315.0,-6885.220280915499
55316.0,-6885.2122992277145
55317.0,-6885.20431753993
55318.0,-6885.196335852146
55319.0,-6885.188354164362
55320.0,-6885.180372476578
55321.0,-6885.172390788794
55322.0,-6885.164409101009
55323.0,-6885.156427413225
55324.0,-6885.148445725441
55325.0,-6885.140464037657
55326.0,-6885.132482349873
55327.0,-6885.124500662088
55328.0,-6885.116518974304
55329.0,-6885.10853728652
55330.0,-6885.100555598736
55331.0,-6885.092573910952
55332.0,-6885.084592223167
55333.0,-6885.076610535383
55334.0,-6885.068628847599
55335.0,-6885.060647159815
55336.0,-6885.052665472031
55337.0,-6885.044683784246
55338.0,-6885.036702096462
55339.0,-6885.028720408678
55340.0,-6885.020738720894
55341.0,-6885.01275703311
55342.0,-6885.0047753453255
55343.0,-6884.996793657541
55344.0,-6884.988811969757
55345.0,-6884.980830281973
55346.0,-6884.972848594189
55347.0,-6884.9648669064045
55348.0,-6884.95688521862
55349.0,-6884.948903530836
55350.0,-6884.940921843052
55351.0,-6884.932940155268
55352.0,-6884.9249584674835
55353.0,-6884.916976779699
55354.0,-6884.908995091915
55355.0,-6884.901013404131
55356.0,-6884.893031716347
55357.0,-6884.885050028563
55358.0,-6884.877068340778
55359.0,-6884.869086652994
55360.0,-6884.86110496521
55361.0,-6884.853123277426
55362.0,-6884.845141589642
55363.0,-6884.837159901857
55364.0,-6884.829178214073
55365.0,-6884.821196526289
55366.0,-6884.813214838505
55367.0,-6884.805233150721
55368.0,-6884.797251462936
55369.0,-6884.789269775152
55370.0,-6884.781288087368
55371.0,-6884.773306399584
55372.0,-6884.7653247118
55373.0,-6884.757343024015
55374.0,-6884.749361336231
55375.0,-6884.741379648447
55376.0,-6884.733397960663
55377.0,-6884.725416272879
55378.0,-6884.717434585094
55379.0,-6884.70945289731
55380.0,-6884.701471209526
55381.0,-6884.693489521742
55382.0,-6884.685507833958
55383.0,-6884.6775261461735
55384.0,-6884.669544458389
55385.0,-6884.661562770605
55386.0,-6884.653581082821
55387.0,-6884.645599395037
55388.0,-6884.6376177072525
55389.0,-6884.629636019468
55390.0,-6884.621654331684
55391.0,-6884.6136726439
55392.0,-6884.605690956116
55393.0,-6884.5977092683315
55394.0,-6884.589727580547
55395.0,-6884.581745892763
55396.0,-6884.573764204979
55397.0,-6884.565782517195
55398.0,-6884.557800829411
55399.0,-6884.549819141626
55400.0,-6884.541837453842
55401.0,-6884.533855766058
55402.0,-6884.525874078274
55403.0,-6884.51789239049
55404.0,-6884.509910702705
55405.0,-6884.501929014921
55406.0,-6884.493947327137
55407.0,-6884.485965639353
55408.0,-6884.477983951569
55409.0,-6884.470002263784
55410.0,-6884.462020576
55411.0,-6884.454038888216
55412.0,-6884.446057200432
55413.0,-6884.438075512648
55414.0,-6884.430093824863
55415.0,-6884.422112137079
55416.0,-6884.414130449295
55417.0,-6884.406148761511
55418.0,-6884.398167073727
55419.0,-6884.3901853859425
55420.0,-6884.382203698158
55421.0,-6884.374222010374
55422.0,-6884.36624032259
55423.0,-6884.358258634806
55424.0,-6884.3502769470215
55425.0,-6884.342295259237
55426.0,-6884.334313571453
55427.0,-6884.326331883669
55428.0,-6884.318350195885
55429.0,-6884.3103685081005
55430.0,-6884.302386820316
55431.0,-6884.294405132532
55432.0,-6884.286423444748
55433.0,-6884.278441756964
55434.0,-6884.2704600691795
55435.0,-6884.262478381395
55436.0,-6884.254496693611
55437.0,-6884.246515005827
55438.0,-6884.238533318043
55439.0,-6884.230551630259
55440.0,-6884.222569942474
55441.0,-6884.21458825469
55442.0,-6884.206606566906
55443.0,-6884.198624879122
55444.0,-6884.190643191338
55445.0,-6884.182661503553
55446.0,-6884.174679815769
55447.0,-6884.166698127985
55448.0,-6884.158716440201
55449.0,-6884.150734752417
55450.0,-6884.142753064632
55451.0,-6884.134771376848
55452.0,-6884.126789689064
55453.0,-6884.11880800128
55454.0,-6884.110826313496
55455.0,-6884.102844625711
55456.0,-6884.094862937927
55457.0,-6884.086881250143
55458.0,-6884.078899562359
55459.0,-6884.070917874575
55460.0,-6884.0629361867905
55461.0,-6884.054954499006
55462.0,-6884.046972811222
55463.0,-6884.038991123438
55464.0,-6884.031009435654
55465.0,-6884.0230277478695
55466.0,-6884.015046060085
55467.0,-6884.007064372301
55468.0,-6883.999082684517
55469.0,-6883.991100996733
55470.0,-6883.9831193089485
55471.0,-6883.975137621164
55472.0,-6883.96715593338
55473.0,-6883.959174245596
55474.0,-6883.951192557812
55475.0,-6883.9432108700275
55476.0,-6883.935229182243
55477.0,-6883.927247494459
55478.0,-6883.919265806675
55479.0,-6883.911284118891
55480.0,-6883.903302431107
55481.0,-6883.895320743322
55482.0,-6883.887339055538
55483.0,-6883.879357367754
55484.0,-6883.87137567997
55485.0,-6883.863393992186
55486.0,-6883.855412304401
55487.0,-6883.847430616617
55488.0,-6883.839448928833
55489.0,-6883.831467241049
55490.0,-6883.823485553265
55491.0,-6883.81550386548
55492.0,-6883.807522177696
55493.0,-6883.799540489912
55494.0,-6883.791558802128
55495.0,-6883.783577114344
55496.0,-6883.775595426559
55497.0,-6883.767613738775
55498.0,-6883.759632050991
55499.0,-6883.751650363207
55500.0,-6883.743668675423
55501.0,-6883.7356869876385
55502.0,-6883.727705299854
55503.0,-6883.71972361207
55504.0,-6883.711741924286
55505.0,-6883.703760236502
55506.0,-6883.6957785487175
55507.0,-6883.687796860933
55508.0,-6883.679815173149
55509.0,-6883.671833485365
55510.0,-6883.663851797581
55511.0,-6883.6558701097965
55512.0,-6883.647888422012
55513.0,-6883.639906734228
55514.0,-6883.631925046444
55515.0,-6883.62394335866
55516.0,-6883.615961670876
55517.0,-6883.607979983091
55518.0,-6883.599998295307
55519.0,-6883.592016607523
55520.0,-6883.584034919739
55521.0,-6883.576053231955
55522.0,-6883.56807154417
55523.0,-6883.560089856386
55524.0,-6883.552108168602
55525.0,-6883.544126480818
55526.0,-6883.536144793034
55527.0,-6883.528163105249
55528.0,-6883.520181417465
55529.0,-6883.512199729681
55530.0,-6883.504218041897
55531.0,-6883.496236354113
55532.0,-6883.488254666328
55533.0,-6883.480272978544
55534.0,-6883.47229129076
55535.0,-6883.464309602976
55536.0,-6883.456327915192
55537.0,-6883.4483462274075
55538.0,-6883.440364539623
55539.0,-6883.432382851839
55540.0,-6883.424401164055
55541.0,-6883.416419476271
55542.0,-6883.4084377884865
55543.0,-6883.400456100702
55544.0,-6883.392474412918
55545.0,-6883.384492725134
55546.0,-6883.37651103735
55547.0,-6883.3685293495655
55548.0,-6883.360547661781
55549.0,-6883.352565973997
55550.0,-6883.344584286213
55551.0,-6883.336602598429
55552.0,-6883.3286209106445
55553.0,-6883.32063922286
55554.0,-6883.312657535076
55555.0,-6883.304675847292
55556.0,-6883.296694159508
55557.0,-6883.288712471724
55558.0,-6883.280730783939
55559.0,-6883.272749096155
55560.0,-6883.264767408371
55561.0,-6883.256785720587
55562.0,-6883.248804032803
55563.0,-6883.240822345018
55564.0,-6883.232840657234
55565.0,-6883.22485896945
55566.0,-6883.216877281666
55567.0,-6883.208895593882
55568.0,-6883.200913906097
55569.0,-6883.192932218313
55570.0,-6883.184950530529
55571.0,-6883.176968842745
55572.0,-6883.168987154961
55573.0,-6883.161005467176
55574.0,-6883.153023779392
55575.0,-6883.145042091608
55576.0,-6883.137060403824
55577.0,-6883.12907871604
55578.0,-6883.1210970282555
55579.0,-6883.113115340471
55580.0,-6883.105133652687
55581.0,-6883.097151964903
55582.0,-6883.089170277119
55583.0,-6883.0811885893345
55584.0,-6883.07320690155
55585.0,-6883.065225213766
55586.0,-6883.057243525982
55587.0,-6883.049261838198
55588.0,-6883.0412801504135
55589.0,-6883.033298462629
55590.0,-6883.025316774845
55591.0,-6883.017335087061
55592.0,-6883.009353399277
55593.0,-6883.0013717114925
55594.0,-6882.993390023708
55595.0,-6882.985408335924
55596.0,-6882.97742664814
55597.0,-6882.969444960356
55598.0,-6882.961463272572
55599.0,-6882.953481584787
55600.0,-6882.945499897003
55601.0,-6882.937518209219
55602.0,-6882.929536521435
55603.0,-6882.921554833651
55604.0,-6882.913573145866
55605.0,-6882.905591458082
55606.0,-6882.897609770298
55607.0,-6882.889628082514
55608.0,-6882.88164639473
55609.0,-6882.873664706945
55610.0,-6882.865683019161
55611.0,-6882.857701331377
55612.0,-6882.849719643593
55613.0,-6882.841737955809
55614.0,-6882.833756268024
55615.0,-6882.82577458024
55616.0,-6882.817792892456
55617.0,-6882.809811204672
55618.0,-6882.801829516888
55619.0,-6882.7938478291035
55620.0,-6882.785866141319
55621.0,-6882.777884453535
55622.0,-6882.769902765751
55623.0,-6882.761921077967
55624.0,-6882.7539393901825
55625.0,-6882.745957702398
55626.0,-6882.737976014614
55627.0,-6882.72999432683
55628.0,-6882.722012639046
55629.0,-6882.7140309512615
55630.0,-6882.706049263477
55631.0,-6882.698067575693
55632.0,-6882.690085887909
55633.0,-6882.682104200125
55634.0,-6882.674122512341
55635.0,-6882.666140824556
55636.0,-6882.658159136772
55637.0,-6882.650177448988
55638.0,-6882.642195761204
55639.0,-6882.63421407342
55640.0,-6882.626232385635
55641.0,-6882.618250697851
55642.0,-6882.610269010067
55643.0,-6882.602287322283
55644.0,-6882.594305634499
55645.0,-6882.586323946714
55646.0,-6882.57834225893
55647.0,-6882.570360571146
55648.0,-6882.562378883362
55649.0,-6882.554397195578
55650.0,-6882.546415507793
55651.0,-6882.538433820009
55652.0,-6882.530452132225
55653.0,-6882.522470444441
55654.0,-6882.514488756657
55655.0,-6882.506507068872
55656.0,-6882.498525381088
55657.0,-6882.490543693304
55658.0,-6882.48256200552
55659.0,-6882.474580317736
55660.0,-6882.4665986299515
55661.0,-6882.458616942167
55662.0,-6882.450635254383
55663.0,-6882.442653566599
55664.0,-6882.434671878815
55665.0,-6882.4266901910305
55666.0,-6882.418708503246
55667.0,-6882.410726815462
55668.0,-6882.402745127678
55669.0,-6882.394763439894
55670.0,-6882.3867817521095
55671.0,-6882.378800064325
55672.0,-6882.370818376541
55673.0,-6882.362836688757
55674.0,-6882.354855000973
55675.0,-6882.346873313189
55676.0,-6882.338891625404
55677.0,-6882.33090993762
55678.0,-6882.322928249836
55679.0,-6882.314946562052
55680.0,-6882.306964874268
55681.0,-6882.298983186483
55682.0,-6882.291001498699
55683.0,-6882.283019810915
55684.0,-6882.275038123131
55685.0,-6882.267056435347
55686.0,-6882.259074747562
55687.0,-6882.251093059778
55688.0,-6882.243111371994
55689.0,-6882.23512968421
55690.0,-6882.227147996426
55691.0,-6882.219166308641
55692.0,-6882.211184620857
55693.0,-6882.203202933073
55694.0,-6882.195221245289
55695.0,-6882.187239557505
55696.0,-6882.1792578697205
55697.0,-6882.171276181936
55698.0,-6882.163294494152
55699.0,-6882.155312806368
55700.0,-6882.147331118584
55701.0,-6882.1393494307995
55702.0,-6882.131367743015
55703.0,-6882.123386055231
55704.0,-6882.115404367447
55705.0,-6882.107422679663
55706.0,-6882.0994409918785
55707.0,-6882.091459304094
55708.0,-6882.08347761631
55709.0,-6882.075495928526
55710.0,-6882.067514240742
55711.0,-6882.0595325529575
55712.0,-6882.051550865173
55713.0,-6882.043569177389
55714.0,-6882.035587489605
55715.0,-6882.027605801821
55716.0,-6882.019624114037
55717.0,-6882.011642426252
55718.0,-6882.003660738468
55719.0,-6881.995679050684
55720.0,-6881.9876973629
55721.0,-6881.979715675116
55722.0,-6881.971733987331
55723.0,-6881.963752299547
55724.0,-6881.955770611763
55725.0,-6881.947788923979
55726.0,-6881.939807236195
55727.0,-6881.93182554841
55728.0,-6881.923843860626
55729.0,-6881.915862172842
55730.0,-6881.907880485058
55731.0,-6881.899898797274
55732.0,-6881.891917109489
55733.0,-6881.883935421705
55734.0,-6881.875953733921
55735.0,-6881.867972046137
55736.0,-6881.859990358353
55737.0,-6881.8520086705685
55738.0,-6881.844026982784
55739.0,-6881.836045295
55740.0,-6881.828063607216
55741.0,-6881.820081919432
55742.0,-6881.8121002316475
55743.0,-6881.804118543863
55744.0,-6881.796136856079
55745.0,-6881.788155168295
55746.0,-6881.780173480511
55747.0,-6881.7721917927265
55748.0,-6881.764210104942
55749.0,-6881.756228417158
55750.0,-6881.748246729374
55751.0,-6881.74026504159
55752.0,-6881.7322833538055
55753.0,-6881.724301666021
55754.0,-6881.716319978237
55755.0,-6881.708338290453
55756.0,-6881.700356602669
55757.0,-6881.692374914885
55758.0,-6881.6843932271
55759.0,-6881.676411539316
55760.0,-6881.668429851532
55761.0,-6881.660448163748
55762.0,-6881.652466475964
55763.0,-6881.644484788179
55764.0,-6881.636503100395
55765.0,-6881.628521412611
55766.0,-6881.620539724827
55767.0,-6881.612558037043
55768.0,-6881.604576349258
55769.0,-6881.596594661474
55770.0,-6881.58861297369
55771.0,-6881.580631285906
55772.0,-6881.572649598122
55773.0,-6881.564667910337
55774.0,-6881.556686222553
55775.0,-6881.548704534769
55776.0,-6881.540722846985
55777.0,-6881.532741159201
55778.0,-6881.5247594714165
55779.0,-6881.516777783632
55780.0,-6881.508796095848
55781.0,-6881.500814408064
55782.0,-6881.49283272028
55783.0,-6881.4848510324955
55784.0,-6881.476869344711
55785.0,-6881.468887656927
55786.0,-6881.460905969143
55787.0,-6881.452924281359
55788.0,-6881.4449425935745
55789.0,-6881.43696090579
55790.0,-6881.428979218006
55791.0,-6881.420997530222
55792.0,-6881.413015842438
55793.0,-6881.405034154654
55794.0,-6881.397052466869
55795.0,-6881.389070779085
55796.0,-6881.381089091301
55797.0,-6881.373107403517
55798.0,-6881.365125715733
55799.0,-6881.357144027948
55800.0,-6881.349162340164
55801.0,-6881.34118065238
55802.0,-6881.333198964596
55803.0,-6881.325217276812
55804.0,-6881.317235589027
55805.0,-6881.309253901243
55806.0,-6881.301272213459
55807.0,-6881.293290525675
55808.0,-6881.285308837891
55809.0,-6881.277327150106
55810.0,-6881.269345462322
55811.0,-6881.261363774538
55812.0,-6881.253382086754
55813.0,-6881.24540039897
55814.0,-6881.2374187111855
55815.0,-6881.229437023401
55816.0,-6881.221455335617
55817.0,-6881.213473647833
55818.0,-6881.205491960049
55819.0,-6881.1975102722645
55820.0,-6881.18952858448
55821.0,-6881.181546896696
55822.0,-6881.173565208912
55823.0,-6881.165583521128
55824.0,-6881.1576018333435
55825.0,-6881.149620145559
55826.0,-6881.141638457775
55827.0,-6881.133656769991
55828.0,-6881.125675082207
55829.0,-6881.1176933944225
55830.0,-6881.109711706638
55831.0,-6881.101730018854
55832.0,-6881.09374833107
55833.0,-6881.085766643286
55834.0,-6881.077784955502
55835.0,-6881.069803267717
55836.0,-6881.061821579933
55837.0,-6881.053839892149
55838.0,-6881.045858204365
55839.0,-6881.037876516581
55840.0,-6881.029894828796
55841.0,-6881.021913141012
55842.0,-6881.013931453228
55843.0,-6881.005949765444
55844.0,-6880.99796807766
55845.0,-6880.989986389875
55846.0,-6880.982004702091
55847.0,-6880.974023014307
55848.0,-6880.966041326523
55849.0,-6880.958059638739
55850.0,-6880.950077950954
55851.0,-6880.94209626317
55852.0,-6880.934114575386
55853.0,-6880.926132887602
55854.0,-6880.918151199818
55855.0,-6880.9101695120335
55856.0,-6880.902187824249
55857.0,-6880.894206136465
55858.0,-6880.886224448681
55859.0,-6880.878242760897
55860.0,-6880.8702610731125
55861.0,-6880.862279385328
55862.0,-6880.854297697544
55863.0,-6880.84631600976
55864.0,-6880.838334321976
55865.0,-6880.8303526341915
55866.0,-6880.822370946407
55867.0,-6880.814389258623
55868.0,-6880.806407570839
55869.0,-6880.798425883055
55870.0,-6880.7904441952705
55871.0,-6880.782462507486
55872.0,-6880.774480819702
55873.0,-6880.766499131918
55874.0,-6880.758517444134
55875.0,-6880.75053575635
55876.0,-6880.742554068565
55877.0,-6880.734572380781
55878.0,-6880.726590692997
55879.0,-6880.718609005213
55880.0,-6880.710627317429
55881.0,-6880.702645629644
55882.0,-6880.69466394186
55883.0,-6880.686682254076
55884.0,-6880.678700566292
55885.0,-6880.670718878508
55886.0,-6880.662737190723
55887.0,-6880.654755502939
55888.0,-6880.646773815155
55889.0,-6880.638792127371
55890.0,-6880.630810439587
55891.0,-6880.622828751802
55892.0,-6880.614847064018
55893.0,-6880.606865376234
55894.0,-6880.59888368845
55895.0,-6880.590902000666
55896.0,-6880.5829203128815
55897.0,-6880.574938625097
55898.0,-6880.566956937313
55899.0,-6880.558975249529
55900.0,-6880.550993561745
55901.0,-6880.5430118739605
55902.0,-6880.535030186176
55903.0,-6880.527048498392
55904.0,-6880.519066810608
55905.0,-6880.511085122824
55906.0,-6880.5031034350395
55907.0,-6880.495121747255
55908.0,-6880.487140059471
55909.0,-6880.479158371687
55910.0,-6880.471176683903
55911.0,-6880.463194996119
55912.0,-6880.455213308334
55913.0,-6880.44723162055
55914.0,-6880.439249932766
55915.0,-6880.431268244982
55916.0,-6880.423286557198
55917.0,-6880.415304869413
55918.0,-6880.407323181629
55919.0,-6880.399341493845
55920.0,-6880.391359806061
55921.0,-6880.383378118277
55922.0,-6880.375396430492
55923.0,-6880.367414742708
55924.0,-6880.359433054924
55925.0,-6880.35145136714
55926.0,-6880.343469679356
55927.0,-6880.335487991571
55928.0,-6880.327506303787
55929.0,-6880.319524616003
55930.0,-6880.311542928219
55931.0,-6880.303561240435
55932.0,-6880.29557955265
55933.0,-6880.287597864866
55934.0,-6880.279616177082
55935.0,-6880.271634489298
55936.0,-6880.263652801514
55937.0,-6880.2556711137295
55938.0,-6880.247689425945
55939.0,-6880.239707738161
55940.0,-6880.231726050377
55941.0,-6880.223744362593
55942.0,-6880.2157626748085
55943.0,-6880.207780987024
55944.0,-6880.19979929924
55945.0,-6880.191817611456
55946.0,-6880.183835923672
55947.0,-6880.1758542358875
55948.0,-6880.167872548103
55949.0,-6880.159890860319
55950.0,-6880.151909172535
55951.0,-6880.143927484751
55952.0,-6880.135945796967
55953.0,-6880.127964109182
55954.0,-6880.119982421398
55955.0,-6880.112000733614
55956.0,-6880.10401904583
55957.0,-6880.096037358046
55958.0,-6880.088055670261
55959.0,-6880.080073982477
55960.0,-6880.072092294693
55961.0,-6880.064110606909
55962.0,-6880.056128919125
55963.0,-6880.04814723134
55964.0,-6880.040165543556
55965.0,-6880.032183855772
55966.0,-6880.024202167988
55967.0,-6880.016220480204
55968.0,-6880.008238792419
55969.0,-6880.000257104635
55970.0,-6879.992275416851
55971.0,-6879.984293729067
55972.0,-6879.976312041283
55973.0,-6879.9683303534985
55974.0,-6879.960348665714
55975.0,-6879.95236697793
55976.0,-6879.944385290146
55977.0,-6879.936403602362
55978.0,-6879.9284219145775
55979.0,-6879.920440226793
55980.0,-6879.912458539009
55981.0,-6879.904476851225
55982.0,-6879.896495163441
55983.0,-6879.8885134756565
55984.0,-6879.880531787872
55985.0,-6879.872550100088
55986.0,-6879.864568412304
55987.0,-6879.85658672452
55988.0,-6879.8486050367355
55989.0,-6879.840623348951
55990.0,-6879.832641661167
55991.0,-6879.824659973383
55992.0,-6879.816678285599
55993.0,-6879.808696597815
55994.0,-6879.80071491003
55995.0,-6879.792733222246
55996.0,-6879.784751534462
55997.0,-6879.776769846678
55998.0,-6879.768788158894
55999.0,-6879.760806471109
56000.0,-6879.752824783325
56001.0,-6879.744843095541
56002.0,-6879.736861407757
56003.0,-6879.728879719973
56004.0,-6879.720898032188
56005.0,-6879.712916344404
56006.0,-6879.70493465662
56007.0,-6879.696952968836
56008.0,-6879.688971281052
56009.0,-6879.680989593267
56010.0,-6879.673007905483
56011.0,-6879.665026217699
56012.0,-6879.657044529915
56013.0,-6879.649062842131
56014.0,-6879.6410811543465
56015.0,-6879.633099466562
56016.0,-6879.625117778778
56017.0,-6879.617136090994
56018.0,-6879.60915440321
56019.0,-6879.6011727154255
56020.0,-6879.593191027641
56021.0,-6879.585209339857
56022.0,-6879.577227652073
56023.0,-6879.569245964289
56024.0,-6879.5612642765045
56025.0,-6879.55328258872
56026.0,-6879.545300900936
56027.0,-6879.537319213152
56028.0,-6879.529337525368
56029.0,-6879.5213558375835
56030.0,-6879.513374149799
56031.0,-6879.505392462015
56032.0,-6879.497410774231
56033.0,-6879.489429086447
56034.0,-6879.481447398663
56035.0,-6879.473465710878
56036.0,-6879.465484023094
56037.0,-6879.45750233531
56038.0,-6879.449520647526
56039.0,-6879.441538959742
56040.0,-6879.433557271957
56041.0,-6879.425575584173
56042.0,-6879.417593896389
56043.0,-6879.409612208605
56044.0,-6879.401630520821
56045.0,-6879.393648833036
56046.0,-6879.385667145252
56047.0,-6879.377685457468
56048.0,-6879.369703769684
56049.0,-6879.3617220819
56050.0,-6879.353740394115
56051.0,-6879.345758706331
56052.0,-6879.337777018547
56053.0,-6879.329795330763
56054.0,-6879.321813642979
56055.0,-6879.3138319551945
56056.0,-6879.30585026741
56057.0,-6879.297868579626
56058.0,-6879.289886891842
56059.0,-6879.281905204058
56060.0,-6879.2739235162735
56061.0,-6879.265941828489
56062.0,-6879.257960140705
56063.0,-6879.249978452921
56064.0,-6879.241996765137
56065.0,-6879.2340150773525
56066.0,-6879.226033389568
56067.0,-6879.218051701784
56068.0,-6879.210070014
56069.0,-6879.202088326216
56070.0,-6879.194106638432
56071.0,-6879.186124950647
56072.0,-6879.178143262863
56073.0,-6879.170161575079
56074.0,-6879.162179887295
56075.0,-6879.154198199511
56076.0,-6879.146216511726
56077.0,-6879.138234823942
56078.0,-6879.130253136158
56079.0,-6879.122271448374
56080.0,-6879.11428976059
56081.0,-6879.106308072805
56082.0,-6879.098326385021
56083.0,-6879.090344697237
56084.0,-6879.082363009453
56085.0,-6879.074381321669
56086.0,-6879.066399633884
56087.0,-6879.0584179461
56088.0,-6879.050436258316
56089.0,-6879.042454570532
56090.0,-6879.034472882748
56091.0,-6879.0264911949635
56092.0,-6879.018509507179
56093.0,-6879.010527819395
56094.0,-6879.002546131611
56095.0,-6878.994564443827
56096.0,-6878.9865827560425
56097.0,-6878.978601068258
56098.0,-6878.970619380474
56099.0,-6878.96263769269
56100.0,-6878.954656004906
56101.0,-6878.9466743171215
56102.0,-6878.938692629337
56103.0,-6878.930710941553
56104.0,-6878.922729253769
56105.0,-6878.914747565985
56106.0,-6878.9067658782005
56107.0,-6878.898784190416
56108.0,-6878.890802502632
56109.0,-6878.882820814848
56110.0,-6878.874839127064
56111.0,-6878.86685743928
56112.0,-6878.858875751495
56113.0,-6878.850894063711
56114.0,-6878.842912375927
56115.0,-6878.834930688143
56116.0,-6878.826949000359
56117.0,-6878.818967312574
56118.0,-6878.81098562479
56119.0,-6878.803003937006
56120.0,-6878.795022249222
56121.0,-6878.787040561438
56122.0,-6878.779058873653
56123.0,-6878.771077185869
56124.0,-6878.763095498085
56125.0,-6878.755113810301
56126.0,-6878.747132122517
56127.0,-6878.739150434732
56128.0,-6878.731168746948
56129.0,-6878.723187059164
56130.0,-6878.71520537138
56131.0,-6878.707223683596
56132.0,-6878.6992419958115
56133.0,-6878.691260308027
56134.0,-6878.683278620243
56135.0,-6878.675296932459
56136.0,-6878.667315244675
56137.0,-6878.6593335568905
56138.0,-6878.651351869106
56139.0,-6878.643370181322
56140.0,-6878.635388493538
56141.0,-6878.627406805754
56142.0,-6878.6194251179695
56143.0,-6878.611443430185
56144.0,-6878.603461742401
56145.0,-6878.595480054617
56146.0,-6878.587498366833
56147.0,-6878.5795166790485
56148.0,-6878.571534991264
56149.0,-6878.56355330348
56150.0,-6878.555571615696
56151.0,-6878.547589927912
56152.0,-6878.539608240128
56153.0,-6878.531626552343
56154.0,-6878.523644864559
56155.0,-6878.515663176775
56156.0,-6878.507681488991
56157.0,-6878.499699801207
56158.0,-6878.491718113422
56159.0,-6878.483736425638
56160.0,-6878.475754737854
56161.0,-6878.46777305007
56162.0,-6878.459791362286
56163.0,-6878.451809674501
56164.0,-6878.443827986717
56165.0,-6878.435846298933
56166.0,-6878.427864611149
56167.0,-6878.419882923365
56168.0,-6878.41190123558
56169.0,-6878.403919547796
56170.0,-6878.395937860012
56171.0,-6878.387956172228
56172.0,-6878.379974484444
56173.0,-6878.3719927966595
56174.0,-6878.364011108875
56175.0,-6878.356029421091
56176.0,-6878.348047733307
56177.0,-6878.340066045523
56178.0,-6878.3320843577385
56179.0,-6878.324102669954
56180.0,-6878.31612098217
56181.0,-6878.308139294386
56182.0,-6878.300157606602
56183.0,-6878.2921759188175
56184.0,-6878.284194231033
56185.0,-6878.276212543249
56186.0,-6878.268230855465
56187.0,-6878.260249167681
56188.0,-6878.252267479897
56189.0,-6878.244285792112
56190.0,-6878.236304104328
56191.0,-6878.228322416544
56192.0,-6878.22034072876
56193.0,-6878.212359040976
56194.0,-6878.204377353191
56195.0,-6878.196395665407
56196.0,-6878.188413977623
56197.0,-6878.180432289839
56198.0,-6878.172450602055
56199.0,-6878.16446891427
56200.0,-6878.156487226486
56201.0,-6878.148505538702
56202.0,-6878.140523850918
56203.0,-6878.132542163134
56204.0,-6878.124560475349
56205.0,-6878.116578787565
56206.0,-6878.108597099781
56207.0,-6878.100615411997
56208.0,-6878.092633724213
56209.0,-6878.084652036428
56210.0,-6878.076670348644
56211.0,-6878.06868866086
56212.0,-6878.060706973076
56213.0,-6878.052725285292
56214.0,-6878.0447435975075
56215.0,-6878.036761909723
56216.0,-6878.028780221939
56217.0,-6878.020798534155
56218.0,-6878.012816846371
56219.0,-6878.0048351585865
56220.0,-6877.996853470802
56221.0,-6877.988871783018
56222.0,-6877.980890095234
56223.0,-6877.97290840745
56224.0,-6877.9649267196655
56225.0,-6877.956945031881
56226.0,-6877.948963344097
56227.0,-6877.940981656313
56228.0,-6877.932999968529
56229.0,-6877.925018280745
56230.0,-6877.91703659296
56231.0,-6877.909054905176
56232.0,-6877.901073217392
56233.0,-6877.893091529608
56234.0,-6877.885109841824
56235.0,-6877.877128154039
56236.0,-6877.869146466255
56237.0,-6877.861164778471
56238.0,-6877.853183090687
56239.0,-6877.845201402903
56240.0,-6877.837219715118
56241.0,-6877.829238027334
56242.0,-6877.82125633955
56243.0,-6877.813274651766
56244.0,-6877.805292963982
56245.0,-6877.797311276197
56246.0,-6877.789329588413
56247.0,-6877.781347900629
56248.0,-6877.773366212845
56249.0,-6877.765384525061
56250.0,-6877.7574028372765
56251.0,-6877.749421149492
56252.0,-6877.741439461708
56253.0,-6877.733457773924
56254.0,-6877.72547608614
56255.0,-6877.7174943983555
56256.0,-6877.709512710571
56257.0,-6877.701531022787
56258.0,-6877.693549335003
56259.0,-6877.685567647219
56260.0,-6877.6775859594345
56261.0,-6877.66960427165
56262.0,-6877.661622583866
56263.0,-6877.653640896082
56264.0,-6877.645659208298
56265.0,-6877.6376775205135
56266.0,-6877.629695832729
56267.0,-6877.621714144945
56268.0,-6877.613732457161
56269.0,-6877.605750769377
56270.0,-6877.597769081593
56271.0,-6877.589787393808
56272.0,-6877.581805706024
56273.0,-6877.57382401824
56274.0,-6877.565842330456
56275.0,-6877.557860642672
56276.0,-6877.549878954887
56277.0,-6877.541897267103
56278.0,-6877.533915579319
56279.0,-6877.525933891535
56280.0,-6877.517952203751
56281.0,-6877.509970515966
56282.0,-6877.501988828182
56283.0,-6877.494007140398
56284.0,-6877.486025452614
56285.0,-6877.47804376483
56286.0,-6877.470062077045
56287.0,-6877.462080389261
56288.0,-6877.454098701477
56289.0,-6877.446117013693
56290.0,-6877.438135325909
56291.0,-6877.4301536381245
56292.0,-6877.42217195034
56293.0,-6877.414190262556
56294.0,-6877.406208574772
56295.0,-6877.398226886988
56296.0,-6877.3902451992035
56297.0,-6877.382263511419
56298.0,-6877.374281823635
56299.0,-6877.366300135851
56300.0,-6877.358318448067
56301.0,-6877.3503367602825
56302.0,-6877.342355072498
56303.0,-6877.334373384714
56304.0,-6877.32639169693
56305.0,-6877.318410009146
56306.0,-6877.3104283213615
56307.0,-6877.302446633577
56308.0,-6877.294464945793
56309.0,-6877.286483258009
56310.0,-6877.278501570225
56311.0,-6877.270519882441
56312.0,-6877.262538194656
56313.0,-6877.254556506872
56314.0,-6877.246574819088
56315.0,-6877.238593131304
56316.0,-6877.23061144352
56317.0,-6877.222629755735
56318.0,-6877.214648067951
56319.0,-6877.206666380167
56320.0,-6877.198684692383
56321.0,-6877.180257156491
56322.0,-6877.1618296206
56323.0,-6877.143402084708
56324.0,-6877.124974548817
56325.0,-6877.106547012925
56326.0,-6877.088119477034
56327.0,-6877.069691941142
56328.0,-6877.051264405251
56329.0,-6877.032836869359
56330.0,-6877.0144093334675
56331.0,-6876.995981797576
56332.0,-6876.977554261684
56333.0,-6876.959126725793
56334.0,-6876.940699189901
56335.0,-6876.92227165401
56336.0,-6876.903844118118
56337.0,-6876.885416582227
56338.0,-6876.866989046335
56339.0,-6876.848561510444
56340.0,-6876.830133974552
56341.0,-6876.811706438661
56342.0,-6876.793278902769
56343.0,-6876.774851366878
56344.0,-6876.756423830986
56345.0,-6876.7379962950945
56346.0,-6876.719568759203
56347.0,-6876.701141223311
56348.0,-6876.68271368742
56349.0,-6876.664286151528
56350.0,-6876.645858615637
56351.0,-6876.627431079745
56352.0,-6876.609003543854
56353.0,-6876.590576007962
56354.0,-6876.572148472071
56355.0,-6876.553720936179
56356.0,-6876.535293400288
56357.0,-6876.516865864396
56358.0,-6876.498438328505
56359.0,-6876.480010792613
56360.0,-6876.4615832567215
56361.0,-6876.44315572083
56362.0,-6876.424728184938
56363.0,-6876.406300649047
56364.0,-6876.387873113155
56365.0,-6876.369445577264
56366.0,-6876.351018041372
56367.0,-6876.332590505481
56368.0,-6876.314162969589
56369.0,-6876.295735433698
56370.0,-6876.277307897806
56371.0,-6876.258880361915
56372.0,-6876.240452826023
56373.0,-6876.222025290132
56374.0,-6876.20359775424
56375.0,-6876.1851702183485
56376.0,-6876.166742682457
56377.0,-6876.148315146565
56378.0,-6876.129887610674
56379.0,-6876.111460074782
56380.0,-6876.093032538891
56381.0,-6876.074605002999
56382.0,-6876.056177467108
56383.0,-6876.037749931216
56384.0,-6876.019322395325
56385.0,-6876.000894859433
56386.0,-6875.982467323542
56387.0,-6875.96403978765
56388.0,-6875.945612251759
56389.0,-6875.927184715867
56390.0,-6875.9087571799755
56391.0,-6875.890329644084
56392.0,-6875.871902108192
56393.0,-6875.853474572301
56394.0,-6875.835047036409
56395.0,-6875.816619500518
56396.0,-6875.798191964626
56397.0,-6875.779764428735
56398.0,-6875.761336892843
56399.0,-6875.742909356952
56400.0,-6875.72448182106
56401.0,-6875.706054285169
56402.0,-6875.687626749277
56403.0,-6875.669199213386
56404.0,-6875.650771677494
56405.0,-6875.6323441416025
56406.0,-6875.613916605711
56407.0,-6875.595489069819
56408.0,-6875.577061533928
56409.0,-6875.558633998036
56410.0,-6875.540206462145
56411.0,-6875.521778926253
56412.0,-6875.503351390362
56413.0,-6875.48492385447
56414.0,-6875.466496318579
56415.0,-6875.448068782687
56416.0,-6875.429641246796
56417.0,-6875.411213710904
56418.0,-6875.392786175013
56419.0,-6875.374358639121
56420.0,-6875.3559311032295
56421.0,-6875.337503567338
56422.0,-6875.3190760314465
56423.0,-6875.300648495555
56424.0,-6875.282220959663
56425.0,-6875.263793423772
56426.0,-6875.24536588788
56427.0,-6875.226938351989
56428.0,-6875.208510816097
56429.0,-6875.190083280206
56430.0,-6875.171655744314
56431.0,-6875.153228208423
56432.0,-6875.134800672531
56433.0,-6875.11637313664
56434.0,-6875.097945600748
56435.0,-6875.0795180648565
56436.0,-6875.061090528965
56437.0,-6875.0426629930735
56438.0,-6875.024235457182
56439.0,-6875.00580792129
56440.0,-6874.987380385399
56441.0,-6874.968952849507
56442.0,-6874.950525313616
56443.0,-6874.932097777724
56444.0,-6874.913670241833
56445.0,-6874.895242705941
56446.0,-6874.87681517005
56447.0,-6874.858387634158
56448.0,-6874.839960098267
56449.0,-6874.821532562375
56450.0,-6874.8031050264835
56451.0,-6874.784677490592
56452.0,-6874.7662499547005
56453.0,-6874.747822418809
56454.0,-6874.729394882917
56455.0,-6874.710967347026
56456.0,-6874.692539811134
56457.0,-6874.674112275243
56458.0,-6874.655684739351
56459.0,-6874.63725720346
56460.0,-6874.618829667568
56461.0,-6874.600402131677
56462.0,-6874.581974595785
56463.0,-6874.563547059894
56464.0,-6874.545119524002
56465.0,-6874.5266919881105
56466.0,-6874.508264452219
56467.0,-6874.4898369163275
56468.0,-6874.471409380436
56469.0,-6874.452981844544
56470.0,-6874.434554308653
56471.0,-6874.416126772761
56472.0,-6874.39769923687
56473.0,-6874.379271700978
56474.0,-6874.360844165087
56475.0,-6874.342416629195
56476.0,-6874.323989093304
56477.0,-6874.305561557412
56478.0,-6874.287134021521
56479.0,-6874.268706485629
56480.0,-6874.250278949738
56481.0,-6874.231851413846
56482.0,-6874.2134238779545
56483.0,-6874.194996342063
56484.0,-6874.176568806171
56485.0,-6874.15814127028
56486.0,-6874.139713734388
56487.0,-6874.121286198497
56488.0,-6874.102858662605
56489.0,-6874.084431126714
56490.0,-6874.066003590822
56491.0,-6874.047576054931
56492.0,-6874.029148519039
56493.0,-6874.010720983148
56494.0,-6873.992293447256
56495.0,-6873.973865911365
56496.0,-6873.955438375473
56497.0,-6873.9370108395815
56498.0,-6873.91858330369
56499.0,-6873.900155767798
56500.0,-6873.881728231907
56501.0,-6873.863300696015
56502.0,-6873.844873160124
56503.0,-6873.826445624232
56504.0,-6873.808018088341
56505.0,-6873.789590552449
56506.0,-6873.771163016558
56507.0,-6873.752735480666
56508.0,-6873.734307944775
56509.0,-6873.715880408883
56510.0,-6873.697452872992
56511.0,-6873.6790253371
56512.0,-6873.6605978012085
56513.0,-6873.642170265317
56514.0,-6873.623742729425
56515.0,-6873.605315193534
56516.0,-6873.586887657642
56517.0,-6873.568460121751
56518.0,-6873.550032585859
56519.0,-6873.531605049968
56520.0,-6873.513177514076
56521.0,-6873.494749978185
56522.0,-6873.476322442293
56523.0,-6873.457894906402
56524.0,-6873.43946737051
56525.0,-6873.421039834619
56526.0,-6873.402612298727
56527.0,-6873.3841847628355
56528.0,-6873.365757226944
56529.0,-6873.347329691052
56530.0,-6873.328902155161
56531.0,-6873.310474619269
56532.0,-6873.292047083378
56533.0,-6873.273619547486
56534.0,-6873.255192011595
56535.0,-6873.236764475703
56536.0,-6873.218336939812
56537.0,-6873.19990940392
56538.0,-6873.181481868029
56539.0,-6873.163054332137
56540.0,-6873.144626796246
56541.0,-6873.126199260354
56542.0,-6873.1077717244625
56543.0,-6873.089344188571
56544.0,-6873.070916652679
56545.0,-6873.052489116788
56546.0,-6873.034061580896
56547.0,-6873.015634045005
56548.0,-6872.997206509113
56549.0,-6872.978778973222
56550.0,-6872.96035143733
56551.0,-6872.941923901439
56552.0,-6872.923496365547
56553.0,-6872.905068829656
56554.0,-6872.886641293764
56555.0,-6872.868213757873
56556.0,-6872.849786221981
56557.0,-6872.8313586860895
56558.0,-6872.812931150198
56559.0,-6872.794503614306
56560.0,-6872.776076078415
56561.0,-6872.757648542523
56562.0,-6872.739221006632
56563.0,-6872.72079347074
56564.0,-6872.702365934849
56565.0,-6872.683938398957
56566.0,-6872.665510863066
56567.0,-6872.647083327174
56568.0,-6872.628655791283
56569.0,-6872.610228255391
56570.0,-6872.5918007195
56571.0,-6872.573373183608
56572.0,-6872.5549456477165
56573.0,-6872.536518111825
56574.0,-6872.5180905759335
56575.0,-6872.499663040042
56576.0,-6872.48123550415
56577.0,-6872.462807968259
56578.0,-6872.444380432367
56579.0,-6872.425952896476
56580.0,-6872.407525360584
56581.0,-6872.389097824693
56582.0,-6872.370670288801
56583.0,-6872.35224275291
56584.0,-6872.333815217018
56585.0,-6872.315387681127
56586.0,-6872.296960145235
56587.0,-6872.2785326093435
56588.0,-6872.260105073452
56589.0,-6872.2416775375605
56590.0,-6872.223250001669
56591.0,-6872.204822465777
56592.0,-6872.186394929886
56593.0,-6872.167967393994
56594.0,-6872.149539858103
56595.0,-6872.131112322211
56596.0,-6872.11268478632
56597.0,-6872.094257250428
56598.0,-6872.075829714537
56599.0,-6872.057402178645
56600.0,-6872.038974642754
56601.0,-6872.020547106862
56602.0,-6872.0021195709705
56603.0,-6871.983692035079
56604.0,-6871.9652644991875
56605.0,-6871.946836963296
56606.0,-6871.928409427404
56607.0,-6871.909981891513
56608.0,-6871.891554355621
56609.0,-6871.87312681973
56610.0,-6871.854699283838
56611.0,-6871.836271747947
56612.0,-6871.817844212055
56613.0,-6871.799416676164
56614.0,-6871.780989140272
56615.0,-6871.762561604381
56616.0,-6871.744134068489
56617.0,-6871.7257065325975
56618.0,-6871.707278996706
56619.0,-6871.6888514608145
56620.0,-6871.670423924923
56621.0,-6871.651996389031
56622.0,-6871.63356885314
56623.0,-6871.615141317248
56624.0,-6871.596713781357
56625.0,-6871.578286245465
56626.0,-6871.559858709574
56627.0,-6871.541431173682
56628.0,-6871.523003637791
56629.0,-6871.504576101899
56630.0,-6871.486148566008
56631.0,-6871.467721030116
56632.0,-6871.449293494225
56633.0,-6871.430865958333
56634.0,-6871.4124384224415
56635.0,-6871.39401088655
56636.0,-6871.375583350658
56637.0,-6871.357155814767
56638.0,-6871.338728278875
56639.0,-6871.320300742984
56640.0,-6871.301873207092
56641.0,-6871.283445671201
56642.0,-6871.265018135309
56643.0,-6871.246590599418
56644.0,-6871.228163063526
56645.0,-6871.209735527635
56646.0,-6871.191307991743
56647.0,-6871.172880455852
56648.0,-6871.15445291996
56649.0,-6871.1360253840685
56650.0,-6871.117597848177
56651.0,-6871.099170312285
56652.0,-6871.080742776394
56653.0,-6871.062315240502
56654.0,-6871.043887704611
56655.0,-6871.025460168719
56656.0,-6871.007032632828
56657.0,-6870.988605096936
56658.0,-6870.970177561045
56659.0,-6870.951750025153
56660.0,-6870.933322489262
56661.0,-6870.91489495337
56662.0,-6870.896467417479
56663.0,-6870.878039881587
56664.0,-6870.8596123456955
56665.0,-6870.841184809804
56666.0,-6870.822757273912
56667.0,-6870.804329738021
56668.0,-6870.785902202129
56669.0,-6870.767474666238
56670.0,-6870.749047130346
56671.0,-6870.730619594455
56672.0,-6870.712192058563
56673.0,-6870.693764522672
56674.0,-6870.67533698678
56675.0,-6870.656909450889
56676.0,-6870.638481914997
56677.0,-6870.620054379106
56678.0,-6870.601626843214
56679.0,-6870.5831993073225
56680.0,-6870.564771771431
56681.0,-6870.546344235539
56682.0,-6870.527916699648
56683.0,-6870.509489163756
56684.0,-6870.491061627865
56685.0,-6870.472634091973
56686.0,-6870.454206556082
56687.0,-6870.43577902019
56688.0,-6870.417351484299
56689.0,-6870.398923948407
56690.0,-6870.380496412516
56691.0,-6870.362068876624
56692.0,-6870.343641340733
56693.0,-6870.325213804841
56694.0,-6870.3067862689495
56695.0,-6870.288358733058
56696.0,-6870.269931197166
56697.0,-6870.251503661275
56698.0,-6870.233076125383
56699.0,-6870.214648589492
56700.0,-6870.1962210536
56701.0,-6870.177793517709
56702.0,-6870.159365981817
56703.0,-6870.140938445926
56704.0,-6870.122510910034
56705.0,-6870.104083374143
56706.0,-6870.085655838251
56707.0,-6870.06722830236
56708.0,-6870.048800766468
56709.0,-6870.0303732305765
56710.0,-6870.011945694685
56711.0,-6869.993518158793
56712.0,-6869.975090622902
56713.0,-6869.95666308701
56714.0,-6869.938235551119
56715.0,-6869.919808015227
56716.0,-6869.901380479336
56717.0,-6869.882952943444
56718.0,-6869.864525407553
56719.0,-6869.846097871661
56720.0,-6869.82767033577
56721.0,-6869.809242799878
56722.0,-6869.790815263987
56723.0,-6869.772387728095
56724.0,-6869.7539601922035
56725.0,-6869.735532656312
56726.0,-6869.7171051204205
56727.0,-6869.698677584529
56728.0,-6869.680250048637
56729.0,-6869.661822512746
56730.0,-6869.643394976854
56731.0,-6869.624967440963
56732.0,-6869.606539905071
56733.0,-6869.58811236918
56734.0,-6869.569684833288
56735.0,-6869.551257297397
56736.0,-6869.532829761505
56737.0,-6869.514402225614
56738.0,-6869.495974689722
56739.0,-6869.4775471538305
56740.0,-6869.459119617939
56741.0,-6869.4406920820475
56742.0,-6869.422264546156
56743.0,-6869.403837010264
56744.0,-6869.385409474373
56745.0,-6869.366981938481
56746.0,-6869.34855440259
56747.0,-6869.330126866698
56748.0,-6869.311699330807
56749.0,-6869.293271794915
56750.0,-6869.274844259024
56751.0,-6869.256416723132
56752.0,-6869.237989187241
56753.0,-6869.219561651349
56754.0,-6869.2011341154575
56755.0,-6869.182706579566
56756.0,-6869.1642790436745
56757.0,-6869.145851507783
56758.0,-6869.127423971891
56759.0,-6869.108996436
56760.0,-6869.090568900108
56761.0,-6869.072141364217
56762.0,-6869.053713828325
56763.0,-6869.035286292434
56764.0,-6869.016858756542
56765.0,-6868.998431220651
56766.0,-6868.980003684759
56767.0,-6868.961576148868
56768.0,-6868.943148612976
56769.0,-6868.9247210770845
56770.0,-6868.906293541193
56771.0,-6868.8878660053015
56772.0,-6868.86943846941
56773.0,-6868.851010933518
56774.0,-6868.832583397627
56775.0,-6868.814155861735
56776.0,-6868.795728325844
56777.0,-6868.777300789952
56778.0,-6868.758873254061
56779.0,-6868.740445718169
56780.0,-6868.722018182278
56781.0,-6868.703590646386
56782.0,-6868.685163110495
56783.0,-6868.666735574603
56784.0,-6868.648308038712
56785.0,-6868.62988050282
56786.0,-6868.6114529669285
56787.0,-6868.593025431037
56788.0,-6868.574597895145
56789.0,-6868.556170359254
56790.0,-6868.537742823362
56791.0,-6868.519315287471
56792.0,-6868.500887751579
56793.0,-6868.482460215688
56794.0,-6868.464032679796
56795.0,-6868.445605143905
56796.0,-6868.427177608013
56797.0,-6868.408750072122
56798.0,-6868.39032253623
56799.0,-6868.371895000339
56800.0,-6868.353467464447
56801.0,-6868.3350399285555
56802.0,-6868.316612392664
56803.0,-6868.298184856772
56804.0,-6868.279757320881
56805.0,-6868.261329784989
56806.0,-6868.242902249098
56807.0,-6868.224474713206
56808.0,-6868.206047177315
56809.0,-6868.187619641423
56810.0,-6868.169192105532
56811.0,-6868.15076456964
56812.0,-6868.132337033749
56813.0,-6868.113909497857
56814.0,-6868.095481961966
56815.0,-6868.077054426074
56816.0,-6868.0586268901825
56817.0,-6868.040199354291
56818.0,-6868.021771818399
56819.0,-6868.003344282508
56820.0,-6867.984916746616
56821.0,-6867.966489210725
56822.0,-6867.948061674833
56823.0,-6867.929634138942
56824.0,-6867.91120660305
56825.0,-6867.892779067159
56826.0,-6867.874351531267
56827.0,-6867.855923995376
56828.0,-6867.837496459484
56829.0,-6867.819068923593
56830.0,-6867.800641387701
56831.0,-6867.7822138518095
56832.0,-6867.763786315918
56833.0,-6867.745358780026
56834.0,-6867.726931244135
56835.0,-6867.708503708243
56836.0,-6867.690076172352
56837.0,-6867.67164863646
56838.0,-6867.653221100569
56839.0,-6867.634793564677
56840.0,-6867.616366028786
56841.0,-6867.597938492894
56842.0,-6867.579510957003
56843.0,-6867.561083421111
56844.0,-6867.54265588522
56845.0,-6867.524228349328
56846.0,-6867.5058008134365
56847.0,-6867.487373277545
56848.0,-6867.468945741653
56849.0,-6867.450518205762
56850.0,-6867.43209066987
56851.0,-6867.413663133979
56852.0,-6867.395235598087
56853.0,-6867.376808062196
56854.0,-6867.358380526304
56855.0,-6867.339952990413
56856.0,-6867.321525454521
56857.0,-6867.30309791863
56858.0,-6867.284670382738
56859.0,-6867.266242846847
56860.0,-6867.247815310955
56861.0,-6867.2293877750635
56862.0,-6867.210960239172
56863.0,-6867.19253270328
56864.0,-6867.174105167389
56865.0,-6867.155677631497
56866.0,-6867.137250095606
56867.0,-6867.118822559714
56868.0,-6867.100395023823
56869.0,-6867.081967487931
56870.0,-6867.06353995204
56871.0,-6867.045112416148
56872.0,-6867.026684880257
56873.0,-6867.008257344365
56874.0,-6866.989829808474
56875.0,-6866.971402272582
56876.0,-6866.9529747366905
56877.0,-6866.934547200799
56878.0,-6866.9161196649075
56879.0,-6866.897692129016
56880.0,-6866.879264593124
56881.0,-6866.860837057233
56882.0,-6866.842409521341
56883.0,-6866.82398198545
56884.0,-6866.805554449558
56885.0,-6866.787126913667
56886.0,-6866.768699377775
56887.0,-6866.750271841884
56888.0,-6866.731844305992
56889.0,-6866.713416770101
56890.0,-6866.694989234209
56891.0,-6866.6765616983175
56892.0,-6866.658134162426
56893.0,-6866.6397066265345
56894.0,-6866.621279090643
56895.0,-6866.602851554751
56896.0,-6866.58442401886
56897.0,-6866.565996482968
56898.0,-6866.547568947077
56899.0,-6866.529141411185
56900.0,-6866.510713875294
56901.0,-6866.492286339402
56902.0,-6866.473858803511
56903.0,-6866.455431267619
56904.0,-6866.437003731728
56905.0,-6866.418576195836
56906.0,-6866.4001486599445
56907.0,-6866.381721124053
56908.0,-6866.3632935881615
56909.0,-6866.34486605227
56910.0,-6866.326438516378
56911.0,-6866.308010980487
56912.0,-6866.289583444595
56913.0,-6866.271155908704
56914.0,-6866.252728372812
56915.0,-6866.234300836921
56916.0,-6866.215873301029
56917.0,-6866.197445765138
56918.0,-6866.179018229246
56919.0,-6866.160590693355
56920.0,-6866.142163157463
56921.0,-6866.1237356215715
56922.0,-6866.10530808568
56923.0,-6866.0868805497885
56924.0,-6866.068453013897
56925.0,-6866.050025478005
56926.0,-6866.031597942114
56927.0,-6866.013170406222
56928.0,-6865.994742870331
56929.0,-6865.976315334439
56930.0,-6865.957887798548
56931.0,-6865.939460262656
56932.0,-6865.921032726765
56933.0,-6865.902605190873
56934.0,-6865.884177654982
56935.0,-6865.86575011909
56936.0,-6865.847322583199
56937.0,-6865.828895047307
56938.0,-6865.8104675114155
56939.0,-6865.792039975524
56940.0,-6865.773612439632
56941.0,-6865.755184903741
56942.0,-6865.736757367849
56943.0,-6865.718329831958
56944.0,-6865.699902296066
56945.0,-6865.681474760175
56946.0,-6865.663047224283
56947.0,-6865.644619688392
56948.0,-6865.6261921525
56949.0,-6865.607764616609
56950.0,-6865.589337080717
56951.0,-6865.570909544826
56952.0,-6865.552482008934
56953.0,-6865.5340544730425
56954.0,-6865.515626937151
56955.0,-6865.497199401259
56956.0,-6865.478771865368
56957.0,-6865.460344329476
56958.0,-6865.441916793585
56959.0,-6865.423489257693
56960.0,-6865.405061721802
56961.0,-6865.38663418591
56962.0,-6865.368206650019
56963.0,-6865.349779114127
56964.0,-6865.331351578236
56965.0,-6865.312924042344
56966.0,-6865.294496506453
56967.0,-6865.276068970561
56968.0,-6865.2576414346695
56969.0,-6865.239213898778
56970.0,-6865.220786362886
56971.0,-6865.202358826995
56972.0,-6865.183931291103
56973.0,-6865.165503755212
56974.0,-6865.14707621932
56975.0,-6865.128648683429
56976.0,-6865.110221147537
56977.0,-6865.091793611646
56978.0,-6865.073366075754
56979.0,-6865.054938539863
56980.0,-6865.036511003971
56981.0,-6865.01808346808
56982.0,-6864.999655932188
56983.0,-6864.9812283962965
56984.0,-6864.962800860405
56985.0,-6864.944373324513
56986.0,-6864.925945788622
56987.0,-6864.90751825273
56988.0,-6864.889090716839
56989.0,-6864.870663180947
56990.0,-6864.852235645056
56991.0,-6864.833808109164
56992.0,-6864.815380573273
56993.0,-6864.796953037381
56994.0,-6864.77852550149
56995.0,-6864.760097965598
56996.0,-6864.741670429707
56997.0,-6864.723242893815
56998.0,-6864.7048153579235
56999.0,-6864.686387822032
57000.0,-6864.66796028614
57001.0,-6864.649532750249
57002.0,-6864.631105214357
57003.0,-6864.612677678466
57004.0,-6864.594250142574
57005.0,-6864.575822606683
57006.0,-6864.557395070791
57007.0,-6864.5389675349
57008.0,-6864.520539999008
57009.0,-6864.502112463117
57010.0,-6864.483684927225
57011.0,-6864.465257391334
57012.0,-6864.446829855442
57013.0,-6864.4284023195505
57014.0,-6864.409974783659
57015.0,-6864.391547247767
57016.0,-6864.373119711876
57017.0,-6864.354692175984
57018.0,-6864.336264640093
57019.0,-6864.317837104201
57020.0,-6864.29940956831
57021.0,-6864.280982032418
57022.0,-6864.262554496527
57023.0,-6864.244126960635
57024.0,-6864.225699424744
57025.0,-6864.207271888852
57026.0,-6864.188844352961
57027.0,-6864.170416817069
57028.0,-6864.1519892811775
57029.0,-6864.133561745286
57030.0,-6864.1151342093945
57031.0,-6864.096706673503
57032.0,-6864.078279137611
57033.0,-6864.05985160172
57034.0,-6864.041424065828
57035.0,-6864.022996529937
57036.0,-6864.004568994045
57037.0,-6863.986141458154
57038.0,-6863.967713922262
57039.0,-6863.949286386371
57040.0,-6863.930858850479
57041.0,-6863.912431314588
57042.0,-6863.894003778696
57043.0,-6863.8755762428045
57044.0,-6863.857148706913
57045.0,-6863.8387211710215
57046.0,-6863.82029363513
57047.0,-6863.801866099238
57048.0,-6863.783438563347
57049.0,-6863.765011027455
57050.0,-6863.746583491564
57051.0,-6863.728155955672
57052.0,-6863.709728419781
57053.0,-6863.691300883889
57054.0,-6863.672873347998
57055.0,-6863.654445812106
57056.0,-6863.636018276215
57057.0,-6863.617590740323
57058.0,-6863.5991632044315
57059.0,-6863.58073566854
57060.0,-6863.5623081326485
57061.0,-6863.543880596757
57062.0,-6863.525453060865
57063.0,-6863.507025524974
57064.0,-6863.488597989082
57065.0,-6863.470170453191
57066.0,-6863.451742917299
57067.0,-6863.433315381408
57068.0,-6863.414887845516
57069.0,-6863.396460309625
57070.0,-6863.378032773733
57071.0,-6863.359605237842
57072.0,-6863.34117770195
57073.0,-6863.3227501660585
57074.0,-6863.304322630167
57075.0,-6863.2858950942755
57076.0,-6863.267467558384
57077.0,-6863.249040022492
57078.0,-6863.230612486601
57079.0,-6863.212184950709
57080.0,-6863.193757414818
57081.0,-6863.175329878926
57082.0,-6863.156902343035
57083.0,-6863.138474807143
57084.0,-6863.120047271252
57085.0,-6863.10161973536
57086.0,-6863.083192199469
57087.0,-6863.064764663577
57088.0,-6863.046337127686
57089.0,-6863.027909591794
57090.0,-6863.0094820559025
57091.0,-6862.991054520011
57092.0,-6862.972626984119
57093.0,-6862.954199448228
57094.0,-6862.935771912336
57095.0,-6862.917344376445
57096.0,-6862.898916840553
57097.0,-6862.880489304662
57098.0,-6862.86206176877
57099.0,-6862.843634232879
57100.0,-6862.825206696987
57101.0,-6862.806779161096
57102.0,-6862.788351625204
57103.0,-6862.769924089313
57104.0,-6862.751496553421
57105.0,-6862.7330690175295
57106.0,-6862.714641481638
57107.0,-6862.696213945746
57108.0,-6862.677786409855
57109.0,-6862.659358873963
57110.0,-6862.640931338072
57111.0,-6862.62250380218
57112.0,-6862.604076266289
57113.0,-6862.585648730397
57114.0,-6862.567221194506
57115.0,-6862.548793658614
57116.0,-6862.530366122723
57117.0,-6862.511938586831
57118.0,-6862.49351105094
57119.0,-6862.475083515048
57120.0,-6862.4566559791565
57121.0,-6862.438228443265
57122.0,-6862.419800907373
57123.0,-6862.401373371482
57124.0,-6862.38294583559
57125.0,-6862.364518299699
57126.0,-6862.346090763807
57127.0,-6862.327663227916
57128.0,-6862.309235692024
57129.0,-6862.290808156133
57130.0,-6862.272380620241
57131.0,-6862.25395308435
57132.0,-6862.235525548458
57133.0,-6862.217098012567
57134.0,-6862.198670476675
57135.0,-6862.1802429407835
57136.0,-6862.161815404892
57137.0,-6862.143387869
57138.0,-6862.124960333109
57139.0,-6862.106532797217
57140.0,-6862.088105261326
57141.0,-6862.069677725434
57142.0,-6862.051250189543
57143.0,-6862.032822653651
57144.0,-6862.01439511776
57145.0,-6861.995967581868
57146.0,-6861.977540045977
57147.0,-6861.959112510085
57148.0,-6861.940684974194
57149.0,-6861.922257438302
57150.0,-6861.9038299024105
57151.0,-6861.885402366519
57152.0,-6861.866974830627
57153.0,-6861.848547294736
57154.0,-6861.830119758844
57155.0,-6861.811692222953
57156.0,-6861.793264687061
57157.0,-6861.77483715117
57158.0,-6861.756409615278
57159.0,-6861.737982079387
57160.0,-6861.719554543495
57161.0,-6861.701127007604
57162.0,-6861.682699471712
57163.0,-6861.664271935821
57164.0,-6861.645844399929
57165.0,-6861.6274168640375
57166.0,-6861.608989328146
57167.0,-6861.590561792254
57168.0,-6861.572134256363
57169.0,-6861.553706720471
57170.0,-6861.53527918458
57171.0,-6861.516851648688
57172.0,-6861.498424112797
57173.0,-6861.479996576905
57174.0,-6861.461569041014
57175.0,-6861.443141505122
57176.0,-6861.424713969231
57177.0,-6861.406286433339
57178.0,-6861.387858897448
57179.0,-6861.369431361556
57180.0,-6861.3510038256645
57181.0,-6861.332576289773
57182.0,-6861.314148753881
57183.0,-6861.29572121799
57184.0,-6861.277293682098
57185.0,-6861.258866146207
57186.0,-6861.240438610315
57187.0,-6861.222011074424
57188.0,-6861.203583538532
57189.0,-6861.185156002641
57190.0,-6861.166728466749
57191.0,-6861.148300930858
57192.0,-6861.129873394966
57193.0,-6861.111445859075
57194.0,-6861.093018323183
57195.0,-6861.0745907872915
57196.0,-6861.0561632514
57197.0,-6861.0377357155085
57198.0,-6861.019308179617
57199.0,-6861.000880643725
57200.0,-6860.982453107834
57201.0,-6860.964025571942
57202.0,-6860.945598036051
57203.0,-6860.927170500159
57204.0,-6860.908742964268
57205.0,-6860.890315428376
57206.0,-6860.871887892485
57207.0,-6860.853460356593
57208.0,-6860.835032820702
57209.0,-6860.81660528481
57210.0,-6860.7981777489185
57211.0,-6860.779750213027
57212.0,-6860.7613226771355
57213.0,-6860.742895141244
57214.0,-6860.724467605352
57215.0,-6860.706040069461
57216.0,-6860.687612533569
57217.0,-6860.669184997678
57218.0,-6860.650757461786
57219.0,-6860.632329925895
57220.0,-6860.613902390003
57221.0,-6860.595474854112
57222.0,-6860.57704731822
57223.0,-6860.558619782329
57224.0,-6860.540192246437
57225.0,-6860.5217647105455
57226.0,-6860.503337174654
57227.0,-6860.4849096387625
57228.0,-6860.466482102871
57229.0,-6860.448054566979
57230.0,-6860.429627031088
57231.0,-6860.411199495196
57232.0,-6860.392771959305
57233.0,-6860.374344423413
57234.0,-6860.355916887522
57235.0,-6860.33748935163
57236.0,-6860.319061815739
57237.0,-6860.300634279847
57238.0,-6860.282206743956
57239.0,-6860.263779208064
57240.0,-6860.245351672173
57241.0,-6860.226924136281
57242.0,-6860.2084966003895
57243.0,-6860.190069064498
57244.0,-6860.171641528606
57245.0,-6860.153213992715
57246.0,-6860.134786456823
57247.0,-6860.116358920932
57248.0,-6860.09793138504
57249.0,-6860.079503849149
57250.0,-6860.061076313257
57251.0,-6860.042648777366
57252.0,-6860.024221241474
57253.0,-6860.005793705583
57254.0,-6859.987366169691
57255.0,-6859.9689386338
57256.0,-6859.950511097908
57257.0,-6859.9320835620165
57258.0,-6859.913656026125
57259.0,-6859.895228490233
57260.0,-6859.876800954342
57261.0,-6859.85837341845
57262.0,-6859.839945882559
57263.0,-6859.821518346667
57264.0,-6859.803090810776
57265.0,-6859.784663274884
57266.0,-6859.766235738993
57267.0,-6859.747808203101
57268.0,-6859.72938066721
57269.0,-6859.710953131318
57270.0,-6859.692525595427
57271.0,-6859.674098059535
57272.0,-6859.6556705236435
57273.0,-6859.637242987752
57274.0,-6859.61881545186
57275.0,-6859.600387915969
57276.0,-6859.581960380077
57277.0,-6859.563532844186
57278.0,-6859.545105308294
57279.0,-6859.526677772403
57280.0,-6859.508250236511
57281.0,-6859.48982270062
57282.0,-6859.471395164728
57283.0,-6859.452967628837
57284.0,-6859.434540092945
57285.0,-6859.416112557054
57286.0,-6859.397685021162
57287.0,-6859.3792574852705
57288.0,-6859.360829949379
57289.0,-6859.342402413487
57290.0,-6859.323974877596
57291.0,-6859.305547341704
57292.0,-6859.287119805813
57293.0,-6859.268692269921
57294.0,-6859.25026473403
57295.0,-6859.231837198138
57296.0,-6859.213409662247
57297.0,-6859.194982126355
57298.0,-6859.176554590464
57299.0,-6859.158127054572
57300.0,-6859.139699518681
57301.0,-6859.121271982789
57302.0,-6859.1028444468975
57303.0,-6859.084416911006
57304.0,-6859.065989375114
57305.0,-6859.047561839223
57306.0,-6859.029134303331
57307.0,-6859.01070676744
57308.0,-6858.992279231548
57309.0,-6858.973851695657
57310.0,-6858.955424159765
57311.0,-6858.936996623874
57312.0,-6858.918569087982
57313.0,-6858.900141552091
57314.0,-6858.881714016199
57315.0,-6858.863286480308
57316.0,-6858.844858944416
57317.0,-6858.8264314085245
57318.0,-6858.808003872633
57319.0,-6858.789576336741
57320.0,-6858.77114880085
57321.0,-6858.752721264958
57322.0,-6858.734293729067
57323.0,-6858.715866193175
57324.0,-6858.697438657284
57325.0,-6858.679011121392
57326.0,-6858.660583585501
57327.0,-6858.642156049609
57328.0,-6858.623728513718
57329.0,-6858.605300977826
57330.0,-6858.586873441935
57331.0,-6858.568445906043
57332.0,-6858.5500183701515
57333.0,-6858.53159083426
57334.0,-6858.513163298368
57335.0,-6858.494735762477
57336.0,-6858.476308226585
57337.0,-6858.457880690694
57338.0,-6858.439453154802
57339.0,-6858.421025618911
57340.0,-6858.402598083019
57341.0,-6858.384170547128
57342.0,-6858.365743011236
57343.0,-6858.347315475345
57344.0,-6858.328887939453
57345.0,-6858.342378626267
57346.0,-6858.355869313081
57347.0,-6858.369359999895
57348.0,-6858.382850686709
57349.0,-6858.396341373523
57350.0,-6858.409832060337
57351.0,-6858.423322747151
57352.0,-6858.436813433965
57353.0,-6858.450304120779
57354.0,-6858.463794807593
57355.0,-6858.477285494407
57356.0,-6858.490776181221
57357.0,-6858.504266868035
57358.0,-6858.517757554849
57359.0,-6858.531248241663
57360.0,-6858.544738928477
57361.0,-6858.558229615291
57362.0,-6858.571720302105
57363.0,-6858.585210988919
57364.0,-6858.598701675733
57365.0,-6858.612192362547
57366.0,-6858.625683049361
57367.0,-6858.639173736175
57368.0,-6858.652664422989
57369.0,-6858.666155109803
57370.0,-6858.679645796617
57371.0,-6858.693136483431
57372.0,-6858.706627170245
57373.0,-6858.7201178570585
57374.0,-6858.733608543873
57375.0,-6858.747099230687
57376.0,-6858.7605899175005
57377.0,-6858.774080604315
57378.0,-6858.787571291129
57379.0,-6858.8010619779425
57380.0,-6858.814552664757
57381.0,-6858.828043351571
57382.0,-6858.841534038384
57383.0,-6858.855024725199
57384.0,-6858.868515412013
57385.0,-6858.882006098826
57386.0,-6858.895496785641
57387.0,-6858.908987472455
57388.0,-6858.922478159268
57389.0,-6858.935968846083
57390.0,-6858.949459532897
57391.0,-6858.96295021971
57392.0,-6858.976440906525
57393.0,-6858.989931593339
57394.0,-6859.003422280152
57395.0,-6859.016912966967
57396.0,-6859.030403653781
57397.0,-6859.043894340594
57398.0,-6859.057385027409
57399.0,-6859.070875714223
57400.0,-6859.084366401036
57401.0,-6859.097857087851
57402.0,-6859.111347774665
57403.0,-6859.124838461478
57404.0,-6859.1383291482925
57405.0,-6859.151819835107
57406.0,-6859.16531052192
57407.0,-6859.1788012087345
57408.0,-6859.192291895549
57409.0,-6859.205782582362
57410.0,-6859.2192732691765
57411.0,-6859.232763955991
57412.0,-6859.246254642804
57413.0,-6859.259745329618
57414.0,-6859.273236016433
57415.0,-6859.286726703246
57416.0,-6859.30021739006
57417.0,-6859.313708076875
57418.0,-6859.327198763688
57419.0,-6859.340689450502
57420.0,-6859.354180137317
57421.0,-6859.36767082413
57422.0,-6859.381161510944
57423.0,-6859.394652197759
57424.0,-6859.408142884572
57425.0,-6859.421633571386
57426.0,-6859.435124258201
57427.0,-6859.448614945014
57428.0,-6859.462105631828
57429.0,-6859.475596318643
57430.0,-6859.489087005456
57431.0,-6859.50257769227
57432.0,-6859.516068379085
57433.0,-6859.529559065898
57434.0,-6859.543049752712
57435.0,-6859.5565404395265
57436.0,-6859.57003112634
57437.0,-6859.583521813154
57438.0,-6859.5970124999685
57439.0,-6859.610503186782
57440.0,-6859.623993873596
57441.0,-6859.6374845604105
57442.0,-6859.650975247224
57443.0,-6859.664465934038
57444.0,-6859.6779566208525
57445.0,-6859.691447307666
57446.0,-6859.70493799448
57447.0,-6859.718428681294
57448.0,-6859.731919368108
57449.0,-6859.745410054922
57450.0,-6859.758900741736
57451.0,-6859.77239142855
57452.0,-6859.785882115364
57453.0,-6859.799372802178
57454.0,-6859.812863488992
57455.0,-6859.826354175806
57456.0,-6859.83984486262
57457.0,-6859.853335549434
57458.0,-6859.866826236248
57459.0,-6859.880316923062
57460.0,-6859.893807609876
57461.0,-6859.90729829669
57462.0,-6859.920788983504
57463.0,-6859.934279670318
57464.0,-6859.947770357132
57465.0,-6859.961261043946
57466.0,-6859.97475173076
57467.0,-6859.988242417574
57468.0,-6860.001733104388
57469.0,-6860.015223791202
57470.0,-6860.028714478016
57471.0,-6860.04220516483
57472.0,-6860.055695851644
57473.0,-6860.069186538458
57474.0,-6860.082677225272
57475.0,-6860.096167912086
57476.0,-6860.1096585989
57477.0,-6860.123149285714
57478.0,-6860.1366399725275
57479.0,-6860.150130659342
57480.0,-6860.163621346156
57481.0,-6860.1771120329695
57482.0,-6860.190602719784
57483.0,-6860.204093406598
57484.0,-6860.2175840934115
57485.0,-6860.231074780226
57486.0,-6860.24456546704
57487.0,-6860.258056153853
57488.0,-6860.271546840668
57489.0,-6860.285037527482
57490.0,-6860.298528214295
57491.0,-6860.31201890111
57492.0,-6860.325509587924
57493.0,-6860.339000274737
57494.0,-6860.352490961552
57495.0,-6860.365981648366
57496.0,-6860.379472335179
57497.0,-6860.392963021994
57498.0,-6860.406453708808
57499.0,-6860.419944395621
57500.0,-6860.433435082436
57501.0,-6860.44692576925
57502.0,-6860.460416456063
57503.0,-6860.473907142878
57504.0,-6860.487397829692
57505.0,-6860.500888516505
57506.0,-6860.51437920332
57507.0,-6860.527869890134
57508.0,-6860.541360576947
57509.0,-6860.5548512637615
57510.0,-6860.568341950576
57511.0,-6860.581832637389
57512.0,-6860.5953233242035
57513.0,-6860.608814011018
57514.0,-6860.622304697831
57515.0,-6860.6357953846455
57516.0,-6860.64928607146
57517.0,-6860.662776758273
57518.0,-6860.676267445087
57519.0,-6860.689758131902
57520.0,-6860.703248818715
57521.0,-6860.716739505529
57522.0,-6860.730230192344
57523.0,-6860.743720879157
57524.0,-6860.757211565971
57525.0,-6860.770702252786
57526.0,-6860.784192939599
57527.0,-6860.797683626413
57528.0,-6860.811174313228
57529.0,-6860.824665000041
57530.0,-6860.838155686855
57531.0,-6860.85164637367
57532.0,-6860.865137060483
57533.0,-6860.878627747297
57534.0,-6860.892118434112
57535.0,-6860.905609120925
57536.0,-6860.919099807739
57537.0,-6860.932590494554
57538.0,-6860.946081181367
57539.0,-6860.959571868181
57540.0,-6860.9730625549955
57541.0,-6860.986553241809
57542.0,-6861.000043928623
57543.0,-6861.0135346154375
57544.0,-6861.027025302251
57545.0,-6861.040515989065
57546.0,-6861.0540066758795
57547.0,-6861.067497362693
57548.0,-6861.080988049507
57549.0,-6861.094478736321
57550.0,-6861.107969423135
57551.0,-6861.121460109949
57552.0,-6861.134950796763
57553.0,-6861.148441483577
57554.0,-6861.161932170391
57555.0,-6861.175422857205
57556.0,-6861.188913544019
57557.0,-6861.202404230833
57558.0,-6861.215894917647
57559.0,-6861.229385604461
57560.0,-6861.242876291275
57561.0,-6861.256366978089
57562.0,-6861.269857664903
57563.0,-6861.283348351717
57564.0,-6861.296839038531
57565.0,-6861.310329725345
57566.0,-6861.323820412159
57567.0,-6861.337311098973
57568.0,-6861.350801785787
57569.0,-6861.364292472601
57570.0,-6861.377783159415
57571.0,-6861.391273846229
57572.0,-6861.404764533043
57573.0,-6861.418255219857
57574.0,-6861.431745906671
57575.0,-6861.445236593485
57576.0,-6861.458727280299
57577.0,-6861.472217967113
57578.0,-6861.485708653927
57579.0,-6861.499199340741
57580.0,-6861.5126900275545
57581.0,-6861.526180714369
57582.0,-6861.539671401183
57583.0,-6861.5531620879965
57584.0,-6861.566652774811
57585.0,-6861.580143461625
57586.0,-6861.5936341484385
57587.0,-6861.607124835253
57588.0,-6861.620615522067
57589.0,-6861.63410620888
57590.0,-6861.647596895695
57591.0,-6861.661087582509
57592.0,-6861.674578269322
57593.0,-6861.688068956137
57594.0,-6861.701559642951
57595.0,-6861.715050329764
57596.0,-6861.728541016579
57597.0,-6861.742031703393
57598.0,-6861.755522390206
57599.0,-6861.769013077021
57600.0,-6861.782503763835
57601.0,-6861.795994450648
57602.0,-6861.809485137463
57603.0,-6861.822975824277
57604.0,-6861.83646651109
57605.0,-6861.849957197905
57606.0,-6861.863447884719
57607.0,-6861.876938571532
57608.0,-6861.890429258347
57609.0,-6861.903919945161
57610.0,-6861.917410631974
57611.0,-6861.9309013187885
57612.0,-6861.944392005603
57613.0,-6861.957882692416
57614.0,-6861.9713733792305
57615.0,-6861.984864066045
57616.0,-6861.998354752858
57617.0,-6862.0118454396725
57618.0,-6862.025336126487
57619.0,-6862.0388268133
57620.0,-6862.052317500114
57621.0,-6862.065808186929
57622.0,-6862.079298873742
57623.0,-6862.092789560556
57624.0,-6862.106280247371
57625.0,-6862.119770934184
57626.0,-6862.133261620998
57627.0,-6862.146752307813
57628.0,-6862.160242994626
57629.0,-6862.17373368144
57630.0,-6862.187224368255
57631.0,-6862.200715055068
57632.0,-6862.214205741882
57633.0,-6862.227696428697
57634.0,-6862.24118711551
57635.0,-6862.254677802324
57636.0,-6862.268168489139
57637.0,-6862.281659175952
57638.0,-6862.295149862766
57639.0,-6862.308640549581
57640.0,-6862.322131236394
57641.0,-6862.335621923208
57642.0,-6862.3491126100225
57643.0,-6862.362603296836
57644.0,-6862.37609398365
57645.0,-6862.3895846704645
57646.0,-6862.403075357278
57647.0,-6862.416566044092
57648.0,-6862.4300567309065
57649.0,-6862.44354741772
57650.0,-6862.457038104534
57651.0,-6862.470528791348
57652.0,-6862.484019478162
57653.0,-6862.497510164976
57654.0,-6862.51100085179
57655.0,-6862.524491538604
57656.0,-6862.537982225418
57657.0,-6862.551472912232
57658.0,-6862.564963599046
57659.0,-6862.57845428586
57660.0,-6862.591944972674
57661.0,-6862.605435659488
57662.0,-6862.618926346302
57663.0,-6862.632417033116
57664.0,-6862.64590771993
57665.0,-6862.659398406744
57666.0,-6862.672889093558
57667.0,-6862.686379780372
57668.0,-6862.699870467186
57669.0,-6862.713361154
57670.0,-6862.726851840814
57671.0,-6862.740342527628
57672.0,-6862.753833214442
57673.0,-6862.767323901256
57674.0,-6862.78081458807
57675.0,-6862.794305274884
57676.0,-6862.807795961698
57677.0,-6862.821286648512
57678.0,-6862.834777335326
57679.0,-6862.84826802214
57680.0,-6862.861758708954
57681.0,-6862.875249395768
57682.0,-6862.8887400825815
57683.0,-6862.902230769396
57684.0,-6862.91572145621
57685.0,-6862.9292121430235
57686.0,-6862.942702829838
57687.0,-6862.956193516652
57688.0,-6862.9696842034655
57689.0,-6862.98317489028
57690.0,-6862.996665577094
57691.0,-6863.010156263907
57692.0,-6863.023646950722
57693.0,-6863.037137637536
57694.0,-6863.050628324349
57695.0,-6863.064119011164
57696.0,-6863.077609697978
57697.0,-6863.091100384791
57698.0,-6863.104591071606
57699.0,-6863.11808175842
57700.0,-6863.131572445233
57701.0,-6863.145063132048
57702.0,-6863.158553818862
57703.0,-6863.172044505675
57704.0,-6863.18553519249
57705.0,-6863.199025879304
57706.0,-6863.212516566117
57707.0,-6863.226007252932
57708.0,-6863.239497939746
57709.0,-6863.252988626559
57710.0,-6863.266479313374
57711.0,-6863.279970000188
57712.0,-6863.293460687001
57713.0,-6863.3069513738155
57714.0,-6863.32044206063
57715.0,-6863.333932747443
57716.0,-6863.3474234342575
57717.0,-6863.360914121072
57718.0,-6863.374404807885
57719.0,-6863.3878954946995
57720.0,-6863.401386181514
57721.0,-6863.414876868327
57722.0,-6863.428367555141
57723.0,-6863.441858241956
57724.0,-6863.455348928769
57725.0,-6863.468839615583
57726.0,-6863.482330302398
57727.0,-6863.495820989211
57728.0,-6863.509311676025
57729.0,-6863.52280236284
57730.0,-6863.536293049653
57731.0,-6863.549783736467
57732.0,-6863.563274423282
57733.0,-6863.576765110095
57734.0,-6863.590255796909
57735.0,-6863.603746483724
57736.0,-6863.617237170537
57737.0,-6863.630727857351
57738.0,-6863.644218544166
57739.0,-6863.657709230979
57740.0,-6863.671199917793
57741.0,-6863.684690604608
57742.0,-6863.698181291421
57743.0,-6863.711671978235
57744.0,-6863.7251626650495
57745.0,-6863.738653351863
57746.0,-6863.752144038677
57747.0,-6863.7656347254915
57748.0,-6863.779125412305
57749.0,-6863.792616099119
57750.0,-6863.8061067859335
57751.0,-6863.819597472747
57752.0,-6863.833088159561
57753.0,-6863.846578846375
57754.0,-6863.860069533189
57755.0,-6863.873560220003
57756.0,-6863.887050906817
57757.0,-6863.900541593631
57758.0,-6863.914032280445
57759.0,-6863.927522967259
57760.0,-6863.941013654073
57761.0,-6863.954504340887
57762.0,-6863.967995027701
57763.0,-6863.981485714515
57764.0,-6863.994976401329
57765.0,-6864.008467088143
57766.0,-6864.021957774957
57767.0,-6864.035448461771
57768.0,-6864.048939148585
57769.0,-6864.062429835399
57770.0,-6864.075920522213
57771.0,-6864.089411209027
57772.0,-6864.102901895841
57773.0,-6864.116392582655
57774.0,-6864.129883269469
57775.0,-6864.143373956283
57776.0,-6864.156864643097
57777.0,-6864.170355329911
57778.0,-6864.183846016725
57779.0,-6864.197336703539
57780.0,-6864.210827390353
57781.0,-6864.224318077167
57782.0,-6864.237808763981
57783.0,-6864.251299450795
57784.0,-6864.2647901376085
57785.0,-6864.278280824423
57786.0,-6864.291771511237
57787.0,-6864.3052621980505
57788.0,-6864.318752884865
57789.0,-6864.332243571679
57790.0,-6864.3457342584925
57791.0,-6864.359224945307
57792.0,-6864.372715632121
57793.0,-6864.3862063189345
57794.0,-6864.399697005749
57795.0,-6864.413187692563
57796.0,-6864.426678379376
57797.0,-6864.440169066191
57798.0,-6864.453659753005
57799.0,-6864.467150439818
57800.0,-6864.480641126633
57801.0,-6864.494131813447
57802.0,-6864.50762250026
57803.0,-6864.521113187075
57804.0,-6864.534603873889
57805.0,-6864.548094560702
57806.0,-6864.561585247517
57807.0,-6864.575075934331
57808.0,-6864.588566621144
57809.0,-6864.602057307959
57810.0,-6864.615547994773
57811.0,-6864.629038681586
57812.0,-6864.642529368401
57813.0,-6864.656020055215
57814.0,-6864.669510742028
57815.0,-6864.6830014288425
57816.0,-6864.696492115657
57817.0,-6864.70998280247
57818.0,-6864.7234734892845
57819.0,-6864.736964176099
57820.0,-6864.750454862912
57821.0,-6864.7639455497265
57822.0,-6864.777436236541
57823.0,-6864.790926923354
57824.0,-6864.8044176101685
57825.0,-6864.817908296983
57826.0,-6864.831398983796
57827.0,-6864.84488967061
57828.0,-6864.858380357425
57829.0,-6864.871871044238
57830.0,-6864.885361731052
57831.0,-6864.898852417867
57832.0,-6864.91234310468
57833.0,-6864.925833791494
57834.0,-6864.939324478309
57835.0,-6864.952815165122
57836.0,-6864.966305851936
57837.0,-6864.979796538751
57838.0,-6864.993287225564
57839.0,-6865.006777912378
57840.0,-6865.020268599193
57841.0,-6865.033759286006
57842.0,-6865.04724997282
57843.0,-6865.060740659635
57844.0,-6865.074231346448
57845.0,-6865.087722033262
57846.0,-6865.101212720077
57847.0,-6865.11470340689
57848.0,-6865.128194093704
57849.0,-6865.1416847805185
57850.0,-6865.155175467332
57851.0,-6865.168666154146
57852.0,-6865.1821568409605
57853.0,-6865.195647527774
57854.0,-6865.209138214588
57855.0,-6865.2226289014025
57856.0,-6865.236119588216
57857.0,-6865.24961027503
57858.0,-6865.263100961844
57859.0,-6865.276591648658
57860.0,-6865.290082335472
57861.0,-6865.303573022286
57862.0,-6865.3170637091
57863.0,-6865.330554395914
57864.0,-6865.344045082728
57865.0,-6865.357535769542
57866.0,-6865.371026456356
57867.0,-6865.38451714317
57868.0,-6865.398007829984
57869.0,-6865.411498516798
57870.0,-6865.424989203612
57871.0,-6865.438479890426
57872.0,-6865.45197057724
57873.0,-6865.465461264054
57874.0,-6865.478951950868
57875.0,-6865.492442637682
57876.0,-6865.505933324496
57877.0,-6865.51942401131
57878.0,-6865.532914698124
57879.0,-6865.546405384938
57880.0,-6865.559896071752
57881.0,-6865.573386758566
57882.0,-6865.58687744538
57883.0,-6865.600368132194
57884.0,-6865.613858819008
57885.0,-6865.627349505822
57886.0,-6865.640840192636
57887.0,-6865.65433087945
57888.0,-6865.667821566264
57889.0,-6865.6813122530775
57890.0,-6865.694802939892
57891.0,-6865.708293626706
57892.0,-6865.7217843135195
57893.0,-6865.735275000334
57894.0,-6865.748765687148
57895.0,-6865.7622563739615
57896.0,-6865.775747060776
57897.0,-6865.78923774759
57898.0,-6865.802728434403
57899.0,-6865.816219121218
57900.0,-6865.829709808032
57901.0,-6865.843200494845
57902.0,-6865.85669118166
57903.0,-6865.870181868474
57904.0,-6865.883672555287
57905.0,-6865.897163242102
57906.0,-6865.910653928916
57907.0,-6865.924144615729
57908.0,-6865.937635302544
57909.0,-6865.951125989358
57910.0,-6865.964616676171
57911.0,-6865.978107362986
57912.0,-6865.9915980498
57913.0,-6866.005088736613
57914.0,-6866.018579423428
57915.0,-6866.032070110242
57916.0,-6866.045560797055
57917.0,-6866.05905148387
57918.0,-6866.072542170684
57919.0,-6866.086032857497
57920.0,-6866.0995235443115
57921.0,-6866.113014231126
57922.0,-6866.126504917939
57923.0,-6866.1399956047535
57924.0,-6866.153486291568
57925.0,-6866.166976978381
57926.0,-6866.1804676651955
57927.0,-6866.19395835201
57928.0,-6866.207449038823
57929.0,-6866.220939725637
57930.0,-6866.234430412452
57931.0,-6866.247921099265
57932.0,-6866.261411786079
57933.0,-6866.274902472894
57934.0,-6866.288393159707
57935.0,-6866.301883846521
57936.0,-6866.315374533336
57937.0,-6866.328865220149
57938.0,-6866.342355906963
57939.0,-6866.355846593778
57940.0,-6866.369337280591
57941.0,-6866.382827967405
57942.0,-6866.39631865422
57943.0,-6866.409809341033
57944.0,-6866.423300027847
57945.0,-6866.436790714662
57946.0,-6866.450281401475
57947.0,-6866.463772088289
57948.0,-6866.477262775104
57949.0,-6866.490753461917
57950.0,-6866.504244148731
57951.0,-6866.5177348355455
57952.0,-6866.531225522359
57953.0,-6866.544716209173
57954.0,-6866.5582068959875
57955.0,-6866.571697582801
57956.0,-6866.585188269615
57957.0,-6866.5986789564295
57958.0,-6866.612169643243
57959.0,-6866.625660330057
57960.0,-6866.639151016871
57961.0,-6866.652641703685
57962.0,-6866.666132390499
57963.0,-6866.679623077313
57964.0,-6866.693113764127
57965.0,-6866.706604450941
57966.0,-6866.720095137755
57967.0,-6866.733585824569
57968.0,-6866.747076511383
57969.0,-6866.760567198197
57970.0,-6866.774057885011
57971.0,-6866.787548571825
57972.0,-6866.801039258639
57973.0,-6866.814529945453
57974.0,-6866.828020632267
57975.0,-6866.841511319081
57976.0,-6866.855002005895
57977.0,-6866.868492692709
57978.0,-6866.881983379523
57979.0,-6866.895474066337
57980.0,-6866.908964753151
57981.0,-6866.922455439965
57982.0,-6866.935946126779
57983.0,-6866.949436813593
57984.0,-6866.962927500407
57985.0,-6866.976418187221
57986.0,-6866.989908874035
57987.0,-6867.003399560849
57988.0,-6867.016890247663
57989.0,-6867.030380934477
57990.0,-6867.043871621291
57991.0,-6867.0573623081045
57992.0,-6867.070852994919
57993.0,-6867.084343681733
57994.0,-6867.0978343685465
57995.0,-6867.111325055361
57996.0,-6867.124815742175
57997.0,-6867.1383064289885
57998.0,-6867.151797115803
57999.0,-6867.165287802617
58000.0,-6867.17877848943
58001.0,-6867.192269176245
58002.0,-6867.205759863059
58003.0,-6867.219250549872
58004.0,-6867.232741236687
58005.0,-6867.246231923501
58006.0,-6867.259722610314
58007.0,-6867.273213297129
58008.0,-6867.286703983943
58009.0,-6867.300194670756
58010.0,-6867.313685357571
58011.0,-6867.327176044385
58012.0,-6867.340666731198
58013.0,-6867.354157418013
58014.0,-6867.367648104827
58015.0,-6867.38113879164
58016.0,-6867.394629478455
58017.0,-6867.408120165269
58018.0,-6867.421610852082
58019.0,-6867.435101538897
58020.0,-6867.448592225711
58021.0,-6867.462082912524
58022.0,-6867.4755735993385
58023.0,-6867.489064286153
58024.0,-6867.502554972966
58025.0,-6867.5160456597805
58026.0,-6867.529536346595
58027.0,-6867.543027033408
58028.0,-6867.5565177202225
58029.0,-6867.570008407037
58030.0,-6867.58349909385
58031.0,-6867.596989780664
58032.0,-6867.610480467479
58033.0,-6867.623971154292
58034.0,-6867.637461841106
58035.0,-6867.650952527921
58036.0,-6867.664443214734
58037.0,-6867.677933901548
58038.0,-6867.691424588363
58039.0,-6867.704915275176
58040.0,-6867.71840596199
58041.0,-6867.731896648805
58042.0,-6867.745387335618
58043.0,-6867.758878022432
58044.0,-6867.772368709247
58045.0,-6867.78585939606
58046.0,-6867.799350082874
58047.0,-6867.812840769689
58048.0,-6867.826331456502
58049.0,-6867.839822143316
58050.0,-6867.853312830131
58051.0,-6867.866803516944
58052.0,-6867.880294203758
58053.0,-6867.8937848905725
58054.0,-6867.907275577386
58055.0,-6867.9207662642
58056.0,-6867.9342569510145
58057.0,-6867.947747637828
58058.0,-6867.961238324642
58059.0,-6867.9747290114565
58060.0,-6867.98821969827
58061.0,-6868.001710385084
58062.0,-6868.015201071898
58063.0,-6868.028691758712
58064.0,-6868.042182445526
58065.0,-6868.05567313234
58066.0,-6868.069163819154
58067.0,-6868.082654505968
58068.0,-6868.096145192782
58069.0,-6868.109635879596
58070.0,-6868.12312656641
58071.0,-6868.136617253224
58072.0,-6868.150107940038
58073.0,-6868.163598626852
58074.0,-6868.177089313666
58075.0,-6868.19058000048
58076.0,-6868.204070687294
58077.0,-6868.217561374108
58078.0,-6868.231052060922
58079.0,-6868.244542747736
58080.0,-6868.25803343455
58081.0,-6868.271524121364
58082.0,-6868.285014808178
58083.0,-6868.298505494992
58084.0,-6868.311996181806
58085.0,-6868.32548686862
58086.0,-6868.338977555434
58087.0,-6868.352468242248
58088.0,-6868.365958929062
58089.0,-6868.379449615876
58090.0,-6868.39294030269
58091.0,-6868.406430989504
58092.0,-6868.419921676318
58093.0,-6868.4334123631315
58094.0,-6868.446903049946
58095.0,-6868.46039373676
58096.0,-6868.4738844235735
58097.0,-6868.487375110388
58098.0,-6868.500865797202
58099.0,-6868.5143564840155
58100.0,-6868.52784717083
58101.0,-6868.541337857644
58102.0,-6868.554828544457
58103.0,-6868.568319231272
58104.0,-6868.581809918086
58105.0,-6868.595300604899
58106.0,-6868.608791291714
58107.0,-6868.622281978528
58108.0,-6868.635772665341
58109.0,-6868.649263352156
58110.0,-6868.66275403897
58111.0,-6868.676244725783
58112.0,-6868.689735412598
58113.0,-6868.703226099412
58114.0,-6868.716716786225
58115.0,-6868.73020747304
58116.0,-6868.743698159854
58117.0,-6868.757188846667
58118.0,-6868.770679533482
58119.0,-6868.784170220296
58120.0,-6868.797660907109
58121.0,-6868.811151593924
58122.0,-6868.824642280738
58123.0,-6868.838132967551
58124.0,-6868.8516236543655
58125.0,-6868.86511434118
58126.0,-6868.878605027993
58127.0,-6868.8920957148075
58128.0,-6868.905586401622
58129.0,-6868.919077088435
58130.0,-6868.9325677752495
58131.0,-6868.946058462064
58132.0,-6868.959549148877
58133.0,-6868.973039835691
58134.0,-6868.986530522506
58135.0,-6869.000021209319
58136.0,-6869.013511896133
58137.0,-6869.027002582948
58138.0,-6869.040493269761
58139.0,-6869.053983956575
58140.0,-6869.06747464339
58141.0,-6869.080965330203
58142.0,-6869.094456017017
58143.0,-6869.107946703832
58144.0,-6869.121437390645
58145.0,-6869.134928077459
58146.0,-6869.148418764274
58147.0,-6869.161909451087
58148.0,-6869.175400137901
58149.0,-6869.188890824716
58150.0,-6869.202381511529
58151.0,-6869.215872198343
58152.0,-6869.229362885158
58153.0,-6869.242853571971
58154.0,-6869.256344258785
58155.0,-6869.2698349455995
58156.0,-6869.283325632413
58157.0,-6869.296816319227
58158.0,-6869.3103070060415
58159.0,-6869.323797692855
58160.0,-6869.337288379669
58161.0,-6869.3507790664835
58162.0,-6869.364269753297
58163.0,-6869.377760440111
58164.0,-6869.391251126925
58165.0,-6869.404741813739
58166.0,-6869.418232500553
58167.0,-6869.431723187367
58168.0,-6869.445213874181
58169.0,-6869.458704560995
58170.0,-6869.472195247809
58171.0,-6869.485685934623
58172.0,-6869.499176621437
58173.0,-6869.512667308251
58174.0,-6869.526157995065
58175.0,-6869.539648681879
58176.0,-6869.553139368693
58177.0,-6869.566630055507
58178.0,-6869.580120742321
58179.0,-6869.593611429135
58180.0,-6869.607102115949
58181.0,-6869.620592802763
58182.0,-6869.634083489577
58183.0,-6869.647574176391
58184.0,-6869.661064863205
58185.0,-6869.674555550019
58186.0,-6869.688046236833
58187.0,-6869.701536923647
58188.0,-6869.715027610461
58189.0,-6869.728518297275
58190.0,-6869.742008984089
58191.0,-6869.755499670903
58192.0,-6869.768990357717
58193.0,-6869.782481044531
58194.0,-6869.795971731345
58195.0,-6869.809462418159
58196.0,-6869.822953104973
58197.0,-6869.836443791787
58198.0,-6869.8499344786005
58199.0,-6869.863425165415
58200.0,-6869.876915852229
58201.0,-6869.8904065390425
58202.0,-6869.903897225857
58203.0,-6869.917387912671
58204.0,-6869.9308785994845
58205.0,-6869.944369286299
58206.0,-6869.957859973113
58207.0,-6869.971350659926
58208.0,-6869.984841346741
58209.0,-6869.998332033555
58210.0,-6870.011822720368
58211.0,-6870.025313407183
58212.0,-6870.038804093997
58213.0,-6870.05229478081
58214.0,-6870.065785467625
58215.0,-6870.079276154439
58216.0,-6870.092766841252
58217.0,-6870.106257528067
58218.0,-6870.119748214881
58219.0,-6870.133238901694
58220.0,-6870.146729588509
58221.0,-6870.160220275323
58222.0,-6870.173710962136
58223.0,-6870.187201648951
58224.0,-6870.200692335765
58225.0,-6870.214183022578
58226.0,-6870.227673709393
58227.0,-6870.241164396207
58228.0,-6870.25465508302
58229.0,-6870.2681457698345
58230.0,-6870.281636456649
58231.0,-6870.295127143462
58232.0,-6870.3086178302765
58233.0,-6870.322108517091
58234.0,-6870.335599203904
58235.0,-6870.3490898907185
58236.0,-6870.362580577533
58237.0,-6870.376071264346
58238.0,-6870.38956195116
58239.0,-6870.403052637975
58240.0,-6870.416543324788
58241.0,-6870.430034011602
58242.0,-6870.443524698417
58243.0,-6870.45701538523
58244.0,-6870.470506072044
58245.0,-6870.483996758859
58246.0,-6870.497487445672
58247.0,-6870.510978132486
58248.0,-6870.524468819301
58249.0,-6870.537959506114
58250.0,-6870.551450192928
58251.0,-6870.564940879743
58252.0,-6870.578431566556
58253.0,-6870.59192225337
58254.0,-6870.605412940185
58255.0,-6870.618903626998
58256.0,-6870.632394313812
58257.0,-6870.645885000627
58258.0,-6870.65937568744
58259.0,-6870.672866374254
58260.0,-6870.6863570610685
58261.0,-6870.699847747882
58262.0,-6870.713338434696
58263.0,-6870.7268291215105
58264.0,-6870.740319808324
58265.0,-6870.753810495138
58266.0,-6870.7673011819525
58267.0,-6870.780791868766
58268.0,-6870.79428255558
58269.0,-6870.807773242394
58270.0,-6870.821263929208
58271.0,-6870.834754616022
58272.0,-6870.848245302836
58273.0,-6870.86173598965
58274.0,-6870.875226676464
58275.0,-6870.888717363278
58276.0,-6870.902208050092
58277.0,-6870.915698736906
58278.0,-6870.92918942372
58279.0,-6870.942680110534
58280.0,-6870.956170797348
58281.0,-6870.969661484162
58282.0,-6870.983152170976
58283.0,-6870.99664285779
58284.0,-6871.010133544604
58285.0,-6871.023624231418
58286.0,-6871.037114918232
58287.0,-6871.050605605046
58288.0,-6871.06409629186
58289.0,-6871.077586978674
58290.0,-6871.091077665488
58291.0,-6871.104568352302
58292.0,-6871.118059039116
58293.0,-6871.13154972593
58294.0,-6871.145040412744
58295.0,-6871.158531099558
58296.0,-6871.172021786372
58297.0,-6871.185512473186
58298.0,-6871.19900316
58299.0,-6871.212493846814
58300.0,-6871.2259845336275
58301.0,-6871.239475220442
58302.0,-6871.252965907256
58303.0,-6871.2664565940695
58304.0,-6871.279947280884
58305.0,-6871.293437967698
58306.0,-6871.3069286545115
58307.0,-6871.320419341326
58308.0,-6871.33391002814
58309.0,-6871.347400714953
58310.0,-6871.360891401768
58311.0,-6871.374382088582
58312.0,-6871.387872775395
58313.0,-6871.40136346221
58314.0,-6871.414854149024
58315.0,-6871.428344835837
58316.0,-6871.441835522652
58317.0,-6871.455326209466
58318.0,-6871.468816896279
58319.0,-6871.482307583094
58320.0,-6871.495798269908
58321.0,-6871.509288956721
58322.0,-6871.522779643536
58323.0,-6871.53627033035
58324.0,-6871.549761017163
58325.0,-6871.563251703978
58326.0,-6871.576742390792
58327.0,-6871.590233077605
58328.0,-6871.60372376442
58329.0,-6871.617214451234
58330.0,-6871.630705138047
58331.0,-6871.6441958248615
58332.0,-6871.657686511676
58333.0,-6871.671177198489
58334.0,-6871.6846678853035
58335.0,-6871.698158572118
58336.0,-6871.711649258931
58337.0,-6871.7251399457455
58338.0,-6871.73863063256
58339.0,-6871.752121319373
58340.0,-6871.765612006187
58341.0,-6871.779102693002
58342.0,-6871.792593379815
58343.0,-6871.806084066629
58344.0,-6871.819574753444
58345.0,-6871.833065440257
58346.0,-6871.846556127071
58347.0,-6871.860046813886
58348.0,-6871.873537500699
58349.0,-6871.887028187513
58350.0,-6871.900518874328
58351.0,-6871.914009561141
58352.0,-6871.927500247955
58353.0,-6871.94099093477
58354.0,-6871.954481621583
58355.0,-6871.967972308397
58356.0,-6871.981462995212
58357.0,-6871.994953682025
58358.0,-6872.008444368839
58359.0,-6872.021935055654
58360.0,-6872.035425742467
58361.0,-6872.048916429281
58362.0,-6872.0624071160955
58363.0,-6872.075897802909
58364.0,-6872.089388489723
58365.0,-6872.1028791765375
58366.0,-6872.116369863351
58367.0,-6872.129860550165
58368.0,-6872.1433512369795
58369.0,-6872.128543491165
58370.0,-6872.113735745351
58371.0,-6872.0989279995365
58372.0,-6872.084120253722
58373.0,-6872.069312507908
58374.0,-6872.0545047620935
58375.0,-6872.039697016279
58376.0,-6872.024889270465
58377.0,-6872.010081524651
58378.0,-6871.995273778836
58379.0,-6871.980466033022
58380.0,-6871.965658287208
58381.0,-6871.950850541393
58382.0,-6871.936042795579
58383.0,-6871.921235049765
58384.0,-6871.90642730395
58385.0,-6871.891619558136
58386.0,-6871.876811812322
58387.0,-6871.862004066507
58388.0,-6871.847196320693
58389.0,-6871.832388574879
58390.0,-6871.817580829064
58391.0,-6871.80277308325
58392.0,-6871.787965337436
58393.0,-6871.773157591621
58394.0,-6871.758349845807
58395.0,-6871.743542099993
58396.0,-6871.728734354178
58397.0,-6871.713926608364
58398.0,-6871.69911886255
58399.0,-6871.684311116735
58400.0,-6871.669503370921
58401.0,-6871.654695625107
58402.0,-6871.6398878792925
58403.0,-6871.625080133478
58404.0,-6871.610272387664
58405.0,-6871.5954646418495
58406.0,-6871.580656896035
58407.0,-6871.565849150221
58408.0,-6871.5510414044065
58409.0,-6871.536233658592
58410.0,-6871.521425912778
58411.0,-6871.506618166964
58412.0,-6871.491810421149
58413.0,-6871.477002675335
58414.0,-6871.462194929521
58415.0,-6871.447387183706
58416.0,-6871.432579437892
58417.0,-6871.417771692078
58418.0,-6871.402963946263
58419.0,-6871.388156200449
58420.0,-6871.373348454635
58421.0,-6871.35854070882
58422.0,-6871.343732963006
58423.0,-6871.328925217192
58424.0,-6871.314117471377
58425.0,-6871.299309725563
58426.0,-6871.284501979749
58427.0,-6871.269694233934
58428.0,-6871.25488648812
58429.0,-6871.240078742306
58430.0,-6871.225270996491
58431.0,-6871.210463250677
58432.0,-6871.195655504863
58433.0,-6871.180847759048
58434.0,-6871.166040013234
58435.0,-6871.15123226742
58436.0,-6871.1364245216055
58437.0,-6871.121616775791
58438.0,-6871.106809029977
58439.0,-6871.0920012841625
58440.0,-6871.077193538348
58441.0,-6871.062385792534
58442.0,-6871.0475780467195
58443.0,-6871.032770300905
58444.0,-6871.017962555091
58445.0,-6871.003154809277
58446.0,-6870.988347063462
58447.0,-6870.973539317648
58448.0,-6870.958731571834
58449.0,-6870.943923826019
58450.0,-6870.929116080205
58451.0,-6870.914308334391
58452.0,-6870.899500588576
58453.0,-6870.884692842762
58454.0,-6870.869885096948
58455.0,-6870.855077351133
58456.0,-6870.840269605319
58457.0,-6870.825461859505
58458.0,-6870.81065411369
58459.0,-6870.795846367876
58460.0,-6870.781038622062
58461.0,-6870.766230876247
58462.0,-6870.751423130433
58463.0,-6870.736615384619
58464.0,-6870.721807638804
58465.0,-6870.70699989299
58466.0,-6870.692192147176
58467.0,-6870.677384401361
58468.0,-6870.662576655547
58469.0,-6870.647768909733
58470.0,-6870.6329611639185
58471.0,-6870.618153418104
58472.0,-6870.60334567229
58473.0,-6870.5885379264755
58474.0,-6870.573730180661
58475.0,-6870.558922434847
58476.0,-6870.5441146890325
58477.0,-6870.529306943218
58478.0,-6870.514499197404
58479.0,-6870.49969145159
58480.0,-6870.484883705775
58481.0,-6870.470075959961
58482.0,-6870.455268214147
58483.0,-6870.440460468332
58484.0,-6870.425652722518
58485.0,-6870.410844976704
58486.0,-6870.396037230889
58487.0,-6870.381229485075
58488.0,-6870.366421739261
58489.0,-6870.351613993446
58490.0,-6870.336806247632
58491.0,-6870.321998501818
58492.0,-6870.307190756003
58493.0,-6870.292383010189
58494.0,-6870.277575264375
58495.0,-6870.26276751856
58496.0,-6870.247959772746
58497.0,-6870.233152026932
58498.0,-6870.218344281117
58499.0,-6870.203536535303
58500.0,-6870.188728789489
58501.0,-6870.173921043674
58502.0,-6870.15911329786
58503.0,-6870.144305552046
58504.0,-6870.1294978062315
58505.0,-6870.114690060417
58506.0,-6870.099882314603
58507.0,-6870.0850745687885
58508.0,-6870.070266822974
58509.0,-6870.05545907716
58510.0,-6870.0406513313455
58511.0,-6870.025843585531
58512.0,-6870.011035839717
58513.0,-6869.996228093903
58514.0,-6869.981420348088
58515.0,-6869.966612602274
58516.0,-6869.95180485646
58517.0,-6869.936997110645
58518.0,-6869.922189364831
58519.0,-6869.907381619017
58520.0,-6869.892573873202
58521.0,-6869.877766127388
58522.0,-6869.862958381574
58523.0,-6869.848150635759
58524.0,-6869.833342889945
58525.0,-6869.818535144131
58526.0,-6869.803727398316
58527.0,-6869.788919652502
58528.0,-6869.774111906688
58529.0,-6869.759304160873
58530.0,-6869.744496415059
58531.0,-6869.729688669245
58532.0,-6869.71488092343
58533.0,-6869.700073177616
58534.0,-6869.685265431802
58535.0,-6869.6704576859875
58536.0,-6869.655649940173
58537.0,-6869.640842194359
58538.0,-6869.6260344485445
58539.0,-6869.61122670273
58540.0,-6869.596418956916
58541.0,-6869.5816112111015
58542.0,-6869.566803465287
58543.0,-6869.551995719473
58544.0,-6869.537187973659
58545.0,-6869.522380227844
58546.0,-6869.50757248203
58547.0,-6869.492764736216
58548.0,-6869.477956990401
58549.0,-6869.463149244587
58550.0,-6869.448341498773
58551.0,-6869.433533752958
58552.0,-6869.418726007144
58553.0,-6869.40391826133
58554.0,-6869.389110515515
58555.0,-6869.374302769701
58556.0,-6869.359495023887
58557.0,-6869.344687278072
58558.0,-6869.329879532258
58559.0,-6869.315071786444
58560.0,-6869.300264040629
58561.0,-6869.285456294815
58562.0,-6869.270648549001
58563.0,-6869.255840803186
58564.0,-6869.241033057372
58565.0,-6869.226225311558
58566.0,-6869.211417565743
58567.0,-6869.196609819929
58568.0,-6869.181802074115
58569.0,-6869.1669943283005
58570.0,-6869.152186582486
58571.0,-6869.137378836672
58572.0,-6869.1225710908575
58573.0,-6869.107763345043
58574.0,-6869.092955599229
58575.0,-6869.0781478534145
58576.0,-6869.0633401076
58577.0,-6869.048532361786
58578.0,-6869.033724615972
58579.0,-6869.018916870157
58580.0,-6869.004109124343
58581.0,-6868.989301378529
58582.0,-6868.974493632714
58583.0,-6868.9596858869
58584.0,-6868.944878141086
58585.0,-6868.930070395271
58586.0,-6868.915262649457
58587.0,-6868.900454903643
58588.0,-6868.885647157828
58589.0,-6868.870839412014
58590.0,-6868.8560316662
58591.0,-6868.841223920385
58592.0,-6868.826416174571
58593.0,-6868.811608428757
58594.0,-6868.796800682942
58595.0,-6868.781992937128
58596.0,-6868.767185191314
58597.0,-6868.752377445499
58598.0,-6868.737569699685
58599.0,-6868.722761953871
58600.0,-6868.707954208056
58601.0,-6868.693146462242
58602.0,-6868.678338716428
58603.0,-6868.6635309706135
58604.0,-6868.648723224799
58605.0,-6868.633915478985
58606.0,-6868.6191077331705
58607.0,-6868.604299987356
58608.0,-6868.589492241542
58609.0,-6868.5746844957275
58610.0,-6868.559876749913
58611.0,-6868.545069004099
58612.0,-6868.530261258285
58613.0,-6868.51545351247
58614.0,-6868.500645766656
58615.0,-6868.485838020842
58616.0,-6868.471030275027
58617.0,-6868.456222529213
58618.0,-6868.441414783399
58619.0,-6868.426607037584
58620.0,-6868.41179929177
58621.0,-6868.396991545956
58622.0,-6868.382183800141
58623.0,-6868.367376054327
58624.0,-6868.352568308513
58625.0,-6868.337760562698
58626.0,-6868.322952816884
58627.0,-6868.30814507107
58628.0,-6868.293337325255
58629.0,-6868.278529579441
58630.0,-6868.263721833627
58631.0,-6868.248914087812
58632.0,-6868.234106341998
58633.0,-6868.219298596184
58634.0,-6868.204490850369
58635.0,-6868.189683104555
58636.0,-6868.174875358741
58637.0,-6868.1600676129265
58638.0,-6868.145259867112
58639.0,-6868.130452121298
58640.0,-6868.1156443754835
58641.0,-6868.100836629669
58642.0,-6868.086028883855
58643.0,-6868.0712211380405
58644.0,-6868.056413392226
58645.0,-6868.041605646412
58646.0,-6868.026797900598
58647.0,-6868.011990154783
58648.0,-6867.997182408969
58649.0,-6867.982374663155
58650.0,-6867.96756691734
58651.0,-6867.952759171526
58652.0,-6867.937951425712
58653.0,-6867.923143679897
58654.0,-6867.908335934083
58655.0,-6867.893528188269
58656.0,-6867.878720442454
58657.0,-6867.86391269664
58658.0,-6867.849104950826
58659.0,-6867.834297205011
58660.0,-6867.819489459197
58661.0,-6867.804681713383
58662.0,-6867.789873967568
58663.0,-6867.775066221754
58664.0,-6867.76025847594
58665.0,-6867.745450730125
58666.0,-6867.730642984311
58667.0,-6867.715835238497
58668.0,-6867.701027492682
58669.0,-6867.686219746868
58670.0,-6867.671412001054
58671.0,-6867.6566042552395
58672.0,-6867.641796509425
58673.0,-6867.626988763611
58674.0,-6867.6121810177965
58675.0,-6867.597373271982
58676.0,-6867.582565526168
58677.0,-6867.5677577803535
58678.0,-6867.552950034539
58679.0,-6867.538142288725
58680.0,-6867.523334542911
58681.0,-6867.508526797096
58682.0,-6867.493719051282
58683.0,-6867.478911305468
58684.0,-6867.464103559653
58685.0,-6867.449295813839
58686.0,-6867.434488068025
58687.0,-6867.41968032221
58688.0,-6867.404872576396
58689.0,-6867.390064830582
58690.0,-6867.375257084767
58691.0,-6867.360449338953
58692.0,-6867.345641593139
58693.0,-6867.330833847324
58694.0,-6867.31602610151
58695.0,-6867.301218355696
58696.0,-6867.286410609881
58697.0,-6867.271602864067
58698.0,-6867.256795118253
58699.0,-6867.241987372438
58700.0,-6867.227179626624
58701.0,-6867.21237188081
58702.0,-6867.197564134995
58703.0,-6867.182756389181
58704.0,-6867.167948643367
58705.0,-6867.1531408975525
58706.0,-6867.138333151738
58707.0,-6867.123525405924
58708.0,-6867.1087176601095
58709.0,-6867.093909914295
58710.0,-6867.079102168481
58711.0,-6867.0642944226665
58712.0,-6867.049486676852
58713.0,-6867.034678931038
58714.0,-6867.019871185224
58715.0,-6867.005063439409
58716.0,-6866.990255693595
58717.0,-6866.975447947781
58718.0,-6866.960640201966
58719.0,-6866.945832456152
58720.0,-6866.931024710338
58721.0,-6866.916216964523
58722.0,-6866.901409218709
58723.0,-6866.886601472895
58724.0,-6866.87179372708
58725.0,-6866.856985981266
58726.0,-6866.842178235452
58727.0,-6866.827370489637
58728.0,-6866.812562743823
58729.0,-6866.797754998009
58730.0,-6866.782947252194
58731.0,-6866.76813950638
58732.0,-6866.753331760566
58733.0,-6866.738524014751
58734.0,-6866.723716268937
58735.0,-6866.708908523123
58736.0,-6866.694100777308
58737.0,-6866.679293031494
58738.0,-6866.66448528568
58739.0,-6866.6496775398655
58740.0,-6866.634869794051
58741.0,-6866.620062048237
58742.0,-6866.6052543024225
58743.0,-6866.590446556608
58744.0,-6866.575638810794
58745.0,-6866.5608310649795
58746.0,-6866.546023319165
58747.0,-6866.531215573351
58748.0,-6866.516407827537
58749.0,-6866.501600081722
58750.0,-6866.486792335908
58751.0,-6866.471984590094
58752.0,-6866.457176844279
58753.0,-6866.442369098465
58754.0,-6866.427561352651
58755.0,-6866.412753606836
58756.0,-6866.397945861022
58757.0,-6866.383138115208
58758.0,-6866.368330369393
58759.0,-6866.353522623579
58760.0,-6866.338714877765
58761.0,-6866.32390713195
58762.0,-6866.309099386136
58763.0,-6866.294291640322
58764.0,-6866.279483894507
58765.0,-6866.264676148693
58766.0,-6866.249868402879
58767.0,-6866.235060657064
58768.0,-6866.22025291125
58769.0,-6866.205445165436
58770.0,-6866.190637419621
58771.0,-6866.175829673807
58772.0,-6866.161021927993
58773.0,-6866.1462141821785
58774.0,-6866.131406436364
58775.0,-6866.11659869055
58776.0,-6866.1017909447355
58777.0,-6866.086983198921
58778.0,-6866.072175453107
58779.0,-6866.0573677072925
58780.0,-6866.042559961478
58781.0,-6866.027752215664
58782.0,-6866.01294446985
58783.0,-6865.998136724035
58784.0,-6865.983328978221
58785.0,-6865.968521232407
58786.0,-6865.953713486592
58787.0,-6865.938905740778
58788.0,-6865.924097994964
58789.0,-6865.909290249149
58790.0,-6865.894482503335
58791.0,-6865.879674757521
58792.0,-6865.864867011706
58793.0,-6865.850059265892
58794.0,-6865.835251520078
58795.0,-6865.820443774263
58796.0,-6865.805636028449
58797.0,-6865.790828282635
58798.0,-6865.77602053682
58799.0,-6865.761212791006
58800.0,-6865.746405045192
58801.0,-6865.731597299377
58802.0,-6865.716789553563
58803.0,-6865.701981807749
58804.0,-6865.6871740619345
58805.0,-6865.67236631612
58806.0,-6865.657558570306
58807.0,-6865.6427508244915
58808.0,-6865.627943078677
58809.0,-6865.613135332863
58810.0,-6865.5983275870485
58811.0,-6865.583519841234
58812.0,-6865.56871209542
58813.0,-6865.553904349606
58814.0,-6865.539096603791
58815.0,-6865.524288857977
58816.0,-6865.509481112163
58817.0,-6865.494673366348
58818.0,-6865.479865620534
58819.0,-6865.46505787472
58820.0,-6865.450250128905
58821.0,-6865.435442383091
58822.0,-6865.420634637277
58823.0,-6865.405826891462
58824.0,-6865.391019145648
58825.0,-6865.376211399834
58826.0,-6865.361403654019
58827.0,-6865.346595908205
58828.0,-6865.331788162391
58829.0,-6865.316980416576
58830.0,-6865.302172670762
58831.0,-6865.287364924948
58832.0,-6865.272557179133
58833.0,-6865.257749433319
58834.0,-6865.242941687505
58835.0,-6865.22813394169
58836.0,-6865.213326195876
58837.0,-6865.198518450062
58838.0,-6865.1837107042475
58839.0,-6865.168902958433
58840.0,-6865.154095212619
58841.0,-6865.1392874668045
58842.0,-6865.12447972099
58843.0,-6865.109671975176
58844.0,-6865.0948642293615
58845.0,-6865.080056483547
58846.0,-6865.065248737733
58847.0,-6865.050440991919
58848.0,-6865.035633246104
58849.0,-6865.02082550029
58850.0,-6865.006017754476
58851.0,-6864.991210008661
58852.0,-6864.976402262847
58853.0,-6864.961594517033
58854.0,-6864.946786771218
58855.0,-6864.931979025404
58856.0,-6864.91717127959
58857.0,-6864.902363533775
58858.0,-6864.887555787961
58859.0,-6864.872748042147
58860.0,-6864.857940296332
58861.0,-6864.843132550518
58862.0,-6864.828324804704
58863.0,-6864.813517058889
58864.0,-6864.798709313075
58865.0,-6864.783901567261
58866.0,-6864.769093821446
58867.0,-6864.754286075632
58868.0,-6864.739478329818
58869.0,-6864.724670584003
58870.0,-6864.709862838189
58871.0,-6864.695055092375
58872.0,-6864.6802473465605
58873.0,-6864.665439600746
58874.0,-6864.650631854932
58875.0,-6864.6358241091175
58876.0,-6864.621016363303
58877.0,-6864.606208617489
58878.0,-6864.5914008716745
58879.0,-6864.57659312586
58880.0,-6864.561785380046
58881.0,-6864.546977634232
58882.0,-6864.532169888417
58883.0,-6864.517362142603
58884.0,-6864.502554396789
58885.0,-6864.487746650974
58886.0,-6864.47293890516
58887.0,-6864.458131159346
58888.0,-6864.443323413531
58889.0,-6864.428515667717
58890.0,-6864.413707921903
58891.0,-6864.398900176088
58892.0,-6864.384092430274
58893.0,-6864.36928468446
58894.0,-6864.354476938645
58895.0,-6864.339669192831
58896.0,-6864.324861447017
58897.0,-6864.310053701202
58898.0,-6864.295245955388
58899.0,-6864.280438209574
58900.0,-6864.265630463759
58901.0,-6864.250822717945
58902.0,-6864.236014972131
58903.0,-6864.221207226316
58904.0,-6864.206399480502
58905.0,-6864.191591734688
58906.0,-6864.1767839888735
58907.0,-6864.161976243059
58908.0,-6864.147168497245
58909.0,-6864.1323607514305
58910.0,-6864.117553005616
58911.0,-6864.102745259802
58912.0,-6864.0879375139875
58913.0,-6864.073129768173
58914.0,-6864.058322022359
58915.0,-6864.043514276545
58916.0,-6864.02870653073
58917.0,-6864.013898784916
58918.0,-6863.999091039102
58919.0,-6863.984283293287
58920.0,-6863.969475547473
58921.0,-6863.954667801659
58922.0,-6863.939860055844
58923.0,-6863.92505231003
58924.0,-6863.910244564216
58925.0,-6863.895436818401
58926.0,-6863.880629072587
58927.0,-6863.865821326773
58928.0,-6863.851013580958
58929.0,-6863.836205835144
58930.0,-6863.82139808933
58931.0,-6863.806590343515
58932.0,-6863.791782597701
58933.0,-6863.776974851887
58934.0,-6863.762167106072
58935.0,-6863.747359360258
58936.0,-6863.732551614444
58937.0,-6863.717743868629
58938.0,-6863.702936122815
58939.0,-6863.688128377001
58940.0,-6863.6733206311865
58941.0,-6863.658512885372
58942.0,-6863.643705139558
58943.0,-6863.6288973937435
58944.0,-6863.614089647929
58945.0,-6863.599281902115
58946.0,-6863.5844741563005
58947.0,-6863.569666410486
58948.0,-6863.554858664672
58949.0,-6863.540050918858
58950.0,-6863.525243173043
58951.0,-6863.510435427229
58952.0,-6863.495627681415
58953.0,-6863.4808199356
58954.0,-6863.466012189786
58955.0,-6863.451204443972
58956.0,-6863.436396698157
58957.0,-6863.421588952343
58958.0,-6863.406781206529
58959.0,-6863.391973460714
58960.0,-6863.3771657149
58961.0,-6863.362357969086
58962.0,-6863.347550223271
58963.0,-6863.332742477457
58964.0,-6863.317934731643
58965.0,-6863.303126985828
58966.0,-6863.288319240014
58967.0,-6863.2735114942
58968.0,-6863.258703748385
58969.0,-6863.243896002571
58970.0,-6863.229088256757
58971.0,-6863.214280510942
58972.0,-6863.199472765128
58973.0,-6863.184665019314
58974.0,-6863.1698572734995
58975.0,-6863.155049527685
58976.0,-6863.140241781871
58977.0,-6863.1254340360565
58978.0,-6863.110626290242
58979.0,-6863.095818544428
58980.0,-6863.0810107986135
58981.0,-6863.066203052799
58982.0,-6863.051395306985
58983.0,-6863.036587561171
58984.0,-6863.021779815356
58985.0,-6863.006972069542
58986.0,-6862.992164323728
58987.0,-6862.977356577913
58988.0,-6862.962548832099
58989.0,-6862.947741086285
58990.0,-6862.93293334047
58991.0,-6862.918125594656
58992.0,-6862.903317848842
58993.0,-6862.888510103027
58994.0,-6862.873702357213
58995.0,-6862.858894611399
58996.0,-6862.844086865584
58997.0,-6862.82927911977
58998.0,-6862.814471373956
58999.0,-6862.799663628141
59000.0,-6862.784855882327
59001.0,-6862.770048136513
59002.0,-6862.755240390698
59003.0,-6862.740432644884
59004.0,-6862.72562489907
59005.0,-6862.710817153255
59006.0,-6862.696009407441
59007.0,-6862.681201661627
59008.0,-6862.6663939158125
59009.0,-6862.651586169998
59010.0,-6862.636778424184
59011.0,-6862.6219706783695
59012.0,-6862.607162932555
59013.0,-6862.592355186741
59014.0,-6862.5775474409265
59015.0,-6862.562739695112
59016.0,-6862.547931949298
59017.0,-6862.533124203484
59018.0,-6862.518316457669
59019.0,-6862.503508711855
59020.0,-6862.488700966041
59021.0,-6862.473893220226
59022.0,-6862.459085474412
59023.0,-6862.444277728598
59024.0,-6862.429469982783
59025.0,-6862.414662236969
59026.0,-6862.399854491155
59027.0,-6862.38504674534
59028.0,-6862.370238999526
59029.0,-6862.355431253712
59030.0,-6862.340623507897
59031.0,-6862.325815762083
59032.0,-6862.311008016269
59033.0,-6862.296200270454
59034.0,-6862.28139252464
59035.0,-6862.266584778826
59036.0,-6862.251777033011
59037.0,-6862.236969287197
59038.0,-6862.222161541383
59039.0,-6862.207353795568
59040.0,-6862.192546049754
59041.0,-6862.17773830394
59042.0,-6862.1629305581255
59043.0,-6862.148122812311
59044.0,-6862.133315066497
59045.0,-6862.1185073206825
59046.0,-6862.103699574868
59047.0,-6862.088891829054
59048.0,-6862.0740840832395
59049.0,-6862.059276337425
59050.0,-6862.044468591611
59051.0,-6862.029660845797
59052.0,-6862.014853099982
59053.0,-6862.000045354168
59054.0,-6861.985237608354
59055.0,-6861.970429862539
59056.0,-6861.955622116725
59057.0,-6861.940814370911
59058.0,-6861.926006625096
59059.0,-6861.911198879282
59060.0,-6861.896391133468
59061.0,-6861.881583387653
59062.0,-6861.866775641839
59063.0,-6861.851967896025
59064.0,-6861.83716015021
59065.0,-6861.822352404396
59066.0,-6861.807544658582
59067.0,-6861.792736912767
59068.0,-6861.777929166953
59069.0,-6861.763121421139
59070.0,-6861.748313675324
59071.0,-6861.73350592951
59072.0,-6861.718698183696
59073.0,-6861.7038904378815
59074.0,-6861.689082692067
59075.0,-6861.674274946253
59076.0,-6861.6594672004385
59077.0,-6861.644659454624
59078.0,-6861.62985170881
59079.0,-6861.6150439629955
59080.0,-6861.600236217181
59081.0,-6861.585428471367
59082.0,-6861.5706207255525
59083.0,-6861.555812979738
59084.0,-6861.541005233924
59085.0,-6861.52619748811
59086.0,-6861.511389742295
59087.0,-6861.496581996481
59088.0,-6861.481774250667
59089.0,-6861.466966504852
59090.0,-6861.452158759038
59091.0,-6861.437351013224
59092.0,-6861.422543267409
59093.0,-6861.407735521595
59094.0,-6861.392927775781
59095.0,-6861.378120029966
59096.0,-6861.363312284152
59097.0,-6861.348504538338
59098.0,-6861.333696792523
59099.0,-6861.318889046709
59100.0,-6861.304081300895
59101.0,-6861.28927355508
59102.0,-6861.274465809266
59103.0,-6861.259658063452
59104.0,-6861.244850317637
59105.0,-6861.230042571823
59106.0,-6861.215234826009
59107.0,-6861.2004270801945
59108.0,-6861.18561933438
59109.0,-6861.170811588566
59110.0,-6861.1560038427515
59111.0,-6861.141196096937
59112.0,-6861.126388351123
59113.0,-6861.1115806053085
59114.0,-6861.096772859494
59115.0,-6861.08196511368
59116.0,-6861.067157367866
59117.0,-6861.052349622051
59118.0,-6861.037541876237
59119.0,-6861.022734130423
59120.0,-6861.007926384608
59121.0,-6860.993118638794
59122.0,-6860.97831089298
59123.0,-6860.963503147165
59124.0,-6860.948695401351
59125.0,-6860.933887655537
59126.0,-6860.919079909722
59127.0,-6860.904272163908
59128.0,-6860.889464418094
59129.0,-6860.874656672279
59130.0,-6860.859848926465
59131.0,-6860.845041180651
59132.0,-6860.830233434836
59133.0,-6860.815425689022
59134.0,-6860.800617943208
59135.0,-6860.785810197393
59136.0,-6860.771002451579
59137.0,-6860.756194705765
59138.0,-6860.74138695995
59139.0,-6860.726579214136
59140.0,-6860.711771468322
59141.0,-6860.6969637225075
59142.0,-6860.682155976693
59143.0,-6860.667348230879
59144.0,-6860.6525404850645
59145.0,-6860.63773273925
59146.0,-6860.622924993436
59147.0,-6860.6081172476215
59148.0,-6860.593309501807
59149.0,-6860.578501755993
59150.0,-6860.563694010179
59151.0,-6860.548886264364
59152.0,-6860.53407851855
59153.0,-6860.519270772736
59154.0,-6860.504463026921
59155.0,-6860.489655281107
59156.0,-6860.474847535293
59157.0,-6860.460039789478
59158.0,-6860.445232043664
59159.0,-6860.43042429785
59160.0,-6860.415616552035
59161.0,-6860.400808806221
59162.0,-6860.386001060407
59163.0,-6860.371193314592
59164.0,-6860.356385568778
59165.0,-6860.341577822964
59166.0,-6860.326770077149
59167.0,-6860.311962331335
59168.0,-6860.297154585521
59169.0,-6860.282346839706
59170.0,-6860.267539093892
59171.0,-6860.252731348078
59172.0,-6860.237923602263
59173.0,-6860.223115856449
59174.0,-6860.208308110635
59175.0,-6860.1935003648205
59176.0,-6860.178692619006
59177.0,-6860.163884873192
59178.0,-6860.1490771273775
59179.0,-6860.134269381563
59180.0,-6860.119461635749
59181.0,-6860.1046538899345
59182.0,-6860.08984614412
59183.0,-6860.075038398306
59184.0,-6860.060230652492
59185.0,-6860.045422906677
59186.0,-6860.030615160863
59187.0,-6860.015807415049
59188.0,-6860.000999669234
59189.0,-6859.98619192342
59190.0,-6859.971384177606
59191.0,-6859.956576431791
59192.0,-6859.941768685977
59193.0,-6859.926960940163
59194.0,-6859.912153194348
59195.0,-6859.897345448534
59196.0,-6859.88253770272
59197.0,-6859.867729956905
59198.0,-6859.852922211091
59199.0,-6859.838114465277
59200.0,-6859.823306719462
59201.0,-6859.808498973648
59202.0,-6859.793691227834
59203.0,-6859.778883482019
59204.0,-6859.764075736205
59205.0,-6859.749267990391
59206.0,-6859.734460244576
59207.0,-6859.719652498762
59208.0,-6859.704844752948
59209.0,-6859.6900370071335
59210.0,-6859.675229261319
59211.0,-6859.660421515505
59212.0,-6859.6456137696905
59213.0,-6859.630806023876
59214.0,-6859.615998278062
59215.0,-6859.6011905322475
59216.0,-6859.586382786433
59217.0,-6859.571575040619
59218.0,-6859.556767294805
59219.0,-6859.54195954899
59220.0,-6859.527151803176
59221.0,-6859.512344057362
59222.0,-6859.497536311547
59223.0,-6859.482728565733
59224.0,-6859.467920819919
59225.0,-6859.453113074104
59226.0,-6859.43830532829
59227.0,-6859.423497582476
59228.0,-6859.408689836661
59229.0,-6859.393882090847
59230.0,-6859.379074345033
59231.0,-6859.364266599218
59232.0,-6859.349458853404
59233.0,-6859.33465110759
59234.0,-6859.319843361775
59235.0,-6859.305035615961
59236.0,-6859.290227870147
59237.0,-6859.275420124332
59238.0,-6859.260612378518
59239.0,-6859.245804632704
59240.0,-6859.230996886889
59241.0,-6859.216189141075
59242.0,-6859.201381395261
59243.0,-6859.1865736494465
59244.0,-6859.171765903632
59245.0,-6859.156958157818
59246.0,-6859.1421504120035
59247.0,-6859.127342666189
59248.0,-6859.112534920375
59249.0,-6859.0977271745605
59250.0,-6859.082919428746
59251.0,-6859.068111682932
59252.0,-6859.053303937118
59253.0,-6859.038496191303
59254.0,-6859.023688445489
59255.0,-6859.008880699675
59256.0,-6858.99407295386
59257.0,-6858.979265208046
59258.0,-6858.964457462232
59259.0,-6858.949649716417
59260.0,-6858.934841970603
59261.0,-6858.920034224789
59262.0,-6858.905226478974
59263.0,-6858.89041873316
59264.0,-6858.875610987346
59265.0,-6858.860803241531
59266.0,-6858.845995495717
59267.0,-6858.831187749903
59268.0,-6858.816380004088
59269.0,-6858.801572258274
59270.0,-6858.78676451246
59271.0,-6858.771956766645
59272.0,-6858.757149020831
59273.0,-6858.742341275017
59274.0,-6858.727533529202
59275.0,-6858.712725783388
59276.0,-6858.697918037574
59277.0,-6858.6831102917595
59278.0,-6858.668302545945
59279.0,-6858.653494800131
59280.0,-6858.6386870543165
59281.0,-6858.623879308502
59282.0,-6858.609071562688
59283.0,-6858.5942638168735
59284.0,-6858.579456071059
59285.0,-6858.564648325245
59286.0,-6858.549840579431
59287.0,-6858.535032833616
59288.0,-6858.520225087802
59289.0,-6858.505417341988
59290.0,-6858.490609596173
59291.0,-6858.475801850359
59292.0,-6858.460994104545
59293.0,-6858.44618635873
59294.0,-6858.431378612916
59295.0,-6858.416570867102
59296.0,-6858.401763121287
59297.0,-6858.386955375473
59298.0,-6858.372147629659
59299.0,-6858.357339883844
59300.0,-6858.34253213803
59301.0,-6858.327724392216
59302.0,-6858.312916646401
59303.0,-6858.298108900587
59304.0,-6858.283301154773
59305.0,-6858.268493408958
59306.0,-6858.253685663144
59307.0,-6858.23887791733
59308.0,-6858.224070171515
59309.0,-6858.209262425701
59310.0,-6858.194454679887
59311.0,-6858.1796469340725
59312.0,-6858.164839188258
59313.0,-6858.150031442444
59314.0,-6858.1352236966295
59315.0,-6858.120415950815
59316.0,-6858.105608205001
59317.0,-6858.0908004591865
59318.0,-6858.075992713372
59319.0,-6858.061184967558
59320.0,-6858.046377221744
59321.0,-6858.031569475929
59322.0,-6858.016761730115
59323.0,-6858.001953984301
59324.0,-6857.987146238486
59325.0,-6857.972338492672
59326.0,-6857.957530746858
59327.0,-6857.942723001043
59328.0,-6857.927915255229
59329.0,-6857.913107509415
59330.0,-6857.8982997636
59331.0,-6857.883492017786
59332.0,-6857.868684271972
59333.0,-6857.853876526157
59334.0,-6857.839068780343
59335.0,-6857.824261034529
59336.0,-6857.809453288714
59337.0,-6857.7946455429
59338.0,-6857.779837797086
59339.0,-6857.765030051271
59340.0,-6857.750222305457
59341.0,-6857.735414559643
59342.0,-6857.720606813828
59343.0,-6857.705799068014
59344.0,-6857.6909913222
59345.0,-6857.6761835763855
59346.0,-6857.661375830571
59347.0,-6857.646568084757
59348.0,-6857.6317603389425
59349.0,-6857.616952593128
59350.0,-6857.602144847314
59351.0,-6857.5873371014995
59352.0,-6857.572529355685
59353.0,-6857.557721609871
59354.0,-6857.542913864057
59355.0,-6857.528106118242
59356.0,-6857.513298372428
59357.0,-6857.498490626614
59358.0,-6857.483682880799
59359.0,-6857.468875134985
59360.0,-6857.454067389171
59361.0,-6857.439259643356
59362.0,-6857.424451897542
59363.0,-6857.409644151728
59364.0,-6857.394836405913
59365.0,-6857.380028660099
59366.0,-6857.365220914285
59367.0,-6857.35041316847
59368.0,-6857.335605422656
59369.0,-6857.320797676842
59370.0,-6857.305989931027
59371.0,-6857.291182185213
59372.0,-6857.276374439399
59373.0,-6857.261566693584
59374.0,-6857.24675894777
59375.0,-6857.231951201956
59376.0,-6857.2171434561415
59377.0,-6857.202335710327
59378.0,-6857.187527964513
59379.0,-6857.1727202186985
59380.0,-6857.157912472884
59381.0,-6857.14310472707
59382.0,-6857.1282969812555
59383.0,-6857.113489235441
59384.0,-6857.098681489627
59385.0,-6857.083873743813
59386.0,-6857.069065997998
59387.0,-6857.054258252184
59388.0,-6857.03945050637
59389.0,-6857.024642760555
59390.0,-6857.009835014741
59391.0,-6856.995027268927
59392.0,-6856.980219523112
59393.0,-6856.9573069860535
59394.0,-6856.934394448996
59395.0,-6856.911481911938
59396.0,-6856.888569374879
59397.0,-6856.865656837821
59398.0,-6856.842744300763
59399.0,-6856.819831763704
59400.0,-6856.796919226646
59401.0,-6856.7740066895885
59402.0,-6856.75109415253
59403.0,-6856.728181615472
59404.0,-6856.705269078414
59405.0,-6856.682356541355
59406.0,-6856.659444004297
59407.0,-6856.636531467239
59408.0,-6856.613618930181
59409.0,-6856.590706393123
59410.0,-6856.567793856065
59411.0,-6856.544881319006
59412.0,-6856.521968781948
59413.0,-6856.49905624489
59414.0,-6856.476143707831
59415.0,-6856.4532311707735
59416.0,-6856.430318633716
59417.0,-6856.407406096657
59418.0,-6856.384493559599
59419.0,-6856.361581022541
59420.0,-6856.338668485482
59421.0,-6856.315755948424
59422.0,-6856.292843411366
59423.0,-6856.269930874308
59424.0,-6856.24701833725
59425.0,-6856.224105800192
59426.0,-6856.201193263133
59427.0,-6856.178280726075
59428.0,-6856.155368189017
59429.0,-6856.1324556519585
59430.0,-6856.109543114901
59431.0,-6856.086630577843
59432.0,-6856.063718040784
59433.0,-6856.040805503726
59434.0,-6856.017892966668
59435.0,-6855.994980429609
59436.0,-6855.972067892551
59437.0,-6855.9491553554935
59438.0,-6855.926242818435
59439.0,-6855.903330281377
59440.0,-6855.880417744319
59441.0,-6855.85750520726
59442.0,-6855.834592670202
59443.0,-6855.811680133144
59444.0,-6855.788767596086
59445.0,-6855.765855059028
59446.0,-6855.74294252197
59447.0,-6855.720029984911
59448.0,-6855.697117447853
59449.0,-6855.674204910795
59450.0,-6855.651292373736
59451.0,-6855.6283798366785
59452.0,-6855.605467299621
59453.0,-6855.582554762562
59454.0,-6855.559642225504
59455.0,-6855.536729688446
59456.0,-6855.513817151387
59457.0,-6855.490904614329
59458.0,-6855.467992077271
59459.0,-6855.445079540213
59460.0,-6855.422167003155
59461.0,-6855.399254466097
59462.0,-6855.376341929038
59463.0,-6855.35342939198
59464.0,-6855.330516854922
59465.0,-6855.3076043178635
59466.0,-6855.284691780806
59467.0,-6855.261779243748
59468.0,-6855.238866706689
59469.0,-6855.215954169631
59470.0,-6855.193041632573
59471.0,-6855.170129095514
59472.0,-6855.147216558456
59473.0,-6855.1243040213985
59474.0,-6855.10139148434
59475.0,-6855.078478947282
59476.0,-6855.055566410224
59477.0,-6855.032653873165
59478.0,-6855.009741336107
59479.0,-6854.986828799049
59480.0,-6854.963916261991
59481.0,-6854.941003724933
59482.0,-6854.918091187875
59483.0,-6854.895178650816
59484.0,-6854.872266113758
59485.0,-6854.8493535767
59486.0,-6854.826441039641
59487.0,-6854.8035285025835
59488.0,-6854.780615965526
59489.0,-6854.757703428467
59490.0,-6854.734790891409
59491.0,-6854.711878354351
59492.0,-6854.688965817292
59493.0,-6854.666053280234
59494.0,-6854.643140743176
59495.0,-6854.620228206118
59496.0,-6854.59731566906
59497.0,-6854.574403132002
59498.0,-6854.551490594943
59499.0,-6854.528578057885
59500.0,-6854.505665520827
59501.0,-6854.4827529837685
59502.0,-6854.459840446711
59503.0,-6854.436927909653
59504.0,-6854.414015372594
59505.0,-6854.391102835536
59506.0,-6854.368190298478
59507.0,-6854.345277761419
59508.0,-6854.322365224361
59509.0,-6854.2994526873035
59510.0,-6854.276540150245
59511.0,-6854.253627613187
59512.0,-6854.230715076129
59513.0,-6854.20780253907
59514.0,-6854.184890002012
59515.0,-6854.161977464954
59516.0,-6854.139064927896
59517.0,-6854.116152390838
59518.0,-6854.09323985378
59519.0,-6854.070327316721
59520.0,-6854.047414779663
59521.0,-6854.024502242605
59522.0,-6854.001589705546
59523.0,-6853.9786771684885
59524.0,-6853.955764631431
59525.0,-6853.932852094372
59526.0,-6853.909939557314
59527.0,-6853.887027020256
59528.0,-6853.864114483197
59529.0,-6853.841201946139
59530.0,-6853.818289409081
59531.0,-6853.795376872023
59532.0,-6853.772464334965
59533.0,-6853.749551797907
59534.0,-6853.726639260848
59535.0,-6853.70372672379
59536.0,-6853.680814186732
59537.0,-6853.6579016496735
59538.0,-6853.634989112616
59539.0,-6853.612076575558
59540.0,-6853.589164038499
59541.0,-6853.566251501441
59542.0,-6853.543338964383
59543.0,-6853.520426427324
59544.0,-6853.497513890266
59545.0,-6853.4746013532085
59546.0,-6853.45168881615
59547.0,-6853.428776279092
59548.0,-6853.405863742034
59549.0,-6853.382951204975
59550.0,-6853.360038667917
59551.0,-6853.337126130859
59552.0,-6853.314213593801
59553.0,-6853.291301056743
59554.0,-6853.268388519685
59555.0,-6853.245475982626
59556.0,-6853.222563445568
59557.0,-6853.19965090851
59558.0,-6853.176738371451
59559.0,-6853.1538258343935
59560.0,-6853.130913297336
59561.0,-6853.108000760277
59562.0,-6853.085088223219
59563.0,-6853.062175686161
59564.0,-6853.039263149102
59565.0,-6853.016350612044
59566.0,-6852.993438074986
59567.0,-6852.970525537928
59568.0,-6852.94761300087
59569.0,-6852.924700463812
59570.0,-6852.901787926753
59571.0,-6852.878875389695
59572.0,-6852.855962852637
59573.0,-6852.8330503155785
59574.0,-6852.810137778521
59575.0,-6852.787225241463
59576.0,-6852.764312704404
59577.0,-6852.741400167346
59578.0,-6852.718487630288
59579.0,-6852.695575093229
59580.0,-6852.672662556171
59581.0,-6852.6497500191135
59582.0,-6852.626837482055
59583.0,-6852.603924944997
59584.0,-6852.581012407939
59585.0,-6852.55809987088
59586.0,-6852.535187333822
59587.0,-6852.512274796764
59588.0,-6852.489362259706
59589.0,-6852.466449722648
59590.0,-6852.44353718559
59591.0,-6852.420624648531
59592.0,-6852.397712111473
59593.0,-6852.374799574415
59594.0,-6852.351887037356
59595.0,-6852.3289745002985
59596.0,-6852.306061963241
59597.0,-6852.283149426182
59598.0,-6852.260236889124
59599.0,-6852.237324352066
59600.0,-6852.214411815007
59601.0,-6852.191499277949
59602.0,-6852.168586740891
59603.0,-6852.145674203833
59604.0,-6852.122761666775
59605.0,-6852.099849129717
59606.0,-6852.076936592658
59607.0,-6852.0540240556
59608.0,-6852.031111518542
59609.0,-6852.0081989814835
59610.0,-6851.985286444426
59611.0,-6851.962373907368
59612.0,-6851.939461370309
59613.0,-6851.916548833251
59614.0,-6851.893636296193
59615.0,-6851.870723759134
59616.0,-6851.847811222076
59617.0,-6851.8248986850185
59618.0,-6851.80198614796
59619.0,-6851.779073610902
59620.0,-6851.756161073844
59621.0,-6851.733248536785
59622.0,-6851.710335999727
59623.0,-6851.687423462669
59624.0,-6851.664510925611
59625.0,-6851.641598388553
59626.0,-6851.618685851495
59627.0,-6851.595773314436
59628.0,-6851.572860777378
59629.0,-6851.54994824032
59630.0,-6851.527035703261
59631.0,-6851.5041231662035
59632.0,-6851.481210629146
59633.0,-6851.458298092087
59634.0,-6851.435385555029
59635.0,-6851.412473017971
59636.0,-6851.389560480912
59637.0,-6851.366647943854
59638.0,-6851.343735406796
59639.0,-6851.320822869738
59640.0,-6851.29791033268
59641.0,-6851.274997795622
59642.0,-6851.252085258563
59643.0,-6851.229172721505
59644.0,-6851.206260184447
59645.0,-6851.1833476473885
59646.0,-6851.160435110331
59647.0,-6851.137522573273
59648.0,-6851.114610036214
59649.0,-6851.091697499156
59650.0,-6851.068784962098
59651.0,-6851.045872425039
59652.0,-6851.022959887981
59653.0,-6851.0000473509235
59654.0,-6850.977134813865
59655.0,-6850.954222276807
59656.0,-6850.931309739749
59657.0,-6850.90839720269
59658.0,-6850.885484665632
59659.0,-6850.862572128574
59660.0,-6850.839659591516
59661.0,-6850.816747054458
59662.0,-6850.7938345174
59663.0,-6850.770921980341
59664.0,-6850.748009443283
59665.0,-6850.725096906225
59666.0,-6850.702184369166
59667.0,-6850.6792718321085
59668.0,-6850.656359295051
59669.0,-6850.633446757992
59670.0,-6850.610534220934
59671.0,-6850.587621683876
59672.0,-6850.564709146817
59673.0,-6850.541796609759
59674.0,-6850.518884072701
59675.0,-6850.495971535643
59676.0,-6850.473058998585
59677.0,-6850.450146461527
59678.0,-6850.427233924468
59679.0,-6850.40432138741
59680.0,-6850.381408850352
59681.0,-6850.3584963132935
59682.0,-6850.335583776236
59683.0,-6850.312671239178
59684.0,-6850.289758702119
59685.0,-6850.266846165061
59686.0,-6850.243933628003
59687.0,-6850.221021090944
59688.0,-6850.198108553886
59689.0,-6850.1751960168285
59690.0,-6850.15228347977
59691.0,-6850.129370942712
59692.0,-6850.106458405654
59693.0,-6850.083545868595
59694.0,-6850.060633331537
59695.0,-6850.037720794479
59696.0,-6850.014808257421
59697.0,-6849.991895720363
59698.0,-6849.968983183305
59699.0,-6849.946070646246
59700.0,-6849.923158109188
59701.0,-6849.90024557213
59702.0,-6849.877333035071
59703.0,-6849.8544204980135
59704.0,-6849.831507960956
59705.0,-6849.808595423897
59706.0,-6849.785682886839
59707.0,-6849.762770349781
59708.0,-6849.739857812722
59709.0,-6849.716945275664
59710.0,-6849.694032738606
59711.0,-6849.671120201548
59712.0,-6849.64820766449
59713.0,-6849.625295127432
59714.0,-6849.602382590373
59715.0,-6849.579470053315
59716.0,-6849.556557516257
59717.0,-6849.5336449791985
59718.0,-6849.510732442141
59719.0,-6849.487819905083
59720.0,-6849.464907368024
59721.0,-6849.441994830966
59722.0,-6849.419082293908
59723.0,-6849.396169756849
59724.0,-6849.373257219791
59725.0,-6849.3503446827335
59726.0,-6849.327432145675
59727.0,-6849.304519608617
59728.0,-6849.281607071559
59729.0,-6849.2586945345
59730.0,-6849.235781997442
59731.0,-6849.212869460384
59732.0,-6849.189956923326
59733.0,-6849.167044386268
59734.0,-6849.14413184921
59735.0,-6849.121219312151
59736.0,-6849.098306775093
59737.0,-6849.075394238035
59738.0,-6849.052481700976
59739.0,-6849.0295691639185
59740.0,-6849.006656626861
59741.0,-6848.983744089802
59742.0,-6848.960831552744
59743.0,-6848.937919015686
59744.0,-6848.915006478627
59745.0,-6848.892093941569
59746.0,-6848.869181404511
59747.0,-6848.846268867453
59748.0,-6848.823356330395
59749.0,-6848.800443793337
59750.0,-6848.777531256278
59751.0,-6848.75461871922
59752.0,-6848.731706182162
59753.0,-6848.7087936451035
59754.0,-6848.685881108046
59755.0,-6848.662968570988
59756.0,-6848.640056033929
59757.0,-6848.617143496871
59758.0,-6848.594230959813
59759.0,-6848.571318422754
59760.0,-6848.548405885696
59761.0,-6848.5254933486385
59762.0,-6848.50258081158
59763.0,-6848.479668274522
59764.0,-6848.456755737464
59765.0,-6848.433843200405
59766.0,-6848.410930663347
59767.0,-6848.388018126289
59768.0,-6848.365105589231
59769.0,-6848.342193052173
59770.0,-6848.319280515115
59771.0,-6848.296367978056
59772.0,-6848.273455440998
59773.0,-6848.25054290394
59774.0,-6848.227630366881
59775.0,-6848.2047178298235
59776.0,-6848.181805292766
59777.0,-6848.158892755707
59778.0,-6848.135980218649
59779.0,-6848.113067681591
59780.0,-6848.090155144532
59781.0,-6848.067242607474
59782.0,-6848.044330070416
59783.0,-6848.021417533358
59784.0,-6847.9985049963
59785.0,-6847.975592459242
59786.0,-6847.952679922183
59787.0,-6847.929767385125
59788.0,-6847.906854848067
59789.0,-6847.8839423110085
59790.0,-6847.861029773951
59791.0,-6847.838117236893
59792.0,-6847.815204699834
59793.0,-6847.792292162776
59794.0,-6847.769379625718
59795.0,-6847.746467088659
59796.0,-6847.723554551601
59797.0,-6847.7006420145435
59798.0,-6847.677729477485
59799.0,-6847.654816940427
59800.0,-6847.631904403369
59801.0,-6847.60899186631
59802.0,-6847.586079329252
59803.0,-6847.563166792194
59804.0,-6847.540254255136
59805.0,-6847.517341718078
59806.0,-6847.49442918102
59807.0,-6847.471516643961
59808.0,-6847.448604106903
59809.0,-6847.425691569845
59810.0,-6847.402779032786
59811.0,-6847.3798664957285
59812.0,-6847.356953958671
59813.0,-6847.334041421612
59814.0,-6847.311128884554
59815.0,-6847.288216347496
59816.0,-6847.265303810437
59817.0,-6847.242391273379
59818.0,-6847.219478736321
59819.0,-6847.196566199263
59820.0,-6847.173653662205
59821.0,-6847.150741125147
59822.0,-6847.127828588088
59823.0,-6847.10491605103
59824.0,-6847.082003513972
59825.0,-6847.0590909769135
59826.0,-6847.036178439856
59827.0,-6847.013265902798
59828.0,-6846.990353365739
59829.0,-6846.967440828681
59830.0,-6846.944528291623
59831.0,-6846.921615754564
59832.0,-6846.898703217506
59833.0,-6846.8757906804485
59834.0,-6846.85287814339
59835.0,-6846.829965606332
59836.0,-6846.807053069274
59837.0,-6846.784140532215
59838.0,-6846.761227995157
59839.0,-6846.738315458099
59840.0,-6846.715402921041
59841.0,-6846.692490383983
59842.0,-6846.669577846925
59843.0,-6846.646665309866
59844.0,-6846.623752772808
59845.0,-6846.60084023575
59846.0,-6846.577927698691
59847.0,-6846.5550151616335
59848.0,-6846.532102624576
59849.0,-6846.509190087517
59850.0,-6846.486277550459
59851.0,-6846.463365013401
59852.0,-6846.440452476342
59853.0,-6846.417539939284
59854.0,-6846.394627402226
59855.0,-6846.371714865168
59856.0,-6846.34880232811
59857.0,-6846.325889791052
59858.0,-6846.302977253993
59859.0,-6846.280064716935
59860.0,-6846.257152179877
59861.0,-6846.2342396428185
59862.0,-6846.211327105761
59863.0,-6846.188414568703
59864.0,-6846.165502031644
59865.0,-6846.142589494586
59866.0,-6846.119676957528
59867.0,-6846.096764420469
59868.0,-6846.073851883411
59869.0,-6846.0509393463535
59870.0,-6846.028026809295
59871.0,-6846.005114272237
59872.0,-6845.982201735179
59873.0,-6845.95928919812
59874.0,-6845.936376661062
59875.0,-6845.913464124004
59876.0,-6845.890551586946
59877.0,-6845.867639049888
59878.0,-6845.84472651283
59879.0,-6845.821813975771
59880.0,-6845.798901438713
59881.0,-6845.775988901655
59882.0,-6845.753076364596
59883.0,-6845.7301638275385
59884.0,-6845.707251290481
59885.0,-6845.684338753422
59886.0,-6845.661426216364
59887.0,-6845.638513679306
59888.0,-6845.615601142247
59889.0,-6845.592688605189
59890.0,-6845.569776068131
59891.0,-6845.546863531073
59892.0,-6845.523950994015
59893.0,-6845.501038456957
59894.0,-6845.478125919898
59895.0,-6845.45521338284
59896.0,-6845.432300845782
59897.0,-6845.4093883087235
59898.0,-6845.386475771666
59899.0,-6845.363563234608
59900.0,-6845.340650697549
59901.0,-6845.317738160491
59902.0,-6845.294825623433
59903.0,-6845.271913086374
59904.0,-6845.249000549316
59905.0,-6845.2260880122585
59906.0,-6845.2031754752
59907.0,-6845.180262938142
59908.0,-6845.157350401084
59909.0,-6845.134437864025
59910.0,-6845.111525326967
59911.0,-6845.088612789909
59912.0,-6845.065700252851
59913.0,-6845.042787715793
59914.0,-6845.019875178735
59915.0,-6844.996962641676
59916.0,-6844.974050104618
59917.0,-6844.95113756756
59918.0,-6844.928225030501
59919.0,-6844.9053124934435
59920.0,-6844.882399956386
59921.0,-6844.859487419327
59922.0,-6844.836574882269
59923.0,-6844.813662345211
59924.0,-6844.790749808152
59925.0,-6844.767837271094
59926.0,-6844.744924734036
59927.0,-6844.722012196978
59928.0,-6844.69909965992
59929.0,-6844.676187122862
59930.0,-6844.653274585803
59931.0,-6844.630362048745
59932.0,-6844.607449511687
59933.0,-6844.5845369746285
59934.0,-6844.561624437571
59935.0,-6844.538711900513
59936.0,-6844.515799363454
59937.0,-6844.492886826396
59938.0,-6844.469974289338
59939.0,-6844.447061752279
59940.0,-6844.424149215221
59941.0,-6844.4012366781635
59942.0,-6844.378324141105
59943.0,-6844.355411604047
59944.0,-6844.332499066989
59945.0,-6844.30958652993
59946.0,-6844.286673992872
59947.0,-6844.263761455814
59948.0,-6844.240848918756
59949.0,-6844.217936381698
59950.0,-6844.19502384464
59951.0,-6844.172111307581
59952.0,-6844.149198770523
59953.0,-6844.126286233465
59954.0,-6844.103373696406
59955.0,-6844.0804611593485
59956.0,-6844.057548622291
59957.0,-6844.034636085232
59958.0,-6844.011723548174
59959.0,-6843.988811011116
59960.0,-6843.965898474057
59961.0,-6843.942985936999
59962.0,-6843.920073399941
59963.0,-6843.897160862883
59964.0,-6843.874248325825
59965.0,-6843.851335788767
59966.0,-6843.828423251708
59967.0,-6843.80551071465
59968.0,-6843.782598177592
59969.0,-6843.7596856405335
59970.0,-6843.736773103476
59971.0,-6843.713860566418
59972.0,-6843.690948029359
59973.0,-6843.668035492301
59974.0,-6843.645122955243
59975.0,-6843.622210418184
59976.0,-6843.599297881126
59977.0,-6843.5763853440685
59978.0,-6843.55347280701
59979.0,-6843.530560269952
59980.0,-6843.507647732894
59981.0,-6843.484735195835
59982.0,-6843.461822658777
59983.0,-6843.438910121719
59984.0,-6843.4159975846605
59985.0,-6843.393085047603
59986.0,-6843.370172510545
59987.0,-6843.347259973486
59988.0,-6843.324347436428
59989.0,-6843.30143489937
59990.0,-6843.278522362311
59991.0,-6843.2556098252535
59992.0,-6843.232697288196
59993.0,-6843.209784751137
59994.0,-6843.186872214079
59995.0,-6843.163959677021
59996.0,-6843.141047139962
59997.0,-6843.118134602904
59998.0,-6843.095222065846
59999.0,-6843.072309528788
60000.0,-6843.04939699173
60001.0,-6843.026484454672
60002.0,-6843.003571917613
60003.0,-6842.980659380555
60004.0,-6842.957746843497
60005.0,-6842.9348343064385
60006.0,-6842.911921769381
60007.0,-6842.889009232323
60008.0,-6842.866096695264
60009.0,-6842.843184158206
60010.0,-6842.820271621148
60011.0,-6842.797359084089
60012.0,-6842.774446547031
60013.0,-6842.7515340099735
60014.0,-6842.728621472915
60015.0,-6842.705708935857
60016.0,-6842.682796398799
60017.0,-6842.65988386174
60018.0,-6842.636971324682
60019.0,-6842.614058787624
60020.0,-6842.5911462505655
60021.0,-6842.568233713508
60022.0,-6842.54532117645
60023.0,-6842.522408639391
60024.0,-6842.499496102333
60025.0,-6842.476583565275
60026.0,-6842.453671028216
60027.0,-6842.4307584911585
60028.0,-6842.407845954101
60029.0,-6842.384933417042
60030.0,-6842.362020879984
60031.0,-6842.339108342926
60032.0,-6842.316195805867
60033.0,-6842.293283268809
60034.0,-6842.270370731751
60035.0,-6842.247458194693
60036.0,-6842.224545657635
60037.0,-6842.201633120577
60038.0,-6842.178720583518
60039.0,-6842.15580804646
60040.0,-6842.132895509402
60041.0,-6842.1099829723435
60042.0,-6842.087070435286
60043.0,-6842.064157898228
60044.0,-6842.041245361169
60045.0,-6842.018332824111
60046.0,-6841.995420287053
60047.0,-6841.972507749994
60048.0,-6841.949595212936
60049.0,-6841.9266826758785
60050.0,-6841.90377013882
60051.0,-6841.880857601762
60052.0,-6841.857945064704
60053.0,-6841.835032527645
60054.0,-6841.812119990587
60055.0,-6841.789207453529
60056.0,-6841.7662949164705
60057.0,-6841.743382379413
60058.0,-6841.720469842355
60059.0,-6841.697557305296
60060.0,-6841.674644768238
60061.0,-6841.65173223118
60062.0,-6841.628819694121
60063.0,-6841.6059071570635
60064.0,-6841.582994620006
60065.0,-6841.560082082947
60066.0,-6841.537169545889
60067.0,-6841.514257008831
60068.0,-6841.491344471772
60069.0,-6841.468431934714
60070.0,-6841.445519397656
60071.0,-6841.422606860598
60072.0,-6841.39969432354
60073.0,-6841.376781786482
60074.0,-6841.353869249423
60075.0,-6841.330956712365
60076.0,-6841.308044175307
60077.0,-6841.2851316382485
60078.0,-6841.262219101191
60079.0,-6841.239306564133
60080.0,-6841.216394027074
60081.0,-6841.193481490016
60082.0,-6841.170568952958
60083.0,-6841.147656415899
60084.0,-6841.124743878841
60085.0,-6841.1018313417835
60086.0,-6841.078918804725
60087.0,-6841.056006267667
60088.0,-6841.033093730609
60089.0,-6841.01018119355
60090.0,-6840.987268656492
60091.0,-6840.964356119434
60092.0,-6840.9414435823755
60093.0,-6840.918531045318
60094.0,-6840.89561850826
60095.0,-6840.872705971201
60096.0,-6840.849793434143
60097.0,-6840.826880897085
60098.0,-6840.803968360026
60099.0,-6840.7810558229685
60100.0,-6840.758143285911
60101.0,-6840.735230748852
60102.0,-6840.712318211794
60103.0,-6840.689405674736
60104.0,-6840.666493137677
60105.0,-6840.643580600619
60106.0,-6840.620668063561
60107.0,-6840.597755526503
60108.0,-6840.574842989445
60109.0,-6840.551930452387
60110.0,-6840.529017915328
60111.0,-6840.50610537827
60112.0,-6840.483192841212
60113.0,-6840.4602803041535
60114.0,-6840.437367767096
60115.0,-6840.414455230038
60116.0,-6840.391542692979
60117.0,-6840.368630155921
60118.0,-6840.345717618863
60119.0,-6840.322805081804
60120.0,-6840.299892544746
60121.0,-6840.2769800076885
60122.0,-6840.25406747063
60123.0,-6840.231154933572
60124.0,-6840.208242396514
60125.0,-6840.185329859455
60126.0,-6840.162417322397
60127.0,-6840.139504785339
60128.0,-6840.1165922482805
60129.0,-6840.093679711223
60130.0,-6840.070767174165
60131.0,-6840.047854637106
60132.0,-6840.024942100048
60133.0,-6840.00202956299
60134.0,-6839.979117025931
60135.0,-6839.9562044888735
60136.0,-6839.933291951816
60137.0,-6839.910379414757
60138.0,-6839.887466877699
60139.0,-6839.864554340641
60140.0,-6839.841641803582
60141.0,-6839.818729266524
60142.0,-6839.795816729466
60143.0,-6839.772904192408
60144.0,-6839.74999165535
60145.0,-6839.727079118292
60146.0,-6839.704166581233
60147.0,-6839.681254044175
60148.0,-6839.658341507117
60149.0,-6839.6354289700585
60150.0,-6839.612516433001
60151.0,-6839.589603895943
60152.0,-6839.566691358884
60153.0,-6839.543778821826
60154.0,-6839.520866284768
60155.0,-6839.497953747709
60156.0,-6839.475041210651
60157.0,-6839.4521286735935
60158.0,-6839.429216136535
60159.0,-6839.406303599477
60160.0,-6839.383391062419
60161.0,-6839.36047852536
60162.0,-6839.337565988302
60163.0,-6839.314653451244
60164.0,-6839.2917409141855
60165.0,-6839.268828377128
60166.0,-6839.24591584007
60167.0,-6839.223003303011
60168.0,-6839.200090765953
60169.0,-6839.177178228895
60170.0,-6839.154265691836
60171.0,-6839.1313531547785
60172.0,-6839.108440617721
60173.0,-6839.085528080662
60174.0,-6839.062615543604
60175.0,-6839.039703006546
60176.0,-6839.016790469487
60177.0,-6838.993877932429
60178.0,-6838.970965395371
60179.0,-6838.948052858313
60180.0,-6838.925140321255
60181.0,-6838.902227784197
60182.0,-6838.879315247138
60183.0,-6838.85640271008
60184.0,-6838.833490173022
60185.0,-6838.810577635963
60186.0,-6838.787665098906
60187.0,-6838.764752561848
60188.0,-6838.741840024789
60189.0,-6838.718927487731
60190.0,-6838.696014950673
60191.0,-6838.673102413614
60192.0,-6838.650189876556
60193.0,-6838.6272773394985
60194.0,-6838.60436480244
60195.0,-6838.581452265382
60196.0,-6838.558539728324
60197.0,-6838.535627191265
60198.0,-6838.512714654207
60199.0,-6838.489802117149
60200.0,-6838.4668895800905
60201.0,-6838.443977043033
60202.0,-6838.421064505975
60203.0,-6838.398151968916
60204.0,-6838.375239431858
60205.0,-6838.3523268948
60206.0,-6838.329414357741
60207.0,-6838.3065018206835
60208.0,-6838.283589283626
60209.0,-6838.260676746567
60210.0,-6838.237764209509
60211.0,-6838.214851672451
60212.0,-6838.191939135392
60213.0,-6838.169026598334
60214.0,-6838.146114061276
60215.0,-6838.123201524218
60216.0,-6838.10028898716
60217.0,-6838.077376450102
60218.0,-6838.054463913043
60219.0,-6838.031551375985
60220.0,-6838.008638838927
60221.0,-6837.985726301868
60222.0,-6837.962813764811
60223.0,-6837.939901227753
60224.0,-6837.916988690694
60225.0,-6837.894076153636
60226.0,-6837.871163616578
60227.0,-6837.848251079519
60228.0,-6837.825338542461
60229.0,-6837.8024260054035
60230.0,-6837.779513468345
60231.0,-6837.756600931287
60232.0,-6837.733688394229
60233.0,-6837.71077585717
60234.0,-6837.687863320112
60235.0,-6837.664950783054
60236.0,-6837.6420382459955
60237.0,-6837.619125708938
60238.0,-6837.59621317188
60239.0,-6837.573300634821
60240.0,-6837.550388097763
60241.0,-6837.527475560705
60242.0,-6837.504563023646
60243.0,-6837.4816504865885
60244.0,-6837.458737949531
60245.0,-6837.435825412472
60246.0,-6837.412912875414
60247.0,-6837.390000338356
60248.0,-6837.367087801297
60249.0,-6837.344175264239
60250.0,-6837.321262727181
60251.0,-6837.298350190123
60252.0,-6837.275437653065
60253.0,-6837.252525116007
60254.0,-6837.229612578948
60255.0,-6837.20670004189
60256.0,-6837.183787504832
60257.0,-6837.160874967773
60258.0,-6837.137962430716
60259.0,-6837.115049893658
60260.0,-6837.092137356599
60261.0,-6837.069224819541
60262.0,-6837.046312282483
60263.0,-6837.023399745424
60264.0,-6837.000487208366
60265.0,-6836.9775746713085
60266.0,-6836.95466213425
60267.0,-6836.931749597192
60268.0,-6836.908837060134
60269.0,-6836.885924523075
60270.0,-6836.863011986017
60271.0,-6836.840099448959
60272.0,-6836.8171869119005
60273.0,-6836.794274374843
60274.0,-6836.771361837785
60275.0,-6836.748449300726
60276.0,-6836.725536763668
60277.0,-6836.70262422661
60278.0,-6836.679711689551
60279.0,-6836.6567991524935
60280.0,-6836.633886615436
60281.0,-6836.610974078377
60282.0,-6836.588061541319
60283.0,-6836.565149004261
60284.0,-6836.542236467202
60285.0,-6836.519323930144
60286.0,-6836.496411393086
60287.0,-6836.473498856028
60288.0,-6836.45058631897
60289.0,-6836.427673781912
60290.0,-6836.404761244853
60291.0,-6836.381848707795
60292.0,-6836.358936170737
60293.0,-6836.336023633678
60294.0,-6836.313111096621
60295.0,-6836.290198559563
60296.0,-6836.267286022504
60297.0,-6836.244373485446
60298.0,-6836.221460948388
60299.0,-6836.198548411329
60300.0,-6836.175635874271
60301.0,-6836.1527233372135
60302.0,-6836.129810800155
60303.0,-6836.106898263097
60304.0,-6836.083985726039
60305.0,-6836.06107318898
60306.0,-6836.038160651922
60307.0,-6836.015248114864
60308.0,-6835.9923355778055
60309.0,-6835.969423040748
60310.0,-6835.94651050369
60311.0,-6835.923597966631
60312.0,-6835.900685429573
60313.0,-6835.877772892515
60314.0,-6835.854860355456
60315.0,-6835.8319478183985
60316.0,-6835.809035281341
60317.0,-6835.786122744282
60318.0,-6835.763210207224
60319.0,-6835.740297670166
60320.0,-6835.717385133107
60321.0,-6835.694472596049
60322.0,-6835.671560058991
60323.0,-6835.648647521933
60324.0,-6835.625734984875
60325.0,-6835.602822447817
60326.0,-6835.579909910758
60327.0,-6835.5569973737
60328.0,-6835.534084836642
60329.0,-6835.511172299583
60330.0,-6835.488259762526
60331.0,-6835.465347225468
60332.0,-6835.442434688409
60333.0,-6835.419522151351
60334.0,-6835.396609614293
60335.0,-6835.373697077234
60336.0,-6835.350784540176
60337.0,-6835.3278720031185
60338.0,-6835.30495946606
60339.0,-6835.282046929002
60340.0,-6835.259134391944
60341.0,-6835.236221854885
60342.0,-6835.213309317827
60343.0,-6835.190396780769
60344.0,-6835.1674842437105
60345.0,-6835.144571706653
60346.0,-6835.121659169595
60347.0,-6835.098746632536
60348.0,-6835.075834095478
60349.0,-6835.05292155842
60350.0,-6835.030009021361
60351.0,-6835.0070964843035
60352.0,-6834.984183947246
60353.0,-6834.961271410187
60354.0,-6834.938358873129
60355.0,-6834.915446336071
60356.0,-6834.892533799012
60357.0,-6834.869621261954
60358.0,-6834.846708724896
60359.0,-6834.823796187838
60360.0,-6834.80088365078
60361.0,-6834.777971113722
60362.0,-6834.755058576663
60363.0,-6834.732146039605
60364.0,-6834.709233502547
60365.0,-6834.686320965488
60366.0,-6834.663408428431
60367.0,-6834.640495891373
60368.0,-6834.617583354314
60369.0,-6834.594670817256
60370.0,-6834.571758280198
60371.0,-6834.548845743139
60372.0,-6834.525933206081
60373.0,-6834.5030206690235
60374.0,-6834.480108131965
60375.0,-6834.457195594907
60376.0,-6834.434283057849
60377.0,-6834.41137052079
60378.0,-6834.388457983732
60379.0,-6834.365545446674
60380.0,-6834.3426329096155
60381.0,-6834.319720372558
60382.0,-6834.2968078355
60383.0,-6834.273895298441
60384.0,-6834.250982761383
60385.0,-6834.228070224325
60386.0,-6834.205157687266
60387.0,-6834.1822451502085
60388.0,-6834.159332613151
60389.0,-6834.136420076092
60390.0,-6834.113507539034
60391.0,-6834.090595001976
60392.0,-6834.067682464917
60393.0,-6834.044769927859
60394.0,-6834.021857390801
60395.0,-6833.998944853743
60396.0,-6833.976032316685
60397.0,-6833.953119779627
60398.0,-6833.930207242568
60399.0,-6833.90729470551
60400.0,-6833.884382168452
60401.0,-6833.861469631393
60402.0,-6833.838557094336
60403.0,-6833.815644557278
60404.0,-6833.792732020219
60405.0,-6833.769819483161
60406.0,-6833.746906946103
60407.0,-6833.723994409044
60408.0,-6833.701081871986
60409.0,-6833.6781693349285
60410.0,-6833.65525679787
60411.0,-6833.632344260812
60412.0,-6833.609431723754
60413.0,-6833.586519186695
60414.0,-6833.563606649637
60415.0,-6833.540694112579
60416.0,-6833.5177815755205
60417.0,-6833.533554156621
60418.0,-6833.5493267377215
60419.0,-6833.565099318822
60420.0,-6833.580871899922
60421.0,-6833.596644481023
60422.0,-6833.612417062123
60423.0,-6833.628189643224
60424.0,-6833.643962224324
60425.0,-6833.659734805425
60426.0,-6833.675507386525
60427.0,-6833.691279967626
60428.0,-6833.707052548726
60429.0,-6833.722825129827
60430.0,-6833.738597710927
60431.0,-6833.7543702920275
60432.0,-6833.770142873128
60433.0,-6833.785915454228
60434.0,-6833.801688035329
60435.0,-6833.817460616429
60436.0,-6833.83323319753
60437.0,-6833.84900577863
60438.0,-6833.864778359731
60439.0,-6833.880550940831
60440.0,-6833.896323521932
60441.0,-6833.912096103032
60442.0,-6833.927868684133
60443.0,-6833.943641265233
60444.0,-6833.9594138463335
60445.0,-6833.975186427434
60446.0,-6833.990959008534
60447.0,-6834.006731589635
60448.0,-6834.022504170735
60449.0,-6834.038276751836
60450.0,-6834.054049332936
60451.0,-6834.069821914037
60452.0,-6834.085594495137
60453.0,-6834.101367076238
60454.0,-6834.117139657338
60455.0,-6834.132912238439
60456.0,-6834.148684819539
60457.0,-6834.16445740064
60458.0,-6834.18022998174
60459.0,-6834.1960025628405
60460.0,-6834.211775143941
60461.0,-6834.227547725041
60462.0,-6834.243320306142
60463.0,-6834.259092887242
60464.0,-6834.274865468343
60465.0,-6834.290638049443
60466.0,-6834.306410630544
60467.0,-6834.322183211644
60468.0,-6834.337955792745
60469.0,-6834.353728373845
60470.0,-6834.369500954946
60471.0,-6834.385273536046
60472.0,-6834.4010461171465
60473.0,-6834.416818698247
60474.0,-6834.432591279347
60475.0,-6834.448363860448
60476.0,-6834.464136441548
60477.0,-6834.479909022649
60478.0,-6834.495681603749
60479.0,-6834.51145418485
60480.0,-6834.52722676595
60481.0,-6834.542999347051
60482.0,-6834.558771928151
60483.0,-6834.574544509252
60484.0,-6834.590317090352
60485.0,-6834.6060896714525
60486.0,-6834.621862252553
60487.0,-6834.6376348336535
60488.0,-6834.653407414754
60489.0,-6834.669179995854
60490.0,-6834.684952576955
60491.0,-6834.700725158055
60492.0,-6834.716497739156
60493.0,-6834.732270320256
60494.0,-6834.748042901357
60495.0,-6834.763815482457
60496.0,-6834.779588063558
60497.0,-6834.795360644658
60498.0,-6834.811133225759
60499.0,-6834.826905806859
60500.0,-6834.8426783879595
60501.0,-6834.85845096906
60502.0,-6834.87422355016
60503.0,-6834.889996131261
60504.0,-6834.905768712361
60505.0,-6834.921541293462
60506.0,-6834.937313874562
60507.0,-6834.953086455663
60508.0,-6834.968859036763
60509.0,-6834.984631617864
60510.0,-6835.000404198964
60511.0,-6835.016176780065
60512.0,-6835.031949361165
60513.0,-6835.0477219422655
60514.0,-6835.063494523366
60515.0,-6835.079267104466
60516.0,-6835.095039685567
60517.0,-6835.110812266667
60518.0,-6835.126584847768
60519.0,-6835.142357428868
60520.0,-6835.158130009969
60521.0,-6835.173902591069
60522.0,-6835.18967517217
60523.0,-6835.20544775327
60524.0,-6835.221220334371
60525.0,-6835.236992915471
60526.0,-6835.252765496572
60527.0,-6835.268538077672
60528.0,-6835.2843106587725
60529.0,-6835.300083239873
60530.0,-6835.315855820973
60531.0,-6835.331628402074
60532.0,-6835.347400983174
60533.0,-6835.363173564275
60534.0,-6835.378946145375
60535.0,-6835.394718726476
60536.0,-6835.410491307576
60537.0,-6835.426263888677
60538.0,-6835.442036469777
60539.0,-6835.457809050878
60540.0,-6835.473581631978
60541.0,-6835.4893542130785
60542.0,-6835.505126794179
60543.0,-6835.520899375279
60544.0,-6835.53667195638
60545.0,-6835.55244453748
60546.0,-6835.568217118581
60547.0,-6835.583989699681
60548.0,-6835.599762280782
60549.0,-6835.615534861882
60550.0,-6835.631307442983
60551.0,-6835.647080024083
60552.0,-6835.662852605184
60553.0,-6835.678625186284
60554.0,-6835.6943977673845
60555.0,-6835.710170348485
60556.0,-6835.7259429295855
60557.0,-6835.741715510686
60558.0,-6835.757488091786
60559.0,-6835.773260672887
60560.0,-6835.789033253987
60561.0,-6835.804805835088
60562.0,-6835.820578416188
60563.0,-6835.836350997289
60564.0,-6835.852123578389
60565.0,-6835.86789615949
60566.0,-6835.88366874059
60567.0,-6835.899441321691
60568.0,-6835.915213902791
60569.0,-6835.9309864838915
60570.0,-6835.946759064992
60571.0,-6835.962531646092
60572.0,-6835.978304227193
60573.0,-6835.994076808293
60574.0,-6836.009849389394
60575.0,-6836.025621970494
60576.0,-6836.041394551595
60577.0,-6836.057167132695
60578.0,-6836.072939713796
60579.0,-6836.088712294896
60580.0,-6836.104484875997
60581.0,-6836.120257457097
60582.0,-6836.1360300381975
60583.0,-6836.151802619298
60584.0,-6836.1675752003985
60585.0,-6836.183347781499
60586.0,-6836.199120362599
60587.0,-6836.2148929437
60588.0,-6836.2306655248
60589.0,-6836.246438105901
60590.0,-6836.262210687001
60591.0,-6836.277983268102
60592.0,-6836.293755849202
60593.0,-6836.309528430303
60594.0,-6836.325301011403
60595.0,-6836.341073592504
60596.0,-6836.356846173604
60597.0,-6836.3726187547045
60598.0,-6836.388391335805
60599.0,-6836.404163916905
60600.0,-6836.419936498006
60601.0,-6836.435709079106
60602.0,-6836.451481660207
60603.0,-6836.467254241307
60604.0,-6836.483026822408
60605.0,-6836.498799403508
60606.0,-6836.514571984609
60607.0,-6836.530344565709
60608.0,-6836.54611714681
60609.0,-6836.56188972791
60610.0,-6836.5776623090105
60611.0,-6836.593434890111
60612.0,-6836.609207471211
60613.0,-6836.624980052312
60614.0,-6836.640752633412
60615.0,-6836.656525214513
60616.0,-6836.672297795613
60617.0,-6836.688070376714
60618.0,-6836.703842957814
60619.0,-6836.719615538915
60620.0,-6836.735388120015
60621.0,-6836.751160701116
60622.0,-6836.766933282216
60623.0,-6836.782705863317
60624.0,-6836.798478444417
60625.0,-6836.8142510255175
60626.0,-6836.830023606618
60627.0,-6836.845796187718
60628.0,-6836.861568768819
60629.0,-6836.877341349919
60630.0,-6836.89311393102
60631.0,-6836.90888651212
60632.0,-6836.924659093221
60633.0,-6836.940431674321
60634.0,-6836.956204255422
60635.0,-6836.971976836522
60636.0,-6836.987749417623
60637.0,-6837.003521998723
60638.0,-6837.0192945798235
60639.0,-6837.035067160924
60640.0,-6837.050839742024
60641.0,-6837.066612323125
60642.0,-6837.082384904225
60643.0,-6837.098157485326
60644.0,-6837.113930066426
60645.0,-6837.129702647527
60646.0,-6837.145475228627
60647.0,-6837.161247809728
60648.0,-6837.177020390828
60649.0,-6837.192792971929
60650.0,-6837.208565553029
60651.0,-6837.2243381341295
60652.0,-6837.24011071523
60653.0,-6837.2558832963305
60654.0,-6837.271655877431
60655.0,-6837.287428458531
60656.0,-6837.303201039632
60657.0,-6837.318973620732
60658.0,-6837.334746201833
60659.0,-6837.350518782933
60660.0,-6837.366291364034
60661.0,-6837.382063945134
60662.0,-6837.397836526235
60663.0,-6837.413609107335
60664.0,-6837.429381688436
60665.0,-6837.445154269536
60666.0,-6837.4609268506365
60667.0,-6837.476699431737
60668.0,-6837.492472012837
60669.0,-6837.508244593938
60670.0,-6837.524017175038
60671.0,-6837.539789756139
60672.0,-6837.555562337239
60673.0,-6837.57133491834
60674.0,-6837.58710749944
60675.0,-6837.602880080541
60676.0,-6837.618652661641
60677.0,-6837.634425242742
60678.0,-6837.650197823842
60679.0,-6837.6659704049425
60680.0,-6837.681742986043
60681.0,-6837.6975155671435
60682.0,-6837.713288148244
60683.0,-6837.729060729344
60684.0,-6837.744833310445
60685.0,-6837.760605891545
60686.0,-6837.776378472646
60687.0,-6837.792151053746
60688.0,-6837.807923634847
60689.0,-6837.823696215947
60690.0,-6837.839468797048
60691.0,-6837.855241378148
60692.0,-6837.871013959249
60693.0,-6837.886786540349
60694.0,-6837.9025591214495
60695.0,-6837.91833170255
60696.0,-6837.93410428365
60697.0,-6837.949876864751
60698.0,-6837.965649445851
60699.0,-6837.981422026952
60700.0,-6837.997194608052
60701.0,-6838.012967189153
60702.0,-6838.028739770253
60703.0,-6838.044512351354
60704.0,-6838.060284932454
60705.0,-6838.076057513555
60706.0,-6838.091830094655
60707.0,-6838.1076026757555
60708.0,-6838.123375256856
60709.0,-6838.139147837956
60710.0,-6838.154920419057
60711.0,-6838.170693000157
60712.0,-6838.186465581258
60713.0,-6838.202238162358
60714.0,-6838.218010743459
60715.0,-6838.233783324559
60716.0,-6838.24955590566
60717.0,-6838.26532848676
60718.0,-6838.281101067861
60719.0,-6838.296873648961
60720.0,-6838.312646230062
60721.0,-6838.328418811162
60722.0,-6838.3441913922625
60723.0,-6838.359963973363
60724.0,-6838.375736554463
60725.0,-6838.391509135564
60726.0,-6838.407281716664
60727.0,-6838.423054297765
60728.0,-6838.438826878865
60729.0,-6838.454599459966
60730.0,-6838.470372041066
60731.0,-6838.486144622167
60732.0,-6838.501917203267
60733.0,-6838.517689784368
60734.0,-6838.533462365468
60735.0,-6838.5492349465685
60736.0,-6838.565007527669
60737.0,-6838.580780108769
60738.0,-6838.59655268987
60739.0,-6838.61232527097
60740.0,-6838.628097852071
60741.0,-6838.643870433171
60742.0,-6838.659643014272
60743.0,-6838.675415595372
60744.0,-6838.691188176473
60745.0,-6838.706960757573
60746.0,-6838.722733338674
60747.0,-6838.738505919774
60748.0,-6838.7542785008745
60749.0,-6838.770051081975
60750.0,-6838.7858236630755
60751.0,-6838.801596244176
60752.0,-6838.817368825276
60753.0,-6838.833141406377
60754.0,-6838.848913987477
60755.0,-6838.864686568578
60756.0,-6838.880459149678
60757.0,-6838.896231730779
60758.0,-6838.912004311879
60759.0,-6838.92777689298
60760.0,-6838.94354947408
60761.0,-6838.959322055181
60762.0,-6838.975094636281
60763.0,-6838.9908672173815
60764.0,-6839.006639798482
60765.0,-6839.022412379582
60766.0,-6839.038184960683
60767.0,-6839.053957541783
60768.0,-6839.069730122884
60769.0,-6839.085502703984
60770.0,-6839.101275285085
60771.0,-6839.117047866185
60772.0,-6839.132820447286
60773.0,-6839.148593028386
60774.0,-6839.164365609487
60775.0,-6839.180138190587
60776.0,-6839.1959107716875
60777.0,-6839.211683352788
60778.0,-6839.227455933888
60779.0,-6839.243228514989
60780.0,-6839.259001096089
60781.0,-6839.27477367719
60782.0,-6839.29054625829
60783.0,-6839.306318839391
60784.0,-6839.322091420491
60785.0,-6839.337864001592
60786.0,-6839.353636582692
60787.0,-6839.369409163793
60788.0,-6839.385181744893
60789.0,-6839.400954325994
60790.0,-6839.416726907094
60791.0,-6839.4324994881945
60792.0,-6839.448272069295
60793.0,-6839.464044650395
60794.0,-6839.479817231496
60795.0,-6839.495589812596
60796.0,-6839.511362393697
60797.0,-6839.527134974797
60798.0,-6839.542907555898
60799.0,-6839.558680136998
60800.0,-6839.574452718099
60801.0,-6839.590225299199
60802.0,-6839.6059978803
60803.0,-6839.6217704614
60804.0,-6839.6375430425005
60805.0,-6839.653315623601
60806.0,-6839.669088204701
60807.0,-6839.684860785802
60808.0,-6839.700633366902
60809.0,-6839.716405948003
60810.0,-6839.732178529103
60811.0,-6839.747951110204
60812.0,-6839.763723691304
60813.0,-6839.779496272405
60814.0,-6839.795268853505
60815.0,-6839.811041434606
60816.0,-6839.826814015706
60817.0,-6839.8425865968065
60818.0,-6839.858359177907
60819.0,-6839.8741317590075
60820.0,-6839.889904340108
60821.0,-6839.905676921208
60822.0,-6839.921449502309
60823.0,-6839.937222083409
60824.0,-6839.95299466451
60825.0,-6839.96876724561
60826.0,-6839.984539826711
60827.0,-6840.000312407811
60828.0,-6840.016084988912
60829.0,-6840.031857570012
60830.0,-6840.047630151113
60831.0,-6840.063402732213
60832.0,-6840.0791753133135
60833.0,-6840.094947894414
60834.0,-6840.110720475514
60835.0,-6840.126493056615
60836.0,-6840.142265637715
60837.0,-6840.158038218816
60838.0,-6840.173810799916
60839.0,-6840.189583381017
60840.0,-6840.205355962117
60841.0,-6840.221128543218
60842.0,-6840.236901124318
60843.0,-6840.252673705419
60844.0,-6840.268446286519
60845.0,-6840.2842188676195
60846.0,-6840.29999144872
60847.0,-6840.3157640298205
60848.0,-6840.331536610921
60849.0,-6840.347309192021
60850.0,-6840.363081773122
60851.0,-6840.378854354222
60852.0,-6840.394626935323
60853.0,-6840.410399516423
60854.0,-6840.426172097524
60855.0,-6840.441944678624
60856.0,-6840.457717259725
60857.0,-6840.473489840825
60858.0,-6840.489262421926
60859.0,-6840.505035003026
60860.0,-6840.5208075841265
60861.0,-6840.536580165227
60862.0,-6840.552352746327
60863.0,-6840.568125327428
60864.0,-6840.583897908528
60865.0,-6840.599670489629
60866.0,-6840.615443070729
60867.0,-6840.63121565183
60868.0,-6840.64698823293
60869.0,-6840.662760814031
60870.0,-6840.678533395131
60871.0,-6840.694305976232
60872.0,-6840.710078557332
60873.0,-6840.7258511384325
60874.0,-6840.741623719533
60875.0,-6840.757396300633
60876.0,-6840.773168881734
60877.0,-6840.788941462834
60878.0,-6840.804714043935
60879.0,-6840.820486625035
60880.0,-6840.836259206136
60881.0,-6840.852031787236
60882.0,-6840.867804368337
60883.0,-6840.883576949437
60884.0,-6840.899349530538
60885.0,-6840.915122111638
60886.0,-6840.930894692739
60887.0,-6840.946667273839
60888.0,-6840.9624398549395
60889.0,-6840.97821243604
60890.0,-6840.99398501714
60891.0,-6841.009757598241
60892.0,-6841.025530179341
60893.0,-6841.041302760442
60894.0,-6841.057075341542
60895.0,-6841.072847922643
60896.0,-6841.088620503743
60897.0,-6841.104393084844
60898.0,-6841.120165665944
60899.0,-6841.135938247045
60900.0,-6841.151710828145
60901.0,-6841.1674834092455
60902.0,-6841.183255990346
60903.0,-6841.199028571446
60904.0,-6841.214801152547
60905.0,-6841.230573733647
60906.0,-6841.246346314748
60907.0,-6841.262118895848
60908.0,-6841.277891476949
60909.0,-6841.293664058049
60910.0,-6841.30943663915
60911.0,-6841.32520922025
60912.0,-6841.340981801351
60913.0,-6841.356754382451
60914.0,-6841.3725269635515
60915.0,-6841.388299544652
60916.0,-6841.4040721257525
60917.0,-6841.419844706853
60918.0,-6841.435617287953
60919.0,-6841.451389869054
60920.0,-6841.467162450154
60921.0,-6841.482935031255
60922.0,-6841.498707612355
60923.0,-6841.514480193456
60924.0,-6841.530252774556
60925.0,-6841.546025355657
60926.0,-6841.561797936757
60927.0,-6841.577570517858
60928.0,-6841.593343098958
60929.0,-6841.6091156800585
60930.0,-6841.624888261159
60931.0,-6841.640660842259
60932.0,-6841.65643342336
60933.0,-6841.67220600446
60934.0,-6841.687978585561
60935.0,-6841.703751166661
60936.0,-6841.719523747762
60937.0,-6841.735296328862
60938.0,-6841.751068909963
60939.0,-6841.766841491063
60940.0,-6841.782614072164
60941.0,-6841.798386653264
60942.0,-6841.8141592343645
60943.0,-6841.829931815465
60944.0,-6841.845704396565
60945.0,-6841.861476977666
60946.0,-6841.877249558766
60947.0,-6841.893022139867
60948.0,-6841.908794720967
60949.0,-6841.924567302068
60950.0,-6841.940339883168
60951.0,-6841.956112464269
60952.0,-6841.971885045369
60953.0,-6841.98765762647
60954.0,-6842.00343020757
60955.0,-6842.019202788671
60956.0,-6842.034975369771
60957.0,-6842.0507479508715
60958.0,-6842.066520531972
60959.0,-6842.082293113072
60960.0,-6842.098065694173
60961.0,-6842.113838275273
60962.0,-6842.129610856374
60963.0,-6842.145383437474
60964.0,-6842.161156018575
60965.0,-6842.176928599675
60966.0,-6842.192701180776
60967.0,-6842.208473761876
60968.0,-6842.224246342977
60969.0,-6842.240018924077
60970.0,-6842.2557915051775
60971.0,-6842.271564086278
60972.0,-6842.287336667378
60973.0,-6842.303109248479
60974.0,-6842.318881829579
60975.0,-6842.33465441068
60976.0,-6842.35042699178
60977.0,-6842.366199572881
60978.0,-6842.381972153981
60979.0,-6842.397744735082
60980.0,-6842.413517316182
60981.0,-6842.429289897283
60982.0,-6842.445062478383
60983.0,-6842.4608350594835
60984.0,-6842.476607640584
60985.0,-6842.4923802216845
60986.0,-6842.508152802785
60987.0,-6842.523925383885
60988.0,-6842.539697964986
60989.0,-6842.555470546086
60990.0,-6842.571243127187
60991.0,-6842.587015708287
60992.0,-6842.602788289388
60993.0,-6842.618560870488
60994.0,-6842.634333451589
60995.0,-6842.650106032689
60996.0,-6842.66587861379
60997.0,-6842.68165119489
60998.0,-6842.6974237759905
60999.0,-6842.713196357091
61000.0,-6842.728968938191
61001.0,-6842.744741519292
61002.0,-6842.760514100392
61003.0,-6842.776286681493
61004.0,-6842.792059262593
61005.0,-6842.807831843694
61006.0,-6842.823604424794
61007.0,-6842.839377005895
61008.0,-6842.855149586995
61009.0,-6842.870922168096
61010.0,-6842.886694749196
61011.0,-6842.9024673302965
61012.0,-6842.918239911397
61013.0,-6842.9340124924975
61014.0,-6842.949785073598
61015.0,-6842.965557654698
61016.0,-6842.981330235799
61017.0,-6842.997102816899
61018.0,-6843.012875398
61019.0,-6843.0286479791
61020.0,-6843.044420560201
61021.0,-6843.060193141301
61022.0,-6843.075965722402
61023.0,-6843.091738303502
61024.0,-6843.107510884603
61025.0,-6843.123283465703
61026.0,-6843.1390560468035
61027.0,-6843.154828627904
61028.0,-6843.170601209004
61029.0,-6843.186373790105
61030.0,-6843.202146371205
61031.0,-6843.217918952306
61032.0,-6843.233691533406
61033.0,-6843.249464114507
61034.0,-6843.265236695607
61035.0,-6843.281009276708
61036.0,-6843.296781857808
61037.0,-6843.312554438909
61038.0,-6843.328327020009
61039.0,-6843.3440996011095
61040.0,-6843.35987218221
61041.0,-6843.37564476331
61042.0,-6843.391417344411
61043.0,-6843.407189925511
61044.0,-6843.422962506612
61045.0,-6843.438735087712
61046.0,-6843.454507668813
61047.0,-6843.470280249913
61048.0,-6843.486052831014
61049.0,-6843.501825412114
61050.0,-6843.517597993215
61051.0,-6843.533370574315
61052.0,-6843.549143155416
61053.0,-6843.564915736516
61054.0,-6843.5806883176165
61055.0,-6843.596460898717
61056.0,-6843.612233479817
61057.0,-6843.628006060918
61058.0,-6843.643778642018
61059.0,-6843.659551223119
61060.0,-6843.675323804219
61061.0,-6843.69109638532
61062.0,-6843.70686896642
61063.0,-6843.722641547521
61064.0,-6843.738414128621
61065.0,-6843.754186709722
61066.0,-6843.769959290822
61067.0,-6843.7857318719225
61068.0,-6843.801504453023
61069.0,-6843.817277034123
61070.0,-6843.833049615224
61071.0,-6843.848822196324
61072.0,-6843.864594777425
61073.0,-6843.880367358525
61074.0,-6843.896139939626
61075.0,-6843.911912520726
61076.0,-6843.927685101827
61077.0,-6843.943457682927
61078.0,-6843.959230264028
61079.0,-6843.975002845128
61080.0,-6843.9907754262285
61081.0,-6844.006548007329
61082.0,-6844.0223205884295
61083.0,-6844.03809316953
61084.0,-6844.05386575063
61085.0,-6844.069638331731
61086.0,-6844.085410912831
61087.0,-6844.101183493932
61088.0,-6844.116956075032
61089.0,-6844.132728656133
61090.0,-6844.148501237233
61091.0,-6844.164273818334
61092.0,-6844.180046399434
61093.0,-6844.195818980535
61094.0,-6844.211591561635
61095.0,-6844.2273641427355
61096.0,-6844.243136723836
61097.0,-6844.258909304936
61098.0,-6844.274681886037
61099.0,-6844.290454467137
61100.0,-6844.306227048238
61101.0,-6844.321999629338
61102.0,-6844.337772210439
61103.0,-6844.353544791539
61104.0,-6844.36931737264
61105.0,-6844.38508995374
61106.0,-6844.400862534841
61107.0,-6844.416635115941
61108.0,-6844.4324076970415
61109.0,-6844.448180278142
61110.0,-6844.463952859242
61111.0,-6844.479725440343
61112.0,-6844.495498021443
61113.0,-6844.511270602544
61114.0,-6844.527043183644
61115.0,-6844.542815764745
61116.0,-6844.558588345845
61117.0,-6844.574360926946
61118.0,-6844.590133508046
61119.0,-6844.605906089147
61120.0,-6844.621678670247
61121.0,-6844.637451251348
61122.0,-6844.653223832448
61123.0,-6844.6689964135485
61124.0,-6844.684768994649
61125.0,-6844.700541575749
61126.0,-6844.71631415685
61127.0,-6844.73208673795
61128.0,-6844.747859319051
61129.0,-6844.763631900151
61130.0,-6844.779404481252
61131.0,-6844.795177062352
61132.0,-6844.810949643453
61133.0,-6844.826722224553
61134.0,-6844.842494805654
61135.0,-6844.858267386754
61136.0,-6844.8740399678545
61137.0,-6844.889812548955
61138.0,-6844.905585130055
61139.0,-6844.921357711156
61140.0,-6844.937130292256
61141.0,-6844.952902873357
61142.0,-6844.968675454457
61143.0,-6844.984448035558
61144.0,-6845.000220616658
61145.0,-6845.015993197759
61146.0,-6845.031765778859
61147.0,-6845.04753835996
61148.0,-6845.06331094106
61149.0,-6845.0790835221605
61150.0,-6845.094856103261
61151.0,-6845.1106286843615
61152.0,-6845.126401265462
61153.0,-6845.142173846562
61154.0,-6845.157946427663
61155.0,-6845.173719008763
61156.0,-6845.189491589864
61157.0,-6845.205264170964
61158.0,-6845.221036752065
61159.0,-6845.236809333165
61160.0,-6845.252581914266
61161.0,-6845.268354495366
61162.0,-6845.284127076467
61163.0,-6845.299899657567
61164.0,-6845.3156722386675
61165.0,-6845.331444819768
61166.0,-6845.347217400868
61167.0,-6845.362989981969
61168.0,-6845.378762563069
61169.0,-6845.39453514417
61170.0,-6845.41030772527
61171.0,-6845.426080306371
61172.0,-6845.441852887471
61173.0,-6845.457625468572
61174.0,-6845.473398049672
61175.0,-6845.489170630773
61176.0,-6845.504943211873
61177.0,-6845.5207157929735
61178.0,-6845.536488374074
61179.0,-6845.5522609551745
61180.0,-6845.568033536275
61181.0,-6845.583806117375
61182.0,-6845.599578698476
61183.0,-6845.615351279576
61184.0,-6845.631123860677
61185.0,-6845.646896441777
61186.0,-6845.662669022878
61187.0,-6845.678441603978
61188.0,-6845.694214185079
61189.0,-6845.709986766179
61190.0,-6845.72575934728
61191.0,-6845.74153192838
61192.0,-6845.7573045094805
61193.0,-6845.773077090581
61194.0,-6845.788849671681
61195.0,-6845.804622252782
61196.0,-6845.820394833882
61197.0,-6845.836167414983
61198.0,-6845.851939996083
61199.0,-6845.867712577184
61200.0,-6845.883485158284
61201.0,-6845.899257739385
61202.0,-6845.915030320485
61203.0,-6845.930802901586
61204.0,-6845.946575482686
61205.0,-6845.9623480637865
61206.0,-6845.978120644887
61207.0,-6845.993893225987
61208.0,-6846.009665807088
61209.0,-6846.025438388188
61210.0,-6846.041210969289
61211.0,-6846.056983550389
61212.0,-6846.07275613149
61213.0,-6846.08852871259
61214.0,-6846.104301293691
61215.0,-6846.120073874791
61216.0,-6846.135846455892
61217.0,-6846.151619036992
61218.0,-6846.167391618093
61219.0,-6846.183164199193
61220.0,-6846.1989367802935
61221.0,-6846.214709361394
61222.0,-6846.230481942494
61223.0,-6846.246254523595
61224.0,-6846.262027104695
61225.0,-6846.277799685796
61226.0,-6846.293572266896
61227.0,-6846.309344847997
61228.0,-6846.325117429097
61229.0,-6846.340890010198
61230.0,-6846.356662591298
61231.0,-6846.372435172399
61232.0,-6846.388207753499
61233.0,-6846.4039803345995
61234.0,-6846.4197529157
61235.0,-6846.4355254968
61236.0,-6846.451298077901
61237.0,-6846.467070659001
61238.0,-6846.482843240102
61239.0,-6846.498615821202
61240.0,-6846.514388402303
61241.0,-6846.530160983403
61242.0,-6846.545933564504
61243.0,-6846.561706145604
61244.0,-6846.577478726705
61245.0,-6846.593251307805
61246.0,-6846.6090238889055
61247.0,-6846.624796470006
61248.0,-6846.6405690511065
61249.0,-6846.656341632207
61250.0,-6846.672114213307
61251.0,-6846.687886794408
61252.0,-6846.703659375508
61253.0,-6846.719431956609
61254.0,-6846.735204537709
61255.0,-6846.75097711881
61256.0,-6846.76674969991
61257.0,-6846.782522281011
61258.0,-6846.798294862111
61259.0,-6846.814067443212
61260.0,-6846.829840024312
61261.0,-6846.8456126054125
61262.0,-6846.861385186513
61263.0,-6846.877157767613
61264.0,-6846.892930348714
61265.0,-6846.908702929814
61266.0,-6846.924475510915
61267.0,-6846.940248092015
61268.0,-6846.956020673116
61269.0,-6846.971793254216
61270.0,-6846.987565835317
61271.0,-6847.003338416417
61272.0,-6847.019110997518
61273.0,-6847.034883578618
61274.0,-6847.0506561597185
61275.0,-6847.066428740819
61276.0,-6847.0822013219195
61277.0,-6847.09797390302
61278.0,-6847.11374648412
61279.0,-6847.129519065221
61280.0,-6847.145291646321
61281.0,-6847.161064227422
61282.0,-6847.176836808522
61283.0,-6847.192609389623
61284.0,-6847.208381970723
61285.0,-6847.224154551824
61286.0,-6847.239927132924
61287.0,-6847.255699714025
61288.0,-6847.271472295125
61289.0,-6847.2872448762255
61290.0,-6847.303017457326
61291.0,-6847.318790038426
61292.0,-6847.334562619527
61293.0,-6847.350335200627
61294.0,-6847.366107781728
61295.0,-6847.381880362828
61296.0,-6847.397652943929
61297.0,-6847.413425525029
61298.0,-6847.42919810613
61299.0,-6847.44497068723
61300.0,-6847.460743268331
61301.0,-6847.476515849431
61302.0,-6847.4922884305315
61303.0,-6847.508061011632
61304.0,-6847.523833592732
61305.0,-6847.539606173833
61306.0,-6847.555378754933
61307.0,-6847.571151336034
61308.0,-6847.586923917134
61309.0,-6847.602696498235
61310.0,-6847.618469079335
61311.0,-6847.634241660436
61312.0,-6847.650014241536
61313.0,-6847.665786822637
61314.0,-6847.681559403737
61315.0,-6847.697331984838
61316.0,-6847.713104565938
61317.0,-6847.7288771470385
61318.0,-6847.744649728139
61319.0,-6847.760422309239
61320.0,-6847.77619489034
61321.0,-6847.79196747144
61322.0,-6847.807740052541
61323.0,-6847.823512633641
61324.0,-6847.839285214742
61325.0,-6847.855057795842
61326.0,-6847.870830376943
61327.0,-6847.886602958043
61328.0,-6847.902375539144
61329.0,-6847.918148120244
61330.0,-6847.9339207013445
61331.0,-6847.949693282445
61332.0,-6847.965465863545
61333.0,-6847.981238444646
61334.0,-6847.997011025746
61335.0,-6848.012783606847
61336.0,-6848.028556187947
61337.0,-6848.044328769048
61338.0,-6848.060101350148
61339.0,-6848.075873931249
61340.0,-6848.091646512349
61341.0,-6848.10741909345
61342.0,-6848.12319167455
61343.0,-6848.1389642556505
61344.0,-6848.154736836751
61345.0,-6848.1705094178515
61346.0,-6848.186281998952
61347.0,-6848.202054580052
61348.0,-6848.217827161153
61349.0,-6848.233599742253
61350.0,-6848.249372323354
61351.0,-6848.265144904454
61352.0,-6848.280917485555
61353.0,-6848.296690066655
61354.0,-6848.312462647756
61355.0,-6848.328235228856
61356.0,-6848.344007809957
61357.0,-6848.359780391057
61358.0,-6848.3755529721575
61359.0,-6848.391325553258
61360.0,-6848.407098134358
61361.0,-6848.422870715459
61362.0,-6848.438643296559
61363.0,-6848.45441587766
61364.0,-6848.47018845876
61365.0,-6848.485961039861
61366.0,-6848.501733620961
61367.0,-6848.517506202062
61368.0,-6848.533278783162
61369.0,-6848.549051364263
61370.0,-6848.564823945363
61371.0,-6848.5805965264635
61372.0,-6848.596369107564
61373.0,-6848.612141688664
61374.0,-6848.627914269765
61375.0,-6848.643686850865
61376.0,-6848.659459431966
61377.0,-6848.675232013066
61378.0,-6848.691004594167
61379.0,-6848.706777175267
61380.0,-6848.722549756368
61381.0,-6848.738322337468
61382.0,-6848.754094918569
61383.0,-6848.769867499669
61384.0,-6848.78564008077
61385.0,-6848.80141266187
61386.0,-6848.8171852429705
61387.0,-6848.832957824071
61388.0,-6848.848730405171
61389.0,-6848.864502986272
61390.0,-6848.880275567372
61391.0,-6848.896048148473
61392.0,-6848.911820729573
61393.0,-6848.927593310674
61394.0,-6848.943365891774
61395.0,-6848.959138472875
61396.0,-6848.974911053975
61397.0,-6848.990683635076
61398.0,-6849.006456216176
61399.0,-6849.0222287972765
61400.0,-6849.038001378377
61401.0,-6849.053773959477
61402.0,-6849.069546540578
61403.0,-6849.085319121678
61404.0,-6849.101091702779
61405.0,-6849.116864283879
61406.0,-6849.13263686498
61407.0,-6849.14840944608
61408.0,-6849.164182027181
61409.0,-6849.179954608281
61410.0,-6849.195727189382
61411.0,-6849.211499770482
61412.0,-6849.2272723515825
61413.0,-6849.243044932683
61414.0,-6849.2588175137835
61415.0,-6849.274590094884
61416.0,-6849.290362675984
61417.0,-6849.306135257085
61418.0,-6849.321907838185
61419.0,-6849.337680419286
61420.0,-6849.353453000386
61421.0,-6849.369225581487
61422.0,-6849.384998162587
61423.0,-6849.400770743688
61424.0,-6849.416543324788
61425.0,-6849.432315905889
61426.0,-6849.448088486989
61427.0,-6849.4638610680895
61428.0,-6849.47963364919
61429.0,-6849.49540623029
61430.0,-6849.511178811391
61431.0,-6849.526951392491
61432.0,-6849.542723973592
61433.0,-6849.558496554692
61434.0,-6849.574269135793
61435.0,-6849.590041716893
61436.0,-6849.605814297994
61437.0,-6849.621586879094
61438.0,-6849.637359460195
61439.0,-6849.653132041295
61440.0,-6849.6689046223955
61441.0,-6849.669419854879
61442.0,-6849.669935087363
61443.0,-6849.670450319846
61444.0,-6849.67096555233
61445.0,-6849.671480784814
61446.0,-6849.671996017297
61447.0,-6849.672511249781
61448.0,-6849.6730264822645
61449.0,-6849.673541714747
61450.0,-6849.674056947231
61451.0,-6849.674572179715
61452.0,-6849.675087412198
61453.0,-6849.675602644682
61454.0,-6849.676117877166
61455.0,-6849.676633109649
61456.0,-6849.677148342133
61457.0,-6849.677663574616
61458.0,-6849.678178807099
61459.0,-6849.678694039583
61460.0,-6849.679209272067
61461.0,-6849.67972450455
61462.0,-6849.680239737034
61463.0,-6849.680754969518
61464.0,-6849.681270202001
61465.0,-6849.6817854344845
61466.0,-6849.682300666968
61467.0,-6849.682815899451
61468.0,-6849.683331131935
61469.0,-6849.683846364419
61470.0,-6849.684361596902
61471.0,-6849.684876829386
61472.0,-6849.68539206187
61473.0,-6849.685907294353
61474.0,-6849.686422526836
61475.0,-6849.68693775932
61476.0,-6849.687452991803
61477.0,-6849.687968224287
61478.0,-6849.688483456771
61479.0,-6849.688998689254
61480.0,-6849.689513921738
61481.0,-6849.6900291542215
61482.0,-6849.6905443867045
61483.0,-6849.691059619188
61484.0,-6849.691574851672
61485.0,-6849.692090084155
61486.0,-6849.692605316639
61487.0,-6849.693120549123
61488.0,-6849.693635781606
61489.0,-6849.69415101409
61490.0,-6849.694666246573
61491.0,-6849.695181479056
61492.0,-6849.69569671154
61493.0,-6849.696211944024
61494.0,-6849.696727176507
61495.0,-6849.697242408991
61496.0,-6849.697757641475
61497.0,-6849.698272873958
61498.0,-6849.6987881064415
61499.0,-6849.699303338925
61500.0,-6849.699818571408
61501.0,-6849.700333803892
61502.0,-6849.700849036376
61503.0,-6849.701364268859
61504.0,-6849.701879501343
61505.0,-6849.702394733827
61506.0,-6849.70290996631
61507.0,-6849.703425198793
61508.0,-6849.703940431277
61509.0,-6849.70445566376
61510.0,-6849.704970896244
61511.0,-6849.705486128728
61512.0,-6849.706001361211
61513.0,-6849.706516593695
61514.0,-6849.7070318261785
61515.0,-6849.7075470586615
61516.0,-6849.708062291145
61517.0,-6849.708577523629
61518.0,-6849.709092756112
61519.0,-6849.709607988596
61520.0,-6849.71012322108
61521.0,-6849.710638453563
61522.0,-6849.711153686047
61523.0,-6849.71166891853
61524.0,-6849.712184151013
61525.0,-6849.712699383497
61526.0,-6849.713214615981
61527.0,-6849.713729848464
61528.0,-6849.714245080948
61529.0,-6849.714760313432
61530.0,-6849.715275545915
61531.0,-6849.7157907783985
61532.0,-6849.716306010882
61533.0,-6849.716821243365
61534.0,-6849.717336475849
61535.0,-6849.717851708333
61536.0,-6849.718366940816
61537.0,-6849.7188821733
61538.0,-6849.719397405784
61539.0,-6849.719912638267
61540.0,-6849.72042787075
61541.0,-6849.720943103234
61542.0,-6849.721458335717
61543.0,-6849.721973568201
61544.0,-6849.722488800685
61545.0,-6849.723004033168
61546.0,-6849.723519265652
61547.0,-6849.724034498136
61548.0,-6849.7245497306185
61549.0,-6849.725064963102
61550.0,-6849.725580195586
61551.0,-6849.726095428069
61552.0,-6849.726610660553
61553.0,-6849.727125893037
61554.0,-6849.72764112552
61555.0,-6849.728156358004
61556.0,-6849.7286715904875
61557.0,-6849.72918682297
61558.0,-6849.729702055454
61559.0,-6849.730217287938
61560.0,-6849.730732520421
61561.0,-6849.731247752905
61562.0,-6849.731762985389
61563.0,-6849.732278217872
61564.0,-6849.7327934503555
61565.0,-6849.733308682839
61566.0,-6849.733823915322
61567.0,-6849.734339147806
61568.0,-6849.73485438029
61569.0,-6849.735369612773
61570.0,-6849.735884845257
61571.0,-6849.736400077741
61572.0,-6849.736915310224
61573.0,-6849.737430542707
61574.0,-6849.737945775191
61575.0,-6849.738461007674
61576.0,-6849.738976240158
61577.0,-6849.739491472642
61578.0,-6849.740006705125
61579.0,-6849.740521937609
61580.0,-6849.741037170093
61581.0,-6849.7415524025755
61582.0,-6849.742067635059
61583.0,-6849.742582867543
61584.0,-6849.743098100026
61585.0,-6849.74361333251
61586.0,-6849.744128564994
61587.0,-6849.744643797477
61588.0,-6849.745159029961
61589.0,-6849.7456742624445
61590.0,-6849.746189494927
61591.0,-6849.746704727411
61592.0,-6849.747219959895
61593.0,-6849.747735192378
61594.0,-6849.748250424862
61595.0,-6849.748765657346
61596.0,-6849.749280889829
61597.0,-6849.749796122313
61598.0,-6849.750311354796
61599.0,-6849.750826587279
61600.0,-6849.751341819763
61601.0,-6849.751857052247
61602.0,-6849.75237228473
61603.0,-6849.752887517214
61604.0,-6849.753402749698
61605.0,-6849.753917982181
61606.0,-6849.7544332146645
61607.0,-6849.754948447148
61608.0,-6849.755463679631
61609.0,-6849.755978912115
61610.0,-6849.756494144599
61611.0,-6849.757009377082
61612.0,-6849.757524609566
61613.0,-6849.75803984205
61614.0,-6849.7585550745325
61615.0,-6849.759070307016
61616.0,-6849.7595855395
61617.0,-6849.760100771983
61618.0,-6849.760616004467
61619.0,-6849.761131236951
61620.0,-6849.761646469434
61621.0,-6849.762161701918
61622.0,-6849.7626769344015
61623.0,-6849.763192166884
61624.0,-6849.763707399368
61625.0,-6849.764222631852
61626.0,-6849.764737864335
61627.0,-6849.765253096819
61628.0,-6849.765768329303
61629.0,-6849.766283561786
61630.0,-6849.76679879427
61631.0,-6849.767314026753
61632.0,-6849.767829259236
61633.0,-6849.76834449172
61634.0,-6849.768859724204
61635.0,-6849.769374956687
61636.0,-6849.769890189171
61637.0,-6849.770405421655
61638.0,-6849.770920654138
61639.0,-6849.7714358866215
61640.0,-6849.771951119105
61641.0,-6849.772466351588
61642.0,-6849.772981584072
61643.0,-6849.773496816556
61644.0,-6849.774012049039
61645.0,-6849.774527281523
61646.0,-6849.775042514007
61647.0,-6849.7755577464895
61648.0,-6849.776072978973
61649.0,-6849.776588211457
61650.0,-6849.77710344394
61651.0,-6849.777618676424
61652.0,-6849.778133908908
61653.0,-6849.778649141391
61654.0,-6849.779164373875
61655.0,-6849.7796796063585
61656.0,-6849.780194838841
61657.0,-6849.780710071325
61658.0,-6849.781225303809
61659.0,-6849.781740536292
61660.0,-6849.782255768776
61661.0,-6849.78277100126
61662.0,-6849.783286233743
61663.0,-6849.783801466227
61664.0,-6849.78431669871
61665.0,-6849.784831931193
61666.0,-6849.785347163677
61667.0,-6849.785862396161
61668.0,-6849.786377628644
61669.0,-6849.786892861128
61670.0,-6849.787408093612
61671.0,-6849.787923326095
61672.0,-6849.7884385585785
61673.0,-6849.788953791062
61674.0,-6849.789469023545
61675.0,-6849.789984256029
61676.0,-6849.790499488513
61677.0,-6849.791014720996
61678.0,-6849.79152995348
61679.0,-6849.792045185964
61680.0,-6849.792560418447
61681.0,-6849.79307565093
61682.0,-6849.793590883414
61683.0,-6849.794106115897
61684.0,-6849.794621348381
61685.0,-6849.795136580865
61686.0,-6849.795651813348
61687.0,-6849.796167045832
61688.0,-6849.7966822783155
61689.0,-6849.7971975107985
61690.0,-6849.797712743282
61691.0,-6849.798227975766
61692.0,-6849.798743208249
61693.0,-6849.799258440733
61694.0,-6849.799773673217
61695.0,-6849.8002889057
61696.0,-6849.800804138184
61697.0,-6849.801319370667
61698.0,-6849.80183460315
61699.0,-6849.802349835634
61700.0,-6849.802865068118
61701.0,-6849.803380300601
61702.0,-6849.803895533085
61703.0,-6849.804410765569
61704.0,-6849.804925998052
61705.0,-6849.8054412305355
61706.0,-6849.805956463019
61707.0,-6849.806471695502
61708.0,-6849.806986927986
61709.0,-6849.80750216047
61710.0,-6849.808017392953
61711.0,-6849.808532625437
61712.0,-6849.809047857921
61713.0,-6849.809563090404
61714.0,-6849.810078322887
61715.0,-6849.810593555371
61716.0,-6849.811108787854
61717.0,-6849.811624020338
61718.0,-6849.812139252822
61719.0,-6849.812654485305
61720.0,-6849.813169717789
61721.0,-6849.813684950273
61722.0,-6849.8142001827555
61723.0,-6849.814715415239
61724.0,-6849.815230647723
61725.0,-6849.815745880206
61726.0,-6849.81626111269
61727.0,-6849.816776345174
61728.0,-6849.817291577657
61729.0,-6849.817806810141
61730.0,-6849.8183220426245
61731.0,-6849.818837275107
61732.0,-6849.819352507591
61733.0,-6849.819867740075
61734.0,-6849.820382972558
61735.0,-6849.820898205042
61736.0,-6849.821413437526
61737.0,-6849.821928670009
61738.0,-6849.8224439024925
61739.0,-6849.822959134976
61740.0,-6849.823474367459
61741.0,-6849.823989599943
61742.0,-6849.824504832427
61743.0,-6849.82502006491
61744.0,-6849.825535297394
61745.0,-6849.826050529878
61746.0,-6849.826565762361
61747.0,-6849.827080994844
61748.0,-6849.827596227328
61749.0,-6849.828111459811
61750.0,-6849.828626692295
61751.0,-6849.829141924779
61752.0,-6849.829657157262
61753.0,-6849.830172389746
61754.0,-6849.83068762223
61755.0,-6849.8312028547125
61756.0,-6849.831718087196
61757.0,-6849.83223331968
61758.0,-6849.832748552163
61759.0,-6849.833263784647
61760.0,-6849.833779017131
61761.0,-6849.834294249614
61762.0,-6849.834809482098
61763.0,-6849.8353247145815
61764.0,-6849.835839947064
61765.0,-6849.836355179548
61766.0,-6849.836870412032
61767.0,-6849.837385644515
61768.0,-6849.837900876999
61769.0,-6849.838416109483
61770.0,-6849.838931341966
61771.0,-6849.8394465744495
61772.0,-6849.839961806933
61773.0,-6849.840477039416
61774.0,-6849.8409922719
61775.0,-6849.841507504384
61776.0,-6849.842022736867
61777.0,-6849.842537969351
61778.0,-6849.843053201835
61779.0,-6849.843568434318
61780.0,-6849.844083666801
61781.0,-6849.844598899285
61782.0,-6849.845114131768
61783.0,-6849.845629364252
61784.0,-6849.846144596736
61785.0,-6849.846659829219
61786.0,-6849.847175061703
61787.0,-6849.847690294187
61788.0,-6849.8482055266695
61789.0,-6849.848720759153
61790.0,-6849.849235991637
61791.0,-6849.84975122412
61792.0,-6849.850266456604
61793.0,-6849.850781689088
61794.0,-6849.851296921571
61795.0,-6849.851812154055
61796.0,-6849.8523273865385
61797.0,-6849.852842619021
61798.0,-6849.853357851505
61799.0,-6849.853873083989
61800.0,-6849.854388316472
61801.0,-6849.854903548956
61802.0,-6849.85541878144
61803.0,-6849.855934013923
61804.0,-6849.856449246407
61805.0,-6849.85696447889
61806.0,-6849.857479711373
61807.0,-6849.857994943857
61808.0,-6849.858510176341
61809.0,-6849.859025408824
61810.0,-6849.859540641308
61811.0,-6849.860055873792
61812.0,-6849.860571106275
61813.0,-6849.8610863387585
61814.0,-6849.861601571242
61815.0,-6849.862116803725
61816.0,-6849.862632036209
61817.0,-6849.863147268693
61818.0,-6849.863662501176
61819.0,-6849.86417773366
61820.0,-6849.864692966144
61821.0,-6849.8652081986265
61822.0,-6849.86572343111
61823.0,-6849.866238663594
61824.0,-6849.866753896077
61825.0,-6849.867269128561
61826.0,-6849.867784361045
61827.0,-6849.868299593528
61828.0,-6849.868814826012
61829.0,-6849.8693300584955
61830.0,-6849.869845290978
61831.0,-6849.870360523462
61832.0,-6849.870875755946
61833.0,-6849.871390988429
61834.0,-6849.871906220913
61835.0,-6849.872421453397
61836.0,-6849.87293668588
61837.0,-6849.873451918364
61838.0,-6849.873967150847
61839.0,-6849.87448238333
61840.0,-6849.874997615814
61841.0,-6849.875512848298
61842.0,-6849.876028080781
61843.0,-6849.876543313265
61844.0,-6849.877058545749
61845.0,-6849.877573778232
61846.0,-6849.8780890107155
61847.0,-6849.878604243199
61848.0,-6849.879119475682
61849.0,-6849.879634708166
61850.0,-6849.88014994065
61851.0,-6849.880665173133
61852.0,-6849.881180405617
61853.0,-6849.881695638101
61854.0,-6849.882210870584
61855.0,-6849.882726103067
61856.0,-6849.883241335551
61857.0,-6849.883756568034
61858.0,-6849.884271800518
61859.0,-6849.884787033002
61860.0,-6849.885302265485
61861.0,-6849.885817497969
61862.0,-6849.8863327304525
61863.0,-6849.8868479629355
61864.0,-6849.887363195419
61865.0,-6849.887878427903
61866.0,-6849.888393660386
61867.0,-6849.88890889287
61868.0,-6849.889424125354
61869.0,-6849.889939357837
61870.0,-6849.890454590321
61871.0,-6849.890969822804
61872.0,-6849.891485055287
61873.0,-6849.892000287771
61874.0,-6849.892515520255
61875.0,-6849.893030752738
61876.0,-6849.893545985222
61877.0,-6849.894061217706
61878.0,-6849.894576450189
61879.0,-6849.8950916826725
61880.0,-6849.895606915156
61881.0,-6849.896122147639
61882.0,-6849.896637380123
61883.0,-6849.897152612607
61884.0,-6849.89766784509
61885.0,-6849.898183077574
61886.0,-6849.898698310058
61887.0,-6849.899213542541
61888.0,-6849.899728775024
61889.0,-6849.900244007508
61890.0,-6849.900759239991
61891.0,-6849.901274472475
61892.0,-6849.901789704959
61893.0,-6849.902304937442
61894.0,-6849.902820169926
61895.0,-6849.9033354024095
61896.0,-6849.9038506348925
61897.0,-6849.904365867376
61898.0,-6849.90488109986
61899.0,-6849.905396332343
61900.0,-6849.905911564827
61901.0,-6849.906426797311
61902.0,-6849.906942029794
61903.0,-6849.907457262278
61904.0,-6849.907972494761
61905.0,-6849.908487727244
61906.0,-6849.909002959728
61907.0,-6849.909518192212
61908.0,-6849.910033424695
61909.0,-6849.910548657179
61910.0,-6849.911063889663
61911.0,-6849.911579122146
61912.0,-6849.9120943546295
61913.0,-6849.912609587113
61914.0,-6849.913124819596
61915.0,-6849.91364005208
61916.0,-6849.914155284564
61917.0,-6849.914670517047
61918.0,-6849.915185749531
61919.0,-6849.915700982015
61920.0,-6849.916216214498
61921.0,-6849.916731446981
61922.0,-6849.917246679465
61923.0,-6849.917761911948
61924.0,-6849.918277144432
61925.0,-6849.918792376916
61926.0,-6849.919307609399
61927.0,-6849.919822841883
61928.0,-6849.920338074367
61929.0,-6849.9208533068495
61930.0,-6849.921368539333
61931.0,-6849.921883771817
61932.0,-6849.9223990043
61933.0,-6849.922914236784
61934.0,-6849.923429469268
61935.0,-6849.923944701751
61936.0,-6849.924459934235
61937.0,-6849.9249751667185
61938.0,-6849.925490399201
61939.0,-6849.926005631685
61940.0,-6849.926520864169
61941.0,-6849.927036096652
61942.0,-6849.927551329136
61943.0,-6849.92806656162
61944.0,-6849.928581794103
61945.0,-6849.9290970265865
61946.0,-6849.92961225907
61947.0,-6849.930127491553
61948.0,-6849.930642724037
61949.0,-6849.931157956521
61950.0,-6849.931673189004
61951.0,-6849.932188421488
61952.0,-6849.932703653972
61953.0,-6849.933218886455
61954.0,-6849.933734118938
61955.0,-6849.934249351422
61956.0,-6849.934764583905
61957.0,-6849.935279816389
61958.0,-6849.935795048873
61959.0,-6849.936310281356
61960.0,-6849.93682551384
61961.0,-6849.937340746324
61962.0,-6849.9378559788065
61963.0,-6849.93837121129
61964.0,-6849.938886443774
61965.0,-6849.939401676257
61966.0,-6849.939916908741
61967.0,-6849.940432141225
61968.0,-6849.940947373708
61969.0,-6849.941462606192
61970.0,-6849.9419778386755
61971.0,-6849.942493071158
61972.0,-6849.943008303642
61973.0,-6849.943523536126
61974.0,-6849.944038768609
61975.0,-6849.944554001093
61976.0,-6849.945069233577
61977.0,-6849.94558446606
61978.0,-6849.946099698544
61979.0,-6849.946614931027
61980.0,-6849.94713016351
61981.0,-6849.947645395994
61982.0,-6849.948160628478
61983.0,-6849.948675860961
61984.0,-6849.949191093445
61985.0,-6849.949706325929
61986.0,-6849.950221558412
61987.0,-6849.9507367908955
61988.0,-6849.951252023379
61989.0,-6849.951767255862
61990.0,-6849.952282488346
61991.0,-6849.95279772083
61992.0,-6849.953312953313
61993.0,-6849.953828185797
61994.0,-6849.954343418281
61995.0,-6849.9548586507635
61996.0,-6849.955373883247
61997.0,-6849.955889115731
61998.0,-6849.956404348214
61999.0,-6849.956919580698
62000.0,-6849.957434813182
62001.0,-6849.957950045665
62002.0,-6849.958465278149
62003.0,-6849.9589805106325
62004.0,-6849.959495743115
62005.0,-6849.960010975599
62006.0,-6849.960526208083
62007.0,-6849.961041440566
62008.0,-6849.96155667305
62009.0,-6849.962071905534
62010.0,-6849.962587138017
62011.0,-6849.963102370501
62012.0,-6849.963617602984
62013.0,-6849.964132835467
62014.0,-6849.964648067951
62015.0,-6849.965163300435
62016.0,-6849.965678532918
62017.0,-6849.966193765402
62018.0,-6849.966708997886
62019.0,-6849.967224230369
62020.0,-6849.9677394628525
62021.0,-6849.968254695336
62022.0,-6849.968769927819
62023.0,-6849.969285160303
62024.0,-6849.969800392787
62025.0,-6849.97031562527
62026.0,-6849.970830857754
62027.0,-6849.971346090238
62028.0,-6849.9718613227205
62029.0,-6849.972376555204
62030.0,-6849.972891787688
62031.0,-6849.973407020171
62032.0,-6849.973922252655
62033.0,-6849.974437485139
62034.0,-6849.974952717622
62035.0,-6849.975467950106
62036.0,-6849.9759831825895
62037.0,-6849.9764984150725
62038.0,-6849.977013647556
62039.0,-6849.97752888004
62040.0,-6849.978044112523
62041.0,-6849.978559345007
62042.0,-6849.979074577491
62043.0,-6849.979589809974
62044.0,-6849.980105042458
62045.0,-6849.980620274941
62046.0,-6849.981135507424
62047.0,-6849.981650739908
62048.0,-6849.982165972392
62049.0,-6849.982681204875
62050.0,-6849.983196437359
62051.0,-6849.983711669843
62052.0,-6849.984226902326
62053.0,-6849.9847421348095
62054.0,-6849.985257367293
62055.0,-6849.985772599776
62056.0,-6849.98628783226
62057.0,-6849.986803064744
62058.0,-6849.987318297227
62059.0,-6849.987833529711
62060.0,-6849.988348762195
62061.0,-6849.988863994678
62062.0,-6849.989379227161
62063.0,-6849.989894459645
62064.0,-6849.990409692128
62065.0,-6849.990924924612
62066.0,-6849.991440157096
62067.0,-6849.991955389579
62068.0,-6849.992470622063
62069.0,-6849.9929858545465
62070.0,-6849.9935010870295
62071.0,-6849.994016319513
62072.0,-6849.994531551997
62073.0,-6849.99504678448
62074.0,-6849.995562016964
62075.0,-6849.996077249448
62076.0,-6849.996592481931
62077.0,-6849.997107714415
62078.0,-6849.997622946898
62079.0,-6849.998138179381
62080.0,-6849.998653411865
62081.0,-6849.999168644349
62082.0,-6849.999683876832
62083.0,-6850.000199109316
62084.0,-6850.0007143418
62085.0,-6850.001229574283
62086.0,-6850.0017448067665
62087.0,-6850.00226003925
62088.0,-6850.002775271733
62089.0,-6850.003290504217
62090.0,-6850.003805736701
62091.0,-6850.004320969184
62092.0,-6850.004836201668
62093.0,-6850.005351434152
62094.0,-6850.005866666635
62095.0,-6850.006381899118
62096.0,-6850.006897131602
62097.0,-6850.007412364085
62098.0,-6850.007927596569
62099.0,-6850.008442829053
62100.0,-6850.008958061536
62101.0,-6850.00947329402
62102.0,-6850.009988526504
62103.0,-6850.0105037589865
62104.0,-6850.01101899147
62105.0,-6850.011534223954
62106.0,-6850.012049456437
62107.0,-6850.012564688921
62108.0,-6850.013079921405
62109.0,-6850.013595153888
62110.0,-6850.014110386372
62111.0,-6850.0146256188555
62112.0,-6850.015140851338
62113.0,-6850.015656083822
62114.0,-6850.016171316306
62115.0,-6850.016686548789
62116.0,-6850.017201781273
62117.0,-6850.017717013757
62118.0,-6850.01823224624
62119.0,-6850.0187474787235
62120.0,-6850.019262711207
62121.0,-6850.01977794369
62122.0,-6850.020293176174
62123.0,-6850.020808408658
62124.0,-6850.021323641141
62125.0,-6850.021838873625
62126.0,-6850.022354106109
62127.0,-6850.022869338592
62128.0,-6850.023384571075
62129.0,-6850.023899803559
62130.0,-6850.024415036042
62131.0,-6850.024930268526
62132.0,-6850.02544550101
62133.0,-6850.025960733493
62134.0,-6850.026475965977
62135.0,-6850.026991198461
62136.0,-6850.0275064309435
62137.0,-6850.028021663427
62138.0,-6850.028536895911
62139.0,-6850.029052128394
62140.0,-6850.029567360878
62141.0,-6850.030082593362
62142.0,-6850.030597825845
62143.0,-6850.031113058329
62144.0,-6850.0316282908125
62145.0,-6850.032143523295
62146.0,-6850.032658755779
62147.0,-6850.033173988263
62148.0,-6850.033689220746
62149.0,-6850.03420445323
62150.0,-6850.034719685714
62151.0,-6850.035234918197
62152.0,-6850.0357501506805
62153.0,-6850.036265383164
62154.0,-6850.036780615647
62155.0,-6850.037295848131
62156.0,-6850.037811080615
62157.0,-6850.038326313098
62158.0,-6850.038841545582
62159.0,-6850.039356778066
62160.0,-6850.039872010549
62161.0,-6850.0403872430325
62162.0,-6850.040902475516
62163.0,-6850.041417707999
62164.0,-6850.041932940483
62165.0,-6850.042448172967
62166.0,-6850.04296340545
62167.0,-6850.043478637934
62168.0,-6850.043993870418
62169.0,-6850.0445091029005
62170.0,-6850.045024335384
62171.0,-6850.045539567868
62172.0,-6850.046054800351
62173.0,-6850.046570032835
62174.0,-6850.047085265319
62175.0,-6850.047600497802
62176.0,-6850.048115730286
62177.0,-6850.0486309627695
62178.0,-6850.049146195252
62179.0,-6850.049661427736
62180.0,-6850.05017666022
62181.0,-6850.050691892703
62182.0,-6850.051207125187
62183.0,-6850.051722357671
62184.0,-6850.052237590154
62185.0,-6850.052752822638
62186.0,-6850.053268055121
62187.0,-6850.053783287604
62188.0,-6850.054298520088
62189.0,-6850.054813752572
62190.0,-6850.055328985055
62191.0,-6850.055844217539
62192.0,-6850.056359450023
62193.0,-6850.056874682506
62194.0,-6850.0573899149895
62195.0,-6850.057905147473
62196.0,-6850.058420379956
62197.0,-6850.05893561244
62198.0,-6850.059450844924
62199.0,-6850.059966077407
62200.0,-6850.060481309891
62201.0,-6850.060996542375
62202.0,-6850.0615117748575
62203.0,-6850.062027007341
62204.0,-6850.062542239825
62205.0,-6850.063057472308
62206.0,-6850.063572704792
62207.0,-6850.064087937276
62208.0,-6850.064603169759
62209.0,-6850.065118402243
62210.0,-6850.0656336347265
62211.0,-6850.066148867209
62212.0,-6850.066664099693
62213.0,-6850.067179332177
62214.0,-6850.06769456466
62215.0,-6850.068209797144
62216.0,-6850.068725029628
62217.0,-6850.069240262111
62218.0,-6850.069755494595
62219.0,-6850.070270727078
62220.0,-6850.070785959561
62221.0,-6850.071301192045
62222.0,-6850.071816424529
62223.0,-6850.072331657012
62224.0,-6850.072846889496
62225.0,-6850.07336212198
62226.0,-6850.073877354463
62227.0,-6850.0743925869465
62228.0,-6850.07490781943
62229.0,-6850.075423051913
62230.0,-6850.075938284397
62231.0,-6850.076453516881
62232.0,-6850.076968749364
62233.0,-6850.077483981848
62234.0,-6850.077999214332
62235.0,-6850.078514446815
62236.0,-6850.079029679298
62237.0,-6850.079544911782
62238.0,-6850.080060144265
62239.0,-6850.080575376749
62240.0,-6850.081090609233
62241.0,-6850.081605841716
62242.0,-6850.0821210742
62243.0,-6850.0826363066835
62244.0,-6850.0831515391665
62245.0,-6850.08366677165
62246.0,-6850.084182004134
62247.0,-6850.084697236617
62248.0,-6850.085212469101
62249.0,-6850.085727701585
62250.0,-6850.086242934068
62251.0,-6850.086758166552
62252.0,-6850.087273399035
62253.0,-6850.087788631518
62254.0,-6850.088303864002
62255.0,-6850.088819096486
62256.0,-6850.089334328969
62257.0,-6850.089849561453
62258.0,-6850.090364793937
62259.0,-6850.09088002642
62260.0,-6850.0913952589035
62261.0,-6850.091910491387
62262.0,-6850.09242572387
62263.0,-6850.092940956354
62264.0,-6850.093456188838
62265.0,-6850.093971421321
62266.0,-6850.094486653805
62267.0,-6850.095001886289
62268.0,-6850.095517118772
62269.0,-6850.096032351255
62270.0,-6850.096547583739
62271.0,-6850.097062816222
62272.0,-6850.097578048706
62273.0,-6850.09809328119
62274.0,-6850.098608513673
62275.0,-6850.099123746157
62276.0,-6850.0996389786405
62277.0,-6850.1001542111235
62278.0,-6850.100669443607
62279.0,-6850.101184676091
62280.0,-6850.101699908574
62281.0,-6850.102215141058
62282.0,-6850.102730373542
62283.0,-6850.103245606025
62284.0,-6850.103760838509
62285.0,-6850.1042760709925
62286.0,-6850.104791303475
62287.0,-6850.105306535959
62288.0,-6850.105821768443
62289.0,-6850.106337000926
62290.0,-6850.10685223341
62291.0,-6850.107367465894
62292.0,-6850.107882698377
62293.0,-6850.1083979308605
62294.0,-6850.108913163344
62295.0,-6850.109428395827
62296.0,-6850.109943628311
62297.0,-6850.110458860795
62298.0,-6850.110974093278
62299.0,-6850.111489325762
62300.0,-6850.112004558246
62301.0,-6850.112519790729
62302.0,-6850.113035023212
62303.0,-6850.113550255696
62304.0,-6850.114065488179
62305.0,-6850.114580720663
62306.0,-6850.115095953147
62307.0,-6850.11561118563
62308.0,-6850.116126418114
62309.0,-6850.116641650598
62310.0,-6850.1171568830805
62311.0,-6850.117672115564
62312.0,-6850.118187348048
62313.0,-6850.118702580531
62314.0,-6850.119217813015
62315.0,-6850.119733045499
62316.0,-6850.120248277982
62317.0,-6850.120763510466
62318.0,-6850.1212787429495
62319.0,-6850.121793975432
62320.0,-6850.122309207916
62321.0,-6850.1228244404
62322.0,-6850.123339672883
62323.0,-6850.123854905367
62324.0,-6850.124370137851
62325.0,-6850.124885370334
62326.0,-6850.1254006028175
62327.0,-6850.125915835301
62328.0,-6850.126431067784
62329.0,-6850.126946300268
62330.0,-6850.127461532752
62331.0,-6850.127976765235
62332.0,-6850.128491997719
62333.0,-6850.129007230203
62334.0,-6850.129522462686
62335.0,-6850.130037695169
62336.0,-6850.130552927653
62337.0,-6850.131068160136
62338.0,-6850.13158339262
62339.0,-6850.132098625104
62340.0,-6850.132613857587
62341.0,-6850.133129090071
62342.0,-6850.133644322555
62343.0,-6850.1341595550375
62344.0,-6850.134674787521
62345.0,-6850.135190020005
62346.0,-6850.135705252488
62347.0,-6850.136220484972
62348.0,-6850.136735717456
62349.0,-6850.137250949939
62350.0,-6850.137766182423
62351.0,-6850.1382814149065
62352.0,-6850.138796647389
62353.0,-6850.139311879873
62354.0,-6850.139827112357
62355.0,-6850.14034234484
62356.0,-6850.140857577324
62357.0,-6850.141372809808
62358.0,-6850.141888042291
62359.0,-6850.142403274775
62360.0,-6850.142918507258
62361.0,-6850.143433739741
62362.0,-6850.143948972225
62363.0,-6850.144464204709
62364.0,-6850.144979437192
62365.0,-6850.145494669676
62366.0,-6850.14600990216
62367.0,-6850.146525134643
62368.0,-6850.1470403671265
62369.0,-6850.14755559961
62370.0,-6850.148070832093
62371.0,-6850.148586064577
62372.0,-6850.149101297061
62373.0,-6850.149616529544
62374.0,-6850.150131762028
62375.0,-6850.150646994512
62376.0,-6850.1511622269945
62377.0,-6850.151677459478
62378.0,-6850.152192691962
62379.0,-6850.152707924445
62380.0,-6850.153223156929
62381.0,-6850.153738389413
62382.0,-6850.154253621896
62383.0,-6850.15476885438
62384.0,-6850.1552840868635
62385.0,-6850.155799319346
62386.0,-6850.15631455183
62387.0,-6850.156829784314
62388.0,-6850.157345016797
62389.0,-6850.157860249281
62390.0,-6850.158375481765
62391.0,-6850.158890714248
62392.0,-6850.159405946732
62393.0,-6850.159921179215
62394.0,-6850.160436411698
62395.0,-6850.160951644182
62396.0,-6850.161466876666
62397.0,-6850.161982109149
62398.0,-6850.162497341633
62399.0,-6850.163012574117
62400.0,-6850.1635278066
62401.0,-6850.1640430390835
62402.0,-6850.164558271567
62403.0,-6850.16507350405
62404.0,-6850.165588736534
62405.0,-6850.166103969018
62406.0,-6850.166619201501
62407.0,-6850.167134433985
62408.0,-6850.167649666469
62409.0,-6850.1681648989515
62410.0,-6850.168680131435
62411.0,-6850.169195363919
62412.0,-6850.169710596402
62413.0,-6850.170225828886
62414.0,-6850.17074106137
62415.0,-6850.171256293853
62416.0,-6850.171771526337
62417.0,-6850.1722867588205
62418.0,-6850.1728019913035
62419.0,-6850.173317223787
62420.0,-6850.173832456271
62421.0,-6850.174347688754
62422.0,-6850.174862921238
62423.0,-6850.175378153722
62424.0,-6850.175893386205
62425.0,-6850.176408618689
62426.0,-6850.176923851172
62427.0,-6850.177439083655
62428.0,-6850.177954316139
62429.0,-6850.178469548623
62430.0,-6850.178984781106
62431.0,-6850.17950001359
62432.0,-6850.180015246074
62433.0,-6850.180530478557
62434.0,-6850.1810457110405
62435.0,-6850.181560943524
62436.0,-6850.182076176007
62437.0,-6850.182591408491
62438.0,-6850.183106640975
62439.0,-6850.183621873458
62440.0,-6850.184137105942
62441.0,-6850.184652338426
62442.0,-6850.185167570909
62443.0,-6850.185682803392
62444.0,-6850.186198035876
62445.0,-6850.186713268359
62446.0,-6850.187228500843
62447.0,-6850.187743733327
62448.0,-6850.18825896581
62449.0,-6850.188774198294
62450.0,-6850.1892894307775
62451.0,-6850.1898046632605
62452.0,-6850.190319895744
62453.0,-6850.190835128228
62454.0,-6850.191350360711
62455.0,-6850.191865593195
62456.0,-6850.192380825679
62457.0,-6850.192896058162
62458.0,-6850.193411290646
62459.0,-6850.193926523129
62460.0,-6850.194441755612
62461.0,-6850.194956988096
62462.0,-6850.19547222058
62463.0,-6850.195987453063
62464.0,-6850.196502685547
62465.0,-6850.169339110454
62466.0,-6850.142175535361
62467.0,-6850.115011960268
62468.0,-6850.087848385175
62469.0,-6850.060684810082
62470.0,-6850.033521234989
62471.0,-6850.006357659896
62472.0,-6849.979194084804
62473.0,-6849.95203050971
62474.0,-6849.924866934617
62475.0,-6849.897703359525
62476.0,-6849.8705397844315
62477.0,-6849.843376209338
62478.0,-6849.816212634246
62479.0,-6849.789049059153
62480.0,-6849.761885484059
62481.0,-6849.734721908967
62482.0,-6849.707558333874
62483.0,-6849.6803947587805
62484.0,-6849.653231183688
62485.0,-6849.626067608595
62486.0,-6849.598904033502
62487.0,-6849.571740458409
62488.0,-6849.544576883316
62489.0,-6849.517413308223
62490.0,-6849.49024973313
62491.0,-6849.463086158037
62492.0,-6849.435922582944
62493.0,-6849.408759007852
62494.0,-6849.381595432758
62495.0,-6849.354431857665
62496.0,-6849.327268282573
62497.0,-6849.3001047074795
62498.0,-6849.272941132386
62499.0,-6849.245777557294
62500.0,-6849.218613982201
62501.0,-6849.191450407107
62502.0,-6849.164286832015
62503.0,-6849.137123256922
62504.0,-6849.1099596818285
62505.0,-6849.082796106736
62506.0,-6849.055632531643
62507.0,-6849.02846895655
62508.0,-6849.001305381457
62509.0,-6848.974141806364
62510.0,-6848.946978231271
62511.0,-6848.9198146561785
62512.0,-6848.892651081085
62513.0,-6848.865487505992
62514.0,-6848.8383239309
62515.0,-6848.811160355806
62516.0,-6848.783996780713
62517.0,-6848.756833205621
62518.0,-6848.7296696305275
62519.0,-6848.702506055434
62520.0,-6848.675342480342
62521.0,-6848.648178905249
62522.0,-6848.621015330155
62523.0,-6848.593851755063
62524.0,-6848.56668817997
62525.0,-6848.5395246048765
62526.0,-6848.512361029784
62527.0,-6848.485197454691
62528.0,-6848.458033879598
62529.0,-6848.430870304505
62530.0,-6848.403706729412
62531.0,-6848.376543154319
62532.0,-6848.3493795792265
62533.0,-6848.322216004133
62534.0,-6848.29505242904
62535.0,-6848.267888853948
62536.0,-6848.240725278854
62537.0,-6848.213561703761
62538.0,-6848.186398128669
62539.0,-6848.1592345535755
62540.0,-6848.132070978482
62541.0,-6848.10490740339
62542.0,-6848.077743828297
62543.0,-6848.050580253203
62544.0,-6848.023416678111
62545.0,-6847.996253103018
62546.0,-6847.969089527925
62547.0,-6847.941925952832
62548.0,-6847.914762377739
62549.0,-6847.887598802646
62550.0,-6847.860435227553
62551.0,-6847.83327165246
62552.0,-6847.806108077367
62553.0,-6847.7789445022745
62554.0,-6847.751780927181
62555.0,-6847.724617352088
62556.0,-6847.697453776996
62557.0,-6847.670290201902
62558.0,-6847.643126626809
62559.0,-6847.615963051717
62560.0,-6847.5887994766235
62561.0,-6847.56163590153
62562.0,-6847.534472326438
62563.0,-6847.507308751345
62564.0,-6847.480145176251
62565.0,-6847.452981601159
62566.0,-6847.425818026066
62567.0,-6847.398654450973
62568.0,-6847.37149087588
62569.0,-6847.344327300787
62570.0,-6847.317163725694
62571.0,-6847.290000150601
62572.0,-6847.262836575508
62573.0,-6847.235673000415
62574.0,-6847.2085094253225
62575.0,-6847.181345850229
62576.0,-6847.154182275136
62577.0,-6847.127018700044
62578.0,-6847.09985512495
62579.0,-6847.072691549857
62580.0,-6847.045527974765
62581.0,-6847.018364399672
62582.0,-6846.991200824578
62583.0,-6846.964037249486
62584.0,-6846.936873674393
62585.0,-6846.909710099299
62586.0,-6846.882546524207
62587.0,-6846.855382949114
62588.0,-6846.828219374021
62589.0,-6846.801055798928
62590.0,-6846.773892223835
62591.0,-6846.746728648742
62592.0,-6846.719565073649
62593.0,-6846.692401498556
62594.0,-6846.665237923463
62595.0,-6846.6380743483705
62596.0,-6846.610910773277
62597.0,-6846.583747198184
62598.0,-6846.556583623092
62599.0,-6846.529420047998
62600.0,-6846.502256472905
62601.0,-6846.475092897813
62602.0,-6846.44792932272
62603.0,-6846.420765747626
62604.0,-6846.393602172534
62605.0,-6846.366438597441
62606.0,-6846.3392750223475
62607.0,-6846.312111447255
62608.0,-6846.284947872162
62609.0,-6846.257784297069
62610.0,-6846.230620721976
62611.0,-6846.203457146883
62612.0,-6846.17629357179
62613.0,-6846.149129996697
62614.0,-6846.121966421604
62615.0,-6846.094802846511
62616.0,-6846.067639271419
62617.0,-6846.040475696325
62618.0,-6846.013312121232
62619.0,-6845.98614854614
62620.0,-6845.958984971046
62621.0,-6845.931821395953
62622.0,-6845.904657820861
62623.0,-6845.877494245768
62624.0,-6845.850330670674
62625.0,-6845.823167095582
62626.0,-6845.796003520489
62627.0,-6845.7688399453955
62628.0,-6845.741676370303
62629.0,-6845.71451279521
62630.0,-6845.687349220117
62631.0,-6845.660185645024
62632.0,-6845.633022069931
62633.0,-6845.605858494838
62634.0,-6845.578694919745
62635.0,-6845.551531344652
62636.0,-6845.524367769559
62637.0,-6845.497204194467
62638.0,-6845.470040619373
62639.0,-6845.44287704428
62640.0,-6845.415713469188
62641.0,-6845.3885498940945
62642.0,-6845.361386319001
62643.0,-6845.334222743909
62644.0,-6845.307059168816
62645.0,-6845.279895593722
62646.0,-6845.25273201863
62647.0,-6845.225568443537
62648.0,-6845.1984048684435
62649.0,-6845.171241293351
62650.0,-6845.144077718258
62651.0,-6845.116914143165
62652.0,-6845.089750568072
62653.0,-6845.062586992979
62654.0,-6845.035423417886
62655.0,-6845.008259842793
62656.0,-6844.9810962677
62657.0,-6844.953932692607
62658.0,-6844.926769117515
62659.0,-6844.899605542421
62660.0,-6844.872441967328
62661.0,-6844.845278392236
62662.0,-6844.8181148171425
62663.0,-6844.790951242049
62664.0,-6844.763787666957
62665.0,-6844.736624091864
62666.0,-6844.70946051677
62667.0,-6844.682296941678
62668.0,-6844.655133366585
62669.0,-6844.6279697914915
62670.0,-6844.600806216399
62671.0,-6844.573642641306
62672.0,-6844.546479066213
62673.0,-6844.51931549112
62674.0,-6844.492151916027
62675.0,-6844.464988340934
62676.0,-6844.4378247658415
62677.0,-6844.410661190748
62678.0,-6844.383497615655
62679.0,-6844.356334040563
62680.0,-6844.329170465469
62681.0,-6844.302006890376
62682.0,-6844.274843315284
62683.0,-6844.2476797401905
62684.0,-6844.220516165097
62685.0,-6844.193352590005
62686.0,-6844.166189014912
62687.0,-6844.139025439818
62688.0,-6844.111861864726
62689.0,-6844.084698289633
62690.0,-6844.0575347145395
62691.0,-6844.030371139447
62692.0,-6844.003207564354
62693.0,-6843.976043989261
62694.0,-6843.948880414168
62695.0,-6843.921716839075
62696.0,-6843.894553263982
62697.0,-6843.8673896888895
62698.0,-6843.840226113796
62699.0,-6843.813062538703
62700.0,-6843.785898963611
62701.0,-6843.758735388517
62702.0,-6843.731571813424
62703.0,-6843.704408238332
62704.0,-6843.6772446632385
62705.0,-6843.650081088145
62706.0,-6843.622917513053
62707.0,-6843.59575393796
62708.0,-6843.568590362866
62709.0,-6843.541426787774
62710.0,-6843.514263212681
62711.0,-6843.487099637588
62712.0,-6843.459936062495
62713.0,-6843.432772487402
62714.0,-6843.405608912309
62715.0,-6843.378445337216
62716.0,-6843.351281762123
62717.0,-6843.32411818703
62718.0,-6843.2969546119375
62719.0,-6843.269791036844
62720.0,-6843.242627461751
62721.0,-6843.215463886659
62722.0,-6843.188300311565
62723.0,-6843.161136736472
62724.0,-6843.13397316138
62725.0,-6843.1068095862865
62726.0,-6843.079646011193
62727.0,-6843.052482436101
62728.0,-6843.025318861008
62729.0,-6842.998155285914
62730.0,-6842.970991710822
62731.0,-6842.943828135729
62732.0,-6842.916664560636
62733.0,-6842.889500985543
62734.0,-6842.86233741045
62735.0,-6842.835173835357
62736.0,-6842.808010260264
62737.0,-6842.780846685171
62738.0,-6842.753683110078
62739.0,-6842.7265195349855
62740.0,-6842.699355959892
62741.0,-6842.672192384799
62742.0,-6842.645028809707
62743.0,-6842.617865234613
62744.0,-6842.59070165952
62745.0,-6842.563538084428
62746.0,-6842.536374509335
62747.0,-6842.509210934241
62748.0,-6842.482047359149
62749.0,-6842.454883784056
62750.0,-6842.4277202089625
62751.0,-6842.40055663387
62752.0,-6842.373393058777
62753.0,-6842.346229483684
62754.0,-6842.319065908591
62755.0,-6842.291902333498
62756.0,-6842.264738758405
62757.0,-6842.237575183312
62758.0,-6842.210411608219
62759.0,-6842.183248033126
62760.0,-6842.156084458034
62761.0,-6842.12892088294
62762.0,-6842.101757307847
62763.0,-6842.074593732755
62764.0,-6842.047430157661
62765.0,-6842.020266582568
62766.0,-6841.993103007476
62767.0,-6841.965939432383
62768.0,-6841.938775857289
62769.0,-6841.911612282197
62770.0,-6841.884448707104
62771.0,-6841.8572851320105
62772.0,-6841.830121556918
62773.0,-6841.802957981825
62774.0,-6841.775794406732
62775.0,-6841.748630831639
62776.0,-6841.721467256546
62777.0,-6841.694303681453
62778.0,-6841.66714010636
62779.0,-6841.639976531267
62780.0,-6841.612812956174
62781.0,-6841.585649381082
62782.0,-6841.558485805988
62783.0,-6841.531322230895
62784.0,-6841.504158655803
62785.0,-6841.4769950807095
62786.0,-6841.449831505616
62787.0,-6841.422667930524
62788.0,-6841.395504355431
62789.0,-6841.368340780337
62790.0,-6841.341177205245
62791.0,-6841.314013630152
62792.0,-6841.2868500550585
62793.0,-6841.259686479966
62794.0,-6841.232522904873
62795.0,-6841.20535932978
62796.0,-6841.178195754687
62797.0,-6841.151032179594
62798.0,-6841.123868604501
62799.0,-6841.096705029408
62800.0,-6841.069541454315
62801.0,-6841.042377879222
62802.0,-6841.01521430413
62803.0,-6840.988050729036
62804.0,-6840.960887153943
62805.0,-6840.933723578851
62806.0,-6840.9065600037575
62807.0,-6840.879396428664
62808.0,-6840.852232853572
62809.0,-6840.825069278479
62810.0,-6840.797905703385
62811.0,-6840.770742128293
62812.0,-6840.7435785532
62813.0,-6840.7164149781065
62814.0,-6840.689251403014
62815.0,-6840.662087827921
62816.0,-6840.634924252828
62817.0,-6840.607760677735
62818.0,-6840.580597102642
62819.0,-6840.553433527549
62820.0,-6840.5262699524565
62821.0,-6840.499106377363
62822.0,-6840.47194280227
62823.0,-6840.444779227178
62824.0,-6840.417615652084
62825.0,-6840.390452076991
62826.0,-6840.363288501899
62827.0,-6840.3361249268055
62828.0,-6840.308961351712
62829.0,-6840.28179777662
62830.0,-6840.254634201527
62831.0,-6840.227470626433
62832.0,-6840.200307051341
62833.0,-6840.173143476248
62834.0,-6840.1459799011545
62835.0,-6840.118816326062
62836.0,-6840.091652750969
62837.0,-6840.064489175876
62838.0,-6840.037325600783
62839.0,-6840.01016202569
62840.0,-6839.982998450597
62841.0,-6839.9558348755045
62842.0,-6839.928671300411
62843.0,-6839.901507725318
62844.0,-6839.874344150226
62845.0,-6839.847180575132
62846.0,-6839.820017000039
62847.0,-6839.792853424947
62848.0,-6839.7656898498535
62849.0,-6839.73852627476
62850.0,-6839.711362699668
62851.0,-6839.684199124575
62852.0,-6839.657035549481
62853.0,-6839.629871974389
62854.0,-6839.602708399296
62855.0,-6839.575544824203
62856.0,-6839.54838124911
62857.0,-6839.521217674017
62858.0,-6839.494054098924
62859.0,-6839.466890523831
62860.0,-6839.439726948738
62861.0,-6839.412563373645
62862.0,-6839.3853997985525
62863.0,-6839.358236223459
62864.0,-6839.331072648366
62865.0,-6839.303909073274
62866.0,-6839.27674549818
62867.0,-6839.249581923087
62868.0,-6839.222418347995
62869.0,-6839.1952547729015
62870.0,-6839.168091197808
62871.0,-6839.140927622716
62872.0,-6839.113764047623
62873.0,-6839.086600472529
62874.0,-6839.059436897437
62875.0,-6839.032273322344
62876.0,-6839.005109747251
62877.0,-6838.977946172158
62878.0,-6838.950782597065
62879.0,-6838.923619021972
62880.0,-6838.896455446879
62881.0,-6838.869291871786
62882.0,-6838.842128296693
62883.0,-6838.8149647216005
62884.0,-6838.787801146507
62885.0,-6838.760637571414
62886.0,-6838.733473996322
62887.0,-6838.706310421228
62888.0,-6838.679146846135
62889.0,-6838.651983271043
62890.0,-6838.62481969595
62891.0,-6838.597656120856
62892.0,-6838.570492545764
62893.0,-6838.543328970671
62894.0,-6838.516165395577
62895.0,-6838.489001820485
62896.0,-6838.461838245392
62897.0,-6838.434674670299
62898.0,-6838.407511095206
62899.0,-6838.380347520113
62900.0,-6838.35318394502
62901.0,-6838.326020369927
62902.0,-6838.298856794834
62903.0,-6838.271693219741
62904.0,-6838.2445296446485
62905.0,-6838.217366069555
62906.0,-6838.190202494462
62907.0,-6838.16303891937
62908.0,-6838.135875344276
62909.0,-6838.108711769183
62910.0,-6838.081548194091
62911.0,-6838.054384618998
62912.0,-6838.027221043904
62913.0,-6838.000057468812
62914.0,-6837.972893893719
62915.0,-6837.9457303186255
62916.0,-6837.918566743533
62917.0,-6837.89140316844
62918.0,-6837.864239593347
62919.0,-6837.837076018254
62920.0,-6837.809912443161
62921.0,-6837.782748868068
62922.0,-6837.755585292975
62923.0,-6837.728421717882
62924.0,-6837.701258142789
62925.0,-6837.674094567697
62926.0,-6837.646930992603
62927.0,-6837.61976741751
62928.0,-6837.592603842418
62929.0,-6837.565440267324
62930.0,-6837.538276692231
62931.0,-6837.511113117139
62932.0,-6837.483949542046
62933.0,-6837.456785966952
62934.0,-6837.42962239186
62935.0,-6837.402458816767
62936.0,-6837.3752952416735
62937.0,-6837.348131666581
62938.0,-6837.320968091488
62939.0,-6837.293804516395
62940.0,-6837.266640941302
62941.0,-6837.239477366209
62942.0,-6837.212313791116
62943.0,-6837.185150216023
62944.0,-6837.15798664093
62945.0,-6837.130823065837
62946.0,-6837.103659490745
62947.0,-6837.076495915651
62948.0,-6837.049332340558
62949.0,-6837.022168765466
62950.0,-6836.9950051903725
62951.0,-6836.967841615279
62952.0,-6836.940678040187
62953.0,-6836.913514465094
62954.0,-6836.88635089
62955.0,-6836.859187314908
62956.0,-6836.832023739815
62957.0,-6836.8048601647215
62958.0,-6836.777696589629
62959.0,-6836.750533014536
62960.0,-6836.723369439443
62961.0,-6836.69620586435
62962.0,-6836.669042289257
62963.0,-6836.641878714164
62964.0,-6836.614715139071
62965.0,-6836.587551563978
62966.0,-6836.560387988885
62967.0,-6836.533224413793
62968.0,-6836.506060838699
62969.0,-6836.478897263606
62970.0,-6836.451733688514
62971.0,-6836.4245701134205
62972.0,-6836.397406538327
62973.0,-6836.370242963235
62974.0,-6836.343079388142
62975.0,-6836.315915813048
62976.0,-6836.288752237956
62977.0,-6836.261588662863
62978.0,-6836.2344250877695
62979.0,-6836.207261512677
62980.0,-6836.180097937584
62981.0,-6836.152934362491
62982.0,-6836.125770787398
62983.0,-6836.098607212305
62984.0,-6836.071443637212
62985.0,-6836.0442800621195
62986.0,-6836.017116487026
62987.0,-6835.989952911933
62988.0,-6835.962789336841
62989.0,-6835.935625761747
62990.0,-6835.908462186654
62991.0,-6835.881298611562
62992.0,-6835.8541350364685
62993.0,-6835.826971461375
62994.0,-6835.799807886283
62995.0,-6835.77264431119
62996.0,-6835.745480736096
62997.0,-6835.718317161004
62998.0,-6835.691153585911
62999.0,-6835.6639900108175
63000.0,-6835.636826435725
63001.0,-6835.609662860632
63002.0,-6835.582499285539
63003.0,-6835.555335710446
63004.0,-6835.528172135353
63005.0,-6835.50100856026
63006.0,-6835.4738449851675
63007.0,-6835.446681410074
63008.0,-6835.419517834981
63009.0,-6835.392354259889
63010.0,-6835.365190684795
63011.0,-6835.338027109702
63012.0,-6835.31086353461
63013.0,-6835.2836999595165
63014.0,-6835.256536384423
63015.0,-6835.229372809331
63016.0,-6835.202209234238
63017.0,-6835.175045659144
63018.0,-6835.147882084052
63019.0,-6835.120718508959
63020.0,-6835.093554933866
63021.0,-6835.066391358773
63022.0,-6835.03922778368
63023.0,-6835.012064208587
63024.0,-6834.984900633494
63025.0,-6834.957737058401
63026.0,-6834.930573483308
63027.0,-6834.9034099082155
63028.0,-6834.876246333122
63029.0,-6834.849082758029
63030.0,-6834.821919182937
63031.0,-6834.794755607843
63032.0,-6834.76759203275
63033.0,-6834.740428457658
63034.0,-6834.7132648825645
63035.0,-6834.686101307471
63036.0,-6834.658937732379
63037.0,-6834.631774157286
63038.0,-6834.604610582192
63039.0,-6834.5774470071
63040.0,-6834.550283432007
63041.0,-6834.523119856914
63042.0,-6834.495956281821
63043.0,-6834.468792706728
63044.0,-6834.441629131635
63045.0,-6834.414465556542
63046.0,-6834.387301981449
63047.0,-6834.360138406356
63048.0,-6834.3329748312635
63049.0,-6834.30581125617
63050.0,-6834.278647681077
63051.0,-6834.251484105985
63052.0,-6834.224320530891
63053.0,-6834.197156955798
63054.0,-6834.169993380706
63055.0,-6834.142829805613
63056.0,-6834.115666230519
63057.0,-6834.088502655427
63058.0,-6834.061339080334
63059.0,-6834.0341755052405
63060.0,-6834.007011930148
63061.0,-6833.979848355055
63062.0,-6833.952684779962
63063.0,-6833.925521204869
63064.0,-6833.898357629776
63065.0,-6833.871194054683
63066.0,-6833.84403047959
63067.0,-6833.816866904497
63068.0,-6833.789703329404
63069.0,-6833.762539754312
63070.0,-6833.735376179218
63071.0,-6833.708212604125
63072.0,-6833.681049029033
63073.0,-6833.653885453939
63074.0,-6833.626721878846
63075.0,-6833.599558303754
63076.0,-6833.572394728661
63077.0,-6833.545231153567
63078.0,-6833.518067578475
63079.0,-6833.490904003382
63080.0,-6833.4637404282885
63081.0,-6833.436576853196
63082.0,-6833.409413278103
63083.0,-6833.38224970301
63084.0,-6833.355086127917
63085.0,-6833.327922552824
63086.0,-6833.300758977731
63087.0,-6833.273595402638
63088.0,-6833.246431827545
63089.0,-6833.219268252452
63090.0,-6833.19210467736
63091.0,-6833.164941102266
63092.0,-6833.137777527173
63093.0,-6833.110613952081
63094.0,-6833.0834503769875
63095.0,-6833.056286801894
63096.0,-6833.029123226802
63097.0,-6833.001959651709
63098.0,-6832.974796076615
63099.0,-6832.947632501523
63100.0,-6832.92046892643
63101.0,-6832.8933053513365
63102.0,-6832.866141776244
63103.0,-6832.838978201151
63104.0,-6832.811814626058
63105.0,-6832.784651050965
63106.0,-6832.757487475872
63107.0,-6832.730323900779
63108.0,-6832.703160325686
63109.0,-6832.675996750593
63110.0,-6832.6488331755
63111.0,-6832.621669600408
63112.0,-6832.594506025314
63113.0,-6832.567342450221
63114.0,-6832.540178875129
63115.0,-6832.5130153000355
63116.0,-6832.485851724942
63117.0,-6832.45868814985
63118.0,-6832.431524574757
63119.0,-6832.404360999663
63120.0,-6832.377197424571
63121.0,-6832.350033849478
63122.0,-6832.3228702743845
63123.0,-6832.295706699292
63124.0,-6832.268543124199
63125.0,-6832.241379549106
63126.0,-6832.214215974013
63127.0,-6832.18705239892
63128.0,-6832.159888823827
63129.0,-6832.1327252487345
63130.0,-6832.105561673641
63131.0,-6832.078398098548
63132.0,-6832.051234523456
63133.0,-6832.024070948362
63134.0,-6831.996907373269
63135.0,-6831.969743798177
63136.0,-6831.9425802230835
63137.0,-6831.91541664799
63138.0,-6831.888253072898
63139.0,-6831.861089497805
63140.0,-6831.833925922711
63141.0,-6831.806762347619
63142.0,-6831.779598772526
63143.0,-6831.7524351974325
63144.0,-6831.72527162234
63145.0,-6831.698108047247
63146.0,-6831.670944472154
63147.0,-6831.643780897061
63148.0,-6831.616617321968
63149.0,-6831.589453746875
63150.0,-6831.5622901717825
63151.0,-6831.535126596689
63152.0,-6831.507963021596
63153.0,-6831.480799446504
63154.0,-6831.45363587141
63155.0,-6831.426472296317
63156.0,-6831.399308721225
63157.0,-6831.3721451461315
63158.0,-6831.344981571038
63159.0,-6831.317817995946
63160.0,-6831.290654420853
63161.0,-6831.263490845759
63162.0,-6831.236327270667
63163.0,-6831.209163695574
63164.0,-6831.182000120481
63165.0,-6831.154836545388
63166.0,-6831.127672970295
63167.0,-6831.100509395202
63168.0,-6831.073345820109
63169.0,-6831.046182245016
63170.0,-6831.019018669923
63171.0,-6830.9918550948305
63172.0,-6830.964691519737
63173.0,-6830.937527944644
63174.0,-6830.910364369552
63175.0,-6830.883200794458
63176.0,-6830.856037219365
63177.0,-6830.828873644273
63178.0,-6830.8017100691795
63179.0,-6830.774546494086
63180.0,-6830.747382918994
63181.0,-6830.720219343901
63182.0,-6830.693055768807
63183.0,-6830.665892193715
63184.0,-6830.638728618622
63185.0,-6830.611565043529
63186.0,-6830.584401468436
63187.0,-6830.557237893343
63188.0,-6830.53007431825
63189.0,-6830.502910743157
63190.0,-6830.475747168064
63191.0,-6830.448583592971
63192.0,-6830.4214200178785
63193.0,-6830.394256442785
63194.0,-6830.367092867692
63195.0,-6830.3399292926
63196.0,-6830.312765717506
63197.0,-6830.285602142413
63198.0,-6830.258438567321
63199.0,-6830.231274992228
63200.0,-6830.204111417134
63201.0,-6830.176947842042
63202.0,-6830.149784266949
63203.0,-6830.122620691855
63204.0,-6830.095457116763
63205.0,-6830.06829354167
63206.0,-6830.041129966577
63207.0,-6830.013966391484
63208.0,-6829.986802816391
63209.0,-6829.959639241298
63210.0,-6829.932475666205
63211.0,-6829.905312091112
63212.0,-6829.878148516019
63213.0,-6829.8509849409265
63214.0,-6829.823821365833
63215.0,-6829.79665779074
63216.0,-6829.769494215648
63217.0,-6829.742330640554
63218.0,-6829.715167065461
63219.0,-6829.688003490369
63220.0,-6829.660839915276
63221.0,-6829.633676340182
63222.0,-6829.60651276509
63223.0,-6829.579349189997
63224.0,-6829.5521856149035
63225.0,-6829.525022039811
63226.0,-6829.497858464718
63227.0,-6829.470694889625
63228.0,-6829.443531314532
63229.0,-6829.416367739439
63230.0,-6829.389204164346
63231.0,-6829.362040589253
63232.0,-6829.33487701416
63233.0,-6829.307713439067
63234.0,-6829.280549863975
63235.0,-6829.253386288881
63236.0,-6829.226222713788
63237.0,-6829.199059138696
63238.0,-6829.171895563602
63239.0,-6829.144731988509
63240.0,-6829.117568413417
63241.0,-6829.090404838324
63242.0,-6829.06324126323
63243.0,-6829.036077688138
63244.0,-6829.008914113045
63245.0,-6828.9817505379515
63246.0,-6828.954586962859
63247.0,-6828.927423387766
63248.0,-6828.900259812673
63249.0,-6828.87309623758
63250.0,-6828.845932662487
63251.0,-6828.818769087394
63252.0,-6828.791605512301
63253.0,-6828.764441937208
63254.0,-6828.737278362115
63255.0,-6828.710114787023
63256.0,-6828.682951211929
63257.0,-6828.655787636836
63258.0,-6828.628624061744
63259.0,-6828.6014604866505
63260.0,-6828.574296911557
63261.0,-6828.547133336465
63262.0,-6828.519969761372
63263.0,-6828.492806186278
63264.0,-6828.465642611186
63265.0,-6828.438479036093
63266.0,-6828.4113154609995
63267.0,-6828.384151885907
63268.0,-6828.356988310814
63269.0,-6828.329824735721
63270.0,-6828.302661160628
63271.0,-6828.275497585535
63272.0,-6828.248334010442
63273.0,-6828.221170435349
63274.0,-6828.194006860256
63275.0,-6828.166843285163
63276.0,-6828.139679710071
63277.0,-6828.112516134977
63278.0,-6828.085352559884
63279.0,-6828.058188984792
63280.0,-6828.0310254096985
63281.0,-6828.003861834605
63282.0,-6827.976698259513
63283.0,-6827.94953468442
63284.0,-6827.922371109326
63285.0,-6827.895207534234
63286.0,-6827.868043959141
63287.0,-6827.8408803840475
63288.0,-6827.813716808955
63289.0,-6827.786553233862
63290.0,-6827.759389658769
63291.0,-6827.732226083676
63292.0,-6827.705062508583
63293.0,-6827.67789893349
63294.0,-6827.6507353583975
63295.0,-6827.623571783304
63296.0,-6827.596408208211
63297.0,-6827.569244633119
63298.0,-6827.542081058025
63299.0,-6827.514917482932
63300.0,-6827.48775390784
63301.0,-6827.4605903327465
63302.0,-6827.433426757653
63303.0,-6827.406263182561
63304.0,-6827.379099607468
63305.0,-6827.351936032374
63306.0,-6827.324772457282
63307.0,-6827.297608882189
63308.0,-6827.2704453070955
63309.0,-6827.243281732003
63310.0,-6827.21611815691
63311.0,-6827.188954581817
63312.0,-6827.161791006724
63313.0,-6827.134627431631
63314.0,-6827.107463856538
63315.0,-6827.0803002814455
63316.0,-6827.053136706352
63317.0,-6827.025973131259
63318.0,-6826.998809556167
63319.0,-6826.971645981073
63320.0,-6826.94448240598
63321.0,-6826.917318830888
63322.0,-6826.8901552557945
63323.0,-6826.862991680701
63324.0,-6826.835828105609
63325.0,-6826.808664530516
63326.0,-6826.781500955422
63327.0,-6826.75433738033
63328.0,-6826.727173805237
63329.0,-6826.700010230144
63330.0,-6826.672846655051
63331.0,-6826.645683079958
63332.0,-6826.618519504865
63333.0,-6826.591355929772
63334.0,-6826.564192354679
63335.0,-6826.537028779586
63336.0,-6826.5098652044935
63337.0,-6826.4827016294
63338.0,-6826.455538054307
63339.0,-6826.428374479215
63340.0,-6826.401210904121
63341.0,-6826.374047329028
63342.0,-6826.346883753936
63343.0,-6826.3197201788425
63344.0,-6826.292556603749
63345.0,-6826.265393028657
63346.0,-6826.238229453564
63347.0,-6826.21106587847
63348.0,-6826.183902303378
63349.0,-6826.156738728285
63350.0,-6826.129575153192
63351.0,-6826.102411578099
63352.0,-6826.075248003006
63353.0,-6826.048084427913
63354.0,-6826.02092085282
63355.0,-6825.993757277727
63356.0,-6825.966593702634
63357.0,-6825.9394301275415
63358.0,-6825.912266552448
63359.0,-6825.885102977355
63360.0,-6825.857939402263
63361.0,-6825.830775827169
63362.0,-6825.803612252076
63363.0,-6825.776448676984
63364.0,-6825.749285101891
63365.0,-6825.722121526797
63366.0,-6825.694957951705
63367.0,-6825.667794376612
63368.0,-6825.6406308015185
63369.0,-6825.613467226426
63370.0,-6825.586303651333
63371.0,-6825.55914007624
63372.0,-6825.531976501147
63373.0,-6825.504812926054
63374.0,-6825.477649350961
63375.0,-6825.450485775868
63376.0,-6825.423322200775
63377.0,-6825.396158625682
63378.0,-6825.36899505059
63379.0,-6825.341831475496
63380.0,-6825.314667900403
63381.0,-6825.287504325311
63382.0,-6825.260340750217
63383.0,-6825.233177175124
63384.0,-6825.206013600032
63385.0,-6825.178850024939
63386.0,-6825.151686449845
63387.0,-6825.124522874753
63388.0,-6825.09735929966
63389.0,-6825.0701957245665
63390.0,-6825.043032149474
63391.0,-6825.015868574381
63392.0,-6824.988704999288
63393.0,-6824.961541424195
63394.0,-6824.934377849102
63395.0,-6824.907214274009
63396.0,-6824.880050698916
63397.0,-6824.852887123823
63398.0,-6824.82572354873
63399.0,-6824.798559973638
63400.0,-6824.771396398544
63401.0,-6824.744232823451
63402.0,-6824.717069248359
63403.0,-6824.6899056732655
63404.0,-6824.662742098172
63405.0,-6824.63557852308
63406.0,-6824.608414947987
63407.0,-6824.581251372893
63408.0,-6824.554087797801
63409.0,-6824.526924222708
63410.0,-6824.4997606476145
63411.0,-6824.472597072522
63412.0,-6824.445433497429
63413.0,-6824.418269922336
63414.0,-6824.391106347243
63415.0,-6824.36394277215
63416.0,-6824.336779197057
63417.0,-6824.309615621964
63418.0,-6824.282452046871
63419.0,-6824.255288471778
63420.0,-6824.228124896686
63421.0,-6824.200961321592
63422.0,-6824.173797746499
63423.0,-6824.146634171407
63424.0,-6824.1194705963135
63425.0,-6824.09230702122
63426.0,-6824.065143446128
63427.0,-6824.037979871035
63428.0,-6824.010816295941
63429.0,-6823.983652720849
63430.0,-6823.956489145756
63431.0,-6823.9293255706625
63432.0,-6823.90216199557
63433.0,-6823.874998420477
63434.0,-6823.847834845384
63435.0,-6823.820671270291
63436.0,-6823.793507695198
63437.0,-6823.766344120105
63438.0,-6823.7391805450125
63439.0,-6823.712016969919
63440.0,-6823.684853394826
63441.0,-6823.657689819734
63442.0,-6823.63052624464
63443.0,-6823.603362669547
63444.0,-6823.576199094455
63445.0,-6823.5490355193615
63446.0,-6823.521871944268
63447.0,-6823.494708369176
63448.0,-6823.467544794083
63449.0,-6823.440381218989
63450.0,-6823.413217643897
63451.0,-6823.386054068804
63452.0,-6823.3588904937105
63453.0,-6823.331726918618
63454.0,-6823.304563343525
63455.0,-6823.277399768432
63456.0,-6823.250236193339
63457.0,-6823.223072618246
63458.0,-6823.195909043153
63459.0,-6823.1687454680605
63460.0,-6823.141581892967
63461.0,-6823.114418317874
63462.0,-6823.087254742782
63463.0,-6823.060091167688
63464.0,-6823.032927592595
63465.0,-6823.005764017503
63466.0,-6822.9786004424095
63467.0,-6822.951436867316
63468.0,-6822.924273292224
63469.0,-6822.897109717131
63470.0,-6822.869946142037
63471.0,-6822.842782566945
63472.0,-6822.815618991852
63473.0,-6822.788455416759
63474.0,-6822.761291841666
63475.0,-6822.734128266573
63476.0,-6822.70696469148
63477.0,-6822.679801116387
63478.0,-6822.652637541294
63479.0,-6822.625473966201
63480.0,-6822.5983103911085
63481.0,-6822.571146816015
63482.0,-6822.543983240922
63483.0,-6822.51681966583
63484.0,-6822.489656090736
63485.0,-6822.462492515643
63486.0,-6822.435328940551
63487.0,-6822.4081653654575
63488.0,-6822.381001790364
63489.0,-6822.397046546142
63490.0,-6822.413091301918
63491.0,-6822.429136057694
63492.0,-6822.445180813472
63493.0,-6822.461225569248
63494.0,-6822.477270325025
63495.0,-6822.493315080802
63496.0,-6822.509359836578
63497.0,-6822.525404592355
63498.0,-6822.541449348132
63499.0,-6822.5574941039085
63500.0,-6822.573538859685
63501.0,-6822.589583615462
63502.0,-6822.605628371239
63503.0,-6822.621673127015
63504.0,-6822.6377178827925
63505.0,-6822.653762638569
63506.0,-6822.669807394345
63507.0,-6822.685852150123
63508.0,-6822.701896905899
63509.0,-6822.7179416616755
63510.0,-6822.733986417453
63511.0,-6822.750031173229
63512.0,-6822.766075929006
63513.0,-6822.782120684783
63514.0,-6822.798165440559
63515.0,-6822.814210196336
63516.0,-6822.830254952113
63517.0,-6822.84629970789
63518.0,-6822.862344463666
63519.0,-6822.878389219443
63520.0,-6822.89443397522
63521.0,-6822.910478730996
63522.0,-6822.9265234867735
63523.0,-6822.94256824255
63524.0,-6822.958612998326
63525.0,-6822.974657754104
63526.0,-6822.99070250988
63527.0,-6823.0067472656565
63528.0,-6823.022792021434
63529.0,-6823.03883677721
63530.0,-6823.054881532987
63531.0,-6823.070926288764
63532.0,-6823.08697104454
63533.0,-6823.103015800317
63534.0,-6823.119060556094
63535.0,-6823.135105311871
63536.0,-6823.151150067647
63537.0,-6823.167194823424
63538.0,-6823.183239579201
63539.0,-6823.199284334977
63540.0,-6823.2153290907545
63541.0,-6823.231373846531
63542.0,-6823.247418602307
63543.0,-6823.263463358085
63544.0,-6823.279508113861
63545.0,-6823.2955528696375
63546.0,-6823.311597625415
63547.0,-6823.327642381191
63548.0,-6823.343687136968
63549.0,-6823.359731892745
63550.0,-6823.375776648521
63551.0,-6823.391821404298
63552.0,-6823.407866160075
63553.0,-6823.423910915852
63554.0,-6823.439955671628
63555.0,-6823.456000427405
63556.0,-6823.472045183182
63557.0,-6823.488089938958
63558.0,-6823.5041346947355
63559.0,-6823.520179450512
63560.0,-6823.536224206288
63561.0,-6823.552268962066
63562.0,-6823.568313717842
63563.0,-6823.5843584736185
63564.0,-6823.600403229396
63565.0,-6823.616447985172
63566.0,-6823.632492740949
63567.0,-6823.648537496726
63568.0,-6823.664582252502
63569.0,-6823.680627008279
63570.0,-6823.696671764056
63571.0,-6823.712716519833
63572.0,-6823.728761275609
63573.0,-6823.744806031386
63574.0,-6823.760850787163
63575.0,-6823.776895542939
63576.0,-6823.7929402987165
63577.0,-6823.808985054493
63578.0,-6823.825029810269
63579.0,-6823.841074566047
63580.0,-6823.857119321823
63581.0,-6823.8731640775995
63582.0,-6823.889208833377
63583.0,-6823.905253589153
63584.0,-6823.92129834493
63585.0,-6823.937343100707
63586.0,-6823.9533878564835
63587.0,-6823.96943261226
63588.0,-6823.985477368037
63589.0,-6824.001522123814
63590.0,-6824.01756687959
63591.0,-6824.033611635367
63592.0,-6824.049656391144
63593.0,-6824.06570114692
63594.0,-6824.081745902698
63595.0,-6824.097790658474
63596.0,-6824.11383541425
63597.0,-6824.129880170028
63598.0,-6824.145924925804
63599.0,-6824.161969681581
63600.0,-6824.178014437358
63601.0,-6824.194059193134
63602.0,-6824.210103948911
63603.0,-6824.226148704688
63604.0,-6824.2421934604645
63605.0,-6824.258238216241
63606.0,-6824.274282972018
63607.0,-6824.290327727795
63608.0,-6824.306372483571
63609.0,-6824.322417239348
63610.0,-6824.338461995125
63611.0,-6824.354506750901
63612.0,-6824.370551506679
63613.0,-6824.386596262455
63614.0,-6824.402641018231
63615.0,-6824.418685774009
63616.0,-6824.434730529785
63617.0,-6824.450775285562
63618.0,-6824.466820041339
63619.0,-6824.482864797115
63620.0,-6824.498909552892
63621.0,-6824.514954308669
63622.0,-6824.5309990644455
63623.0,-6824.547043820222
63624.0,-6824.563088575999
63625.0,-6824.579133331776
63626.0,-6824.595178087552
63627.0,-6824.611222843329
63628.0,-6824.627267599106
63629.0,-6824.643312354882
63630.0,-6824.65935711066
63631.0,-6824.675401866436
63632.0,-6824.691446622212
63633.0,-6824.70749137799
63634.0,-6824.723536133766
63635.0,-6824.739580889543
63636.0,-6824.75562564532
63637.0,-6824.771670401096
63638.0,-6824.787715156873
63639.0,-6824.80375991265
63640.0,-6824.8198046684265
63641.0,-6824.835849424203
63642.0,-6824.85189417998
63643.0,-6824.867938935757
63644.0,-6824.883983691533
63645.0,-6824.90002844731
63646.0,-6824.916073203087
63647.0,-6824.932117958863
63648.0,-6824.948162714641
63649.0,-6824.964207470417
63650.0,-6824.980252226193
63651.0,-6824.996296981971
63652.0,-6825.012341737747
63653.0,-6825.028386493524
63654.0,-6825.044431249301
63655.0,-6825.060476005077
63656.0,-6825.076520760854
63657.0,-6825.092565516631
63658.0,-6825.1086102724075
63659.0,-6825.124655028184
63660.0,-6825.140699783961
63661.0,-6825.156744539738
63662.0,-6825.172789295514
63663.0,-6825.188834051291
63664.0,-6825.204878807068
63665.0,-6825.220923562844
63666.0,-6825.236968318622
63667.0,-6825.253013074398
63668.0,-6825.2690578301745
63669.0,-6825.285102585952
63670.0,-6825.301147341728
63671.0,-6825.317192097505
63672.0,-6825.333236853282
63673.0,-6825.349281609058
63674.0,-6825.365326364835
63675.0,-6825.381371120612
63676.0,-6825.397415876389
63677.0,-6825.413460632165
63678.0,-6825.429505387942
63679.0,-6825.445550143719
63680.0,-6825.461594899495
63681.0,-6825.4776396552725
63682.0,-6825.493684411049
63683.0,-6825.509729166825
63684.0,-6825.525773922603
63685.0,-6825.541818678379
63686.0,-6825.5578634341555
63687.0,-6825.573908189933
63688.0,-6825.589952945709
63689.0,-6825.605997701486
63690.0,-6825.622042457263
63691.0,-6825.638087213039
63692.0,-6825.654131968816
63693.0,-6825.670176724593
63694.0,-6825.68622148037
63695.0,-6825.702266236146
63696.0,-6825.718310991923
63697.0,-6825.7343557477
63698.0,-6825.750400503476
63699.0,-6825.7664452592535
63700.0,-6825.78249001503
63701.0,-6825.798534770806
63702.0,-6825.814579526584
63703.0,-6825.83062428236
63704.0,-6825.8466690381365
63705.0,-6825.862713793914
63706.0,-6825.87875854969
63707.0,-6825.894803305467
63708.0,-6825.910848061244
63709.0,-6825.92689281702
63710.0,-6825.942937572797
63711.0,-6825.958982328574
63712.0,-6825.975027084351
63713.0,-6825.991071840127
63714.0,-6826.007116595904
63715.0,-6826.023161351681
63716.0,-6826.039206107457
63717.0,-6826.0552508632345
63718.0,-6826.071295619011
63719.0,-6826.087340374787
63720.0,-6826.103385130565
63721.0,-6826.119429886341
63722.0,-6826.1354746421175
63723.0,-6826.151519397895
63724.0,-6826.167564153671
63725.0,-6826.183608909448
63726.0,-6826.199653665225
63727.0,-6826.215698421001
63728.0,-6826.231743176778
63729.0,-6826.247787932555
63730.0,-6826.263832688332
63731.0,-6826.279877444108
63732.0,-6826.295922199885
63733.0,-6826.311966955662
63734.0,-6826.328011711438
63735.0,-6826.3440564672155
63736.0,-6826.360101222992
63737.0,-6826.376145978768
63738.0,-6826.392190734546
63739.0,-6826.408235490322
63740.0,-6826.4242802460985
63741.0,-6826.440325001876
63742.0,-6826.456369757652
63743.0,-6826.472414513429
63744.0,-6826.488459269206
63745.0,-6826.504504024982
63746.0,-6826.520548780759
63747.0,-6826.536593536536
63748.0,-6826.552638292313
63749.0,-6826.568683048089
63750.0,-6826.584727803866
63751.0,-6826.600772559643
63752.0,-6826.616817315419
63753.0,-6826.6328620711965
63754.0,-6826.648906826973
63755.0,-6826.664951582749
63756.0,-6826.680996338527
63757.0,-6826.697041094303
63758.0,-6826.71308585008
63759.0,-6826.729130605857
63760.0,-6826.745175361633
63761.0,-6826.76122011741
63762.0,-6826.777264873187
63763.0,-6826.7933096289635
63764.0,-6826.80935438474
63765.0,-6826.825399140517
63766.0,-6826.841443896294
63767.0,-6826.85748865207
63768.0,-6826.873533407847
63769.0,-6826.889578163624
63770.0,-6826.9056229194
63771.0,-6826.921667675178
63772.0,-6826.937712430954
63773.0,-6826.95375718673
63774.0,-6826.969801942508
63775.0,-6826.985846698284
63776.0,-6827.001891454061
63777.0,-6827.017936209838
63778.0,-6827.033980965614
63779.0,-6827.050025721391
63780.0,-6827.066070477168
63781.0,-6827.0821152329445
63782.0,-6827.098159988721
63783.0,-6827.114204744498
63784.0,-6827.130249500275
63785.0,-6827.146294256051
63786.0,-6827.162339011828
63787.0,-6827.178383767605
63788.0,-6827.194428523381
63789.0,-6827.210473279159
63790.0,-6827.226518034935
63791.0,-6827.242562790711
63792.0,-6827.258607546489
63793.0,-6827.274652302265
63794.0,-6827.290697058042
63795.0,-6827.306741813819
63796.0,-6827.322786569595
63797.0,-6827.338831325372
63798.0,-6827.354876081149
63799.0,-6827.3709208369255
63800.0,-6827.386965592702
63801.0,-6827.403010348479
63802.0,-6827.419055104256
63803.0,-6827.435099860032
63804.0,-6827.451144615809
63805.0,-6827.467189371586
63806.0,-6827.483234127362
63807.0,-6827.49927888314
63808.0,-6827.515323638916
63809.0,-6827.531368394692
63810.0,-6827.54741315047
63811.0,-6827.563457906246
63812.0,-6827.579502662023
63813.0,-6827.5955474178
63814.0,-6827.611592173576
63815.0,-6827.627636929353
63816.0,-6827.64368168513
63817.0,-6827.6597264409065
63818.0,-6827.675771196683
63819.0,-6827.69181595246
63820.0,-6827.707860708237
63821.0,-6827.723905464013
63822.0,-6827.73995021979
63823.0,-6827.755994975567
63824.0,-6827.772039731343
63825.0,-6827.788084487121
63826.0,-6827.804129242897
63827.0,-6827.820173998673
63828.0,-6827.836218754451
63829.0,-6827.852263510227
63830.0,-6827.868308266004
63831.0,-6827.884353021781
63832.0,-6827.900397777557
63833.0,-6827.916442533334
63834.0,-6827.932487289111
63835.0,-6827.9485320448875
63836.0,-6827.964576800664
63837.0,-6827.980621556441
63838.0,-6827.996666312218
63839.0,-6828.012711067994
63840.0,-6828.0287558237715
63841.0,-6828.044800579548
63842.0,-6828.060845335324
63843.0,-6828.076890091102
63844.0,-6828.092934846878
63845.0,-6828.1089796026545
63846.0,-6828.125024358432
63847.0,-6828.141069114208
63848.0,-6828.157113869985
63849.0,-6828.173158625762
63850.0,-6828.189203381538
63851.0,-6828.205248137315
63852.0,-6828.221292893092
63853.0,-6828.237337648869
63854.0,-6828.253382404645
63855.0,-6828.269427160422
63856.0,-6828.285471916199
63857.0,-6828.301516671975
63858.0,-6828.3175614277525
63859.0,-6828.333606183529
63860.0,-6828.349650939305
63861.0,-6828.365695695083
63862.0,-6828.381740450859
63863.0,-6828.3977852066355
63864.0,-6828.413829962413
63865.0,-6828.429874718189
63866.0,-6828.445919473966
63867.0,-6828.461964229743
63868.0,-6828.478008985519
63869.0,-6828.494053741296
63870.0,-6828.510098497073
63871.0,-6828.52614325285
63872.0,-6828.542188008626
63873.0,-6828.558232764403
63874.0,-6828.57427752018
63875.0,-6828.590322275956
63876.0,-6828.6063670317335
63877.0,-6828.62241178751
63878.0,-6828.638456543286
63879.0,-6828.654501299064
63880.0,-6828.67054605484
63881.0,-6828.6865908106165
63882.0,-6828.702635566394
63883.0,-6828.71868032217
63884.0,-6828.734725077947
63885.0,-6828.750769833724
63886.0,-6828.7668145895
63887.0,-6828.782859345277
63888.0,-6828.798904101054
63889.0,-6828.814948856831
63890.0,-6828.830993612607
63891.0,-6828.847038368384
63892.0,-6828.863083124161
63893.0,-6828.879127879937
63894.0,-6828.8951726357145
63895.0,-6828.911217391491
63896.0,-6828.927262147267
63897.0,-6828.943306903045
63898.0,-6828.959351658821
63899.0,-6828.9753964145975
63900.0,-6828.991441170375
63901.0,-6829.007485926151
63902.0,-6829.023530681928
63903.0,-6829.039575437705
63904.0,-6829.055620193481
63905.0,-6829.071664949258
63906.0,-6829.087709705035
63907.0,-6829.103754460812
63908.0,-6829.119799216588
63909.0,-6829.135843972365
63910.0,-6829.151888728142
63911.0,-6829.167933483918
63912.0,-6829.1839782396955
63913.0,-6829.200022995472
63914.0,-6829.216067751248
63915.0,-6829.232112507026
63916.0,-6829.248157262802
63917.0,-6829.2642020185785
63918.0,-6829.280246774356
63919.0,-6829.296291530132
63920.0,-6829.312336285909
63921.0,-6829.328381041686
63922.0,-6829.3444257974625
63923.0,-6829.360470553239
63924.0,-6829.376515309016
63925.0,-6829.392560064793
63926.0,-6829.408604820569
63927.0,-6829.424649576346
63928.0,-6829.440694332123
63929.0,-6829.456739087899
63930.0,-6829.472783843677
63931.0,-6829.488828599453
63932.0,-6829.504873355229
63933.0,-6829.520918111007
63934.0,-6829.536962866783
63935.0,-6829.55300762256
63936.0,-6829.569052378337
63937.0,-6829.585097134113
63938.0,-6829.60114188989
63939.0,-6829.617186645667
63940.0,-6829.6332314014435
63941.0,-6829.64927615722
63942.0,-6829.665320912997
63943.0,-6829.681365668774
63944.0,-6829.69741042455
63945.0,-6829.713455180327
63946.0,-6829.729499936104
63947.0,-6829.74554469188
63948.0,-6829.761589447658
63949.0,-6829.777634203434
63950.0,-6829.79367895921
63951.0,-6829.809723714988
63952.0,-6829.825768470764
63953.0,-6829.841813226541
63954.0,-6829.857857982318
63955.0,-6829.873902738094
63956.0,-6829.889947493871
63957.0,-6829.905992249648
63958.0,-6829.9220370054245
63959.0,-6829.938081761201
63960.0,-6829.954126516978
63961.0,-6829.970171272755
63962.0,-6829.986216028531
63963.0,-6830.002260784308
63964.0,-6830.018305540085
63965.0,-6830.034350295861
63966.0,-6830.050395051639
63967.0,-6830.066439807415
63968.0,-6830.082484563191
63969.0,-6830.098529318969
63970.0,-6830.114574074745
63971.0,-6830.130618830522
63972.0,-6830.146663586299
63973.0,-6830.162708342075
63974.0,-6830.178753097852
63975.0,-6830.194797853629
63976.0,-6830.2108426094055
63977.0,-6830.226887365182
63978.0,-6830.242932120959
63979.0,-6830.258976876736
63980.0,-6830.275021632512
63981.0,-6830.291066388289
63982.0,-6830.307111144066
63983.0,-6830.323155899842
63984.0,-6830.33920065562
63985.0,-6830.355245411396
63986.0,-6830.371290167172
63987.0,-6830.38733492295
63988.0,-6830.403379678726
63989.0,-6830.419424434503
63990.0,-6830.43546919028
63991.0,-6830.451513946056
63992.0,-6830.467558701833
63993.0,-6830.48360345761
63994.0,-6830.4996482133865
63995.0,-6830.515692969163
63996.0,-6830.53173772494
63997.0,-6830.547782480717
63998.0,-6830.563827236493
63999.0,-6830.5798719922705
64000.0,-6830.595916748047
64001.0,-6830.611961503823
64002.0,-6830.628006259601
64003.0,-6830.644051015377
64004.0,-6830.6600957711535
64005.0,-6830.676140526931
64006.0,-6830.692185282707
64007.0,-6830.708230038484
64008.0,-6830.724274794261
64009.0,-6830.740319550037
64010.0,-6830.756364305814
64011.0,-6830.772409061591
64012.0,-6830.788453817368
64013.0,-6830.804498573144
64014.0,-6830.820543328921
64015.0,-6830.836588084698
64016.0,-6830.852632840474
64017.0,-6830.8686775962515
64018.0,-6830.884722352028
64019.0,-6830.900767107804
64020.0,-6830.916811863582
64021.0,-6830.932856619358
64022.0,-6830.9489013751345
64023.0,-6830.964946130912
64024.0,-6830.980990886688
64025.0,-6830.997035642465
64026.0,-6831.013080398242
64027.0,-6831.029125154018
64028.0,-6831.045169909795
64029.0,-6831.061214665572
64030.0,-6831.077259421349
64031.0,-6831.093304177125
64032.0,-6831.109348932902
64033.0,-6831.125393688679
64034.0,-6831.141438444455
64035.0,-6831.1574832002325
64036.0,-6831.173527956009
64037.0,-6831.189572711785
64038.0,-6831.205617467563
64039.0,-6831.221662223339
64040.0,-6831.2377069791155
64041.0,-6831.253751734893
64042.0,-6831.269796490669
64043.0,-6831.285841246446
64044.0,-6831.301886002223
64045.0,-6831.317930757999
64046.0,-6831.333975513776
64047.0,-6831.350020269553
64048.0,-6831.36606502533
64049.0,-6831.382109781106
64050.0,-6831.398154536883
64051.0,-6831.41419929266
64052.0,-6831.430244048436
64053.0,-6831.4462888042135
64054.0,-6831.46233355999
64055.0,-6831.478378315766
64056.0,-6831.494423071544
64057.0,-6831.51046782732
64058.0,-6831.5265125830965
64059.0,-6831.542557338874
64060.0,-6831.55860209465
64061.0,-6831.574646850427
64062.0,-6831.590691606204
64063.0,-6831.60673636198
64064.0,-6831.622781117757
64065.0,-6831.638825873534
64066.0,-6831.654870629311
64067.0,-6831.670915385087
64068.0,-6831.686960140864
64069.0,-6831.703004896641
64070.0,-6831.719049652417
64071.0,-6831.7350944081945
64072.0,-6831.751139163971
64073.0,-6831.767183919747
64074.0,-6831.783228675525
64075.0,-6831.799273431301
64076.0,-6831.8153181870775
64077.0,-6831.831362942855
64078.0,-6831.847407698631
64079.0,-6831.863452454408
64080.0,-6831.879497210185
64081.0,-6831.8955419659615
64082.0,-6831.911586721738
64083.0,-6831.927631477515
64084.0,-6831.943676233292
64085.0,-6831.959720989068
64086.0,-6831.975765744845
64087.0,-6831.991810500622
64088.0,-6832.007855256398
64089.0,-6832.023900012176
64090.0,-6832.039944767952
64091.0,-6832.055989523728
64092.0,-6832.072034279506
64093.0,-6832.088079035282
64094.0,-6832.104123791059
64095.0,-6832.120168546836
64096.0,-6832.136213302612
64097.0,-6832.152258058389
64098.0,-6832.168302814166
64099.0,-6832.1843475699425
64100.0,-6832.200392325719
64101.0,-6832.216437081496
64102.0,-6832.232481837273
64103.0,-6832.248526593049
64104.0,-6832.264571348826
64105.0,-6832.280616104603
64106.0,-6832.296660860379
64107.0,-6832.312705616157
64108.0,-6832.328750371933
64109.0,-6832.344795127709
64110.0,-6832.360839883487
64111.0,-6832.376884639263
64112.0,-6832.39292939504
64113.0,-6832.408974150817
64114.0,-6832.425018906593
64115.0,-6832.44106366237
64116.0,-6832.457108418147
64117.0,-6832.4731531739235
64118.0,-6832.4891979297
64119.0,-6832.505242685477
64120.0,-6832.521287441254
64121.0,-6832.53733219703
64122.0,-6832.553376952807
64123.0,-6832.569421708584
64124.0,-6832.58546646436
64125.0,-6832.601511220138
64126.0,-6832.617555975914
64127.0,-6832.63360073169
64128.0,-6832.649645487468
64129.0,-6832.665690243244
64130.0,-6832.681734999021
64131.0,-6832.697779754798
64132.0,-6832.713824510574
64133.0,-6832.729869266351
64134.0,-6832.745914022128
64135.0,-6832.7619587779045
64136.0,-6832.778003533681
64137.0,-6832.794048289458
64138.0,-6832.810093045235
64139.0,-6832.826137801011
64140.0,-6832.842182556788
64141.0,-6832.858227312565
64142.0,-6832.874272068341
64143.0,-6832.890316824119
64144.0,-6832.906361579895
64145.0,-6832.922406335671
64146.0,-6832.938451091449
64147.0,-6832.954495847225
64148.0,-6832.970540603002
64149.0,-6832.986585358779
64150.0,-6833.002630114555
64151.0,-6833.018674870332
64152.0,-6833.034719626109
64153.0,-6833.0507643818855
64154.0,-6833.066809137662
64155.0,-6833.082853893439
64156.0,-6833.098898649216
64157.0,-6833.114943404992
64158.0,-6833.130988160769
64159.0,-6833.147032916546
64160.0,-6833.163077672322
64161.0,-6833.1791224281
64162.0,-6833.195167183876
64163.0,-6833.2112119396525
64164.0,-6833.22725669543
64165.0,-6833.243301451206
64166.0,-6833.259346206983
64167.0,-6833.27539096276
64168.0,-6833.291435718536
64169.0,-6833.307480474313
64170.0,-6833.32352523009
64171.0,-6833.339569985867
64172.0,-6833.355614741643
64173.0,-6833.37165949742
64174.0,-6833.387704253197
64175.0,-6833.403749008973
64176.0,-6833.4197937647505
64177.0,-6833.435838520527
64178.0,-6833.451883276303
64179.0,-6833.467928032081
64180.0,-6833.483972787857
64181.0,-6833.5000175436335
64182.0,-6833.516062299411
64183.0,-6833.532107055187
64184.0,-6833.548151810964
64185.0,-6833.564196566741
64186.0,-6833.580241322517
64187.0,-6833.596286078294
64188.0,-6833.612330834071
64189.0,-6833.628375589848
64190.0,-6833.644420345624
64191.0,-6833.660465101401
64192.0,-6833.676509857178
64193.0,-6833.692554612954
64194.0,-6833.7085993687315
64195.0,-6833.724644124508
64196.0,-6833.740688880284
64197.0,-6833.756733636062
64198.0,-6833.772778391838
64199.0,-6833.7888231476145
64200.0,-6833.804867903392
64201.0,-6833.820912659168
64202.0,-6833.836957414945
64203.0,-6833.853002170722
64204.0,-6833.869046926498
64205.0,-6833.885091682275
64206.0,-6833.901136438052
64207.0,-6833.917181193829
64208.0,-6833.933225949605
64209.0,-6833.949270705382
64210.0,-6833.965315461159
64211.0,-6833.981360216935
64212.0,-6833.9974049727125
64213.0,-6834.013449728489
64214.0,-6834.029494484265
64215.0,-6834.045539240043
64216.0,-6834.061583995819
64217.0,-6834.0776287515955
64218.0,-6834.093673507373
64219.0,-6834.109718263149
64220.0,-6834.125763018926
64221.0,-6834.141807774703
64222.0,-6834.157852530479
64223.0,-6834.173897286256
64224.0,-6834.189942042033
64225.0,-6834.20598679781
64226.0,-6834.222031553586
64227.0,-6834.238076309363
64228.0,-6834.25412106514
64229.0,-6834.270165820916
64230.0,-6834.2862105766935
64231.0,-6834.30225533247
64232.0,-6834.318300088246
64233.0,-6834.334344844024
64234.0,-6834.3503895998
64235.0,-6834.3664343555765
64236.0,-6834.382479111354
64237.0,-6834.39852386713
64238.0,-6834.414568622907
64239.0,-6834.430613378684
64240.0,-6834.44665813446
64241.0,-6834.462702890237
64242.0,-6834.478747646014
64243.0,-6834.494792401791
64244.0,-6834.510837157567
64245.0,-6834.526881913344
64246.0,-6834.542926669121
64247.0,-6834.558971424897
64248.0,-6834.5750161806745
64249.0,-6834.591060936451
64250.0,-6834.607105692227
64251.0,-6834.623150448005
64252.0,-6834.639195203781
64253.0,-6834.655239959558
64254.0,-6834.671284715335
64255.0,-6834.687329471111
64256.0,-6834.703374226888
64257.0,-6834.719418982665
64258.0,-6834.7354637384415
64259.0,-6834.751508494218
64260.0,-6834.767553249995
64261.0,-6834.783598005772
64262.0,-6834.799642761548
64263.0,-6834.815687517325
64264.0,-6834.831732273102
64265.0,-6834.847777028878
64266.0,-6834.863821784656
64267.0,-6834.879866540432
64268.0,-6834.895911296208
64269.0,-6834.911956051986
64270.0,-6834.928000807762
64271.0,-6834.944045563539
64272.0,-6834.960090319316
64273.0,-6834.976135075092
64274.0,-6834.992179830869
64275.0,-6835.008224586646
64276.0,-6835.0242693424225
64277.0,-6835.040314098199
64278.0,-6835.056358853976
64279.0,-6835.072403609753
64280.0,-6835.088448365529
64281.0,-6835.104493121306
64282.0,-6835.120537877083
64283.0,-6835.136582632859
64284.0,-6835.152627388637
64285.0,-6835.168672144413
64286.0,-6835.184716900189
64287.0,-6835.200761655967
64288.0,-6835.216806411743
64289.0,-6835.23285116752
64290.0,-6835.248895923297
64291.0,-6835.264940679073
64292.0,-6835.28098543485
64293.0,-6835.297030190627
64294.0,-6835.3130749464035
64295.0,-6835.32911970218
64296.0,-6835.345164457957
64297.0,-6835.361209213734
64298.0,-6835.37725396951
64299.0,-6835.393298725287
64300.0,-6835.409343481064
64301.0,-6835.42538823684
64302.0,-6835.441432992618
64303.0,-6835.457477748394
64304.0,-6835.47352250417
64305.0,-6835.489567259948
64306.0,-6835.505612015724
64307.0,-6835.521656771501
64308.0,-6835.537701527278
64309.0,-6835.553746283054
64310.0,-6835.569791038831
64311.0,-6835.585835794608
64312.0,-6835.6018805503845
64313.0,-6835.617925306161
64314.0,-6835.633970061938
64315.0,-6835.650014817715
64316.0,-6835.666059573491
64317.0,-6835.682104329268
64318.0,-6835.698149085045
64319.0,-6835.714193840821
64320.0,-6835.730238596599
64321.0,-6835.746283352375
64322.0,-6835.762328108151
64323.0,-6835.778372863929
64324.0,-6835.794417619705
64325.0,-6835.810462375482
64326.0,-6835.826507131259
64327.0,-6835.842551887035
64328.0,-6835.858596642812
64329.0,-6835.874641398589
64330.0,-6835.8906861543655
64331.0,-6835.906730910142
64332.0,-6835.922775665919
64333.0,-6835.938820421696
64334.0,-6835.954865177472
64335.0,-6835.9709099332495
64336.0,-6835.986954689026
64337.0,-6836.002999444802
64338.0,-6836.01904420058
64339.0,-6836.035088956356
64340.0,-6836.0511337121325
64341.0,-6836.06717846791
64342.0,-6836.083223223686
64343.0,-6836.099267979463
64344.0,-6836.11531273524
64345.0,-6836.131357491016
64346.0,-6836.147402246793
64347.0,-6836.16344700257
64348.0,-6836.179491758347
64349.0,-6836.195536514123
64350.0,-6836.2115812699
64351.0,-6836.227626025677
64352.0,-6836.243670781453
64353.0,-6836.2597155372305
64354.0,-6836.275760293007
64355.0,-6836.291805048783
64356.0,-6836.307849804561
64357.0,-6836.323894560337
64358.0,-6836.3399393161135
64359.0,-6836.355984071891
64360.0,-6836.372028827667
64361.0,-6836.388073583444
64362.0,-6836.404118339221
64363.0,-6836.420163094997
64364.0,-6836.436207850774
64365.0,-6836.452252606551
64366.0,-6836.468297362328
64367.0,-6836.484342118104
64368.0,-6836.500386873881
64369.0,-6836.516431629658
64370.0,-6836.532476385434
64371.0,-6836.5485211412115
64372.0,-6836.564565896988
64373.0,-6836.580610652764
64374.0,-6836.596655408542
64375.0,-6836.612700164318
64376.0,-6836.6287449200945
64377.0,-6836.644789675872
64378.0,-6836.660834431648
64379.0,-6836.676879187425
64380.0,-6836.692923943202
64381.0,-6836.708968698978
64382.0,-6836.725013454755
64383.0,-6836.741058210532
64384.0,-6836.757102966309
64385.0,-6836.773147722085
64386.0,-6836.789192477862
64387.0,-6836.805237233639
64388.0,-6836.821281989415
64389.0,-6836.8373267451925
64390.0,-6836.853371500969
64391.0,-6836.869416256745
64392.0,-6836.885461012523
64393.0,-6836.901505768299
64394.0,-6836.9175505240755
64395.0,-6836.933595279853
64396.0,-6836.949640035629
64397.0,-6836.965684791406
64398.0,-6836.981729547183
64399.0,-6836.997774302959
64400.0,-6837.013819058736
64401.0,-6837.029863814513
64402.0,-6837.04590857029
64403.0,-6837.061953326066
64404.0,-6837.077998081843
64405.0,-6837.09404283762
64406.0,-6837.110087593396
64407.0,-6837.1261323491735
64408.0,-6837.14217710495
64409.0,-6837.158221860726
64410.0,-6837.174266616504
64411.0,-6837.19031137228
64412.0,-6837.2063561280565
64413.0,-6837.222400883834
64414.0,-6837.23844563961
64415.0,-6837.254490395387
64416.0,-6837.270535151164
64417.0,-6837.2865799069405
64418.0,-6837.302624662717
64419.0,-6837.318669418494
64420.0,-6837.334714174271
64421.0,-6837.350758930047
64422.0,-6837.366803685824
64423.0,-6837.382848441601
64424.0,-6837.398893197377
64425.0,-6837.414937953155
64426.0,-6837.430982708931
64427.0,-6837.447027464707
64428.0,-6837.463072220485
64429.0,-6837.479116976261
64430.0,-6837.495161732038
64431.0,-6837.511206487815
64432.0,-6837.527251243591
64433.0,-6837.543295999368
64434.0,-6837.559340755145
64435.0,-6837.5753855109215
64436.0,-6837.591430266698
64437.0,-6837.607475022475
64438.0,-6837.623519778252
64439.0,-6837.639564534028
64440.0,-6837.655609289805
64441.0,-6837.671654045582
64442.0,-6837.687698801358
64443.0,-6837.703743557136
64444.0,-6837.719788312912
64445.0,-6837.735833068688
64446.0,-6837.751877824466
64447.0,-6837.767922580242
64448.0,-6837.783967336019
64449.0,-6837.800012091796
64450.0,-6837.816056847572
64451.0,-6837.832101603349
64452.0,-6837.848146359126
64453.0,-6837.8641911149025
64454.0,-6837.880235870679
64455.0,-6837.896280626456
64456.0,-6837.912325382233
64457.0,-6837.928370138009
64458.0,-6837.944414893786
64459.0,-6837.960459649563
64460.0,-6837.976504405339
64461.0,-6837.992549161117
64462.0,-6838.008593916893
64463.0,-6838.024638672669
64464.0,-6838.040683428447
64465.0,-6838.056728184223
64466.0,-6838.07277294
64467.0,-6838.088817695777
64468.0,-6838.104862451553
64469.0,-6838.12090720733
64470.0,-6838.136951963107
64471.0,-6838.1529967188835
64472.0,-6838.16904147466
64473.0,-6838.185086230437
64474.0,-6838.201130986214
64475.0,-6838.21717574199
64476.0,-6838.233220497767
64477.0,-6838.249265253544
64478.0,-6838.26531000932
64479.0,-6838.281354765098
64480.0,-6838.297399520874
64481.0,-6838.31344427665
64482.0,-6838.329489032428
64483.0,-6838.345533788204
64484.0,-6838.361578543981
64485.0,-6838.377623299758
64486.0,-6838.393668055534
64487.0,-6838.409712811311
64488.0,-6838.425757567088
64489.0,-6838.4418023228645
64490.0,-6838.457847078641
64491.0,-6838.473891834418
64492.0,-6838.489936590195
64493.0,-6838.505981345971
64494.0,-6838.522026101748
64495.0,-6838.538070857525
64496.0,-6838.554115613301
64497.0,-6838.570160369079
64498.0,-6838.586205124855
64499.0,-6838.6022498806315
64500.0,-6838.618294636409
64501.0,-6838.634339392185
64502.0,-6838.650384147962
64503.0,-6838.666428903739
64504.0,-6838.682473659515
64505.0,-6838.698518415292
64506.0,-6838.714563171069
64507.0,-6838.730607926846
64508.0,-6838.746652682622
64509.0,-6838.762697438399
64510.0,-6838.778742194176
64511.0,-6838.794786949952
64512.0,-6838.8108317057295
64513.0,-6838.8451171815395
64514.0,-6838.87940265735
64515.0,-6838.913688133161
64516.0,-6838.947973608971
64517.0,-6838.982259084781
64518.0,-6839.016544560592
64519.0,-6839.050830036402
64520.0,-6839.085115512212
64521.0,-6839.119400988023
64522.0,-6839.153686463833
64523.0,-6839.187971939643
64524.0,-6839.222257415454
64525.0,-6839.256542891264
64526.0,-6839.290828367074
64527.0,-6839.325113842885
64528.0,-6839.359399318695
64529.0,-6839.393684794505
64530.0,-6839.427970270316
64531.0,-6839.462255746126
64532.0,-6839.496541221936
64533.0,-6839.530826697747
64534.0,-6839.565112173557
64535.0,-6839.599397649367
64536.0,-6839.633683125178
64537.0,-6839.667968600988
64538.0,-6839.702254076798
64539.0,-6839.736539552609
64540.0,-6839.7708250284195
64541.0,-6839.80511050423
64542.0,-6839.8393959800405
64543.0,-6839.873681455851
64544.0,-6839.907966931661
64545.0,-6839.942252407472
64546.0,-6839.976537883282
64547.0,-6840.010823359092
64548.0,-6840.045108834903
64549.0,-6840.079394310713
64550.0,-6840.113679786523
64551.0,-6840.147965262334
64552.0,-6840.182250738144
64553.0,-6840.216536213954
64554.0,-6840.250821689765
64555.0,-6840.285107165575
64556.0,-6840.319392641385
64557.0,-6840.353678117196
64558.0,-6840.387963593006
64559.0,-6840.422249068816
64560.0,-6840.456534544627
64561.0,-6840.490820020437
64562.0,-6840.525105496247
64563.0,-6840.559390972058
64564.0,-6840.593676447868
64565.0,-6840.627961923678
64566.0,-6840.662247399489
64567.0,-6840.696532875299
64568.0,-6840.7308183511095
64569.0,-6840.7651038269205
64570.0,-6840.799389302731
64571.0,-6840.833674778541
64572.0,-6840.867960254352
64573.0,-6840.902245730162
64574.0,-6840.936531205972
64575.0,-6840.970816681783
64576.0,-6841.005102157593
64577.0,-6841.039387633403
64578.0,-6841.073673109214
64579.0,-6841.107958585024
64580.0,-6841.142244060834
64581.0,-6841.176529536645
64582.0,-6841.210815012455
64583.0,-6841.245100488265
64584.0,-6841.279385964076
64585.0,-6841.313671439886
64586.0,-6841.347956915696
64587.0,-6841.382242391507
64588.0,-6841.416527867317
64589.0,-6841.450813343127
64590.0,-6841.485098818938
64591.0,-6841.519384294748
64592.0,-6841.553669770558
64593.0,-6841.587955246369
64594.0,-6841.622240722179
64595.0,-6841.6565261979895
64596.0,-6841.6908116738
64597.0,-6841.7250971496105
64598.0,-6841.759382625421
64599.0,-6841.793668101232
64600.0,-6841.827953577042
64601.0,-6841.862239052852
64602.0,-6841.896524528663
64603.0,-6841.930810004473
64604.0,-6841.965095480283
64605.0,-6841.999380956094
64606.0,-6842.033666431904
64607.0,-6842.067951907714
64608.0,-6842.102237383525
64609.0,-6842.136522859335
64610.0,-6842.170808335145
64611.0,-6842.205093810956
64612.0,-6842.239379286766
64613.0,-6842.273664762576
64614.0,-6842.307950238387
64615.0,-6842.342235714197
64616.0,-6842.376521190007
64617.0,-6842.410806665818
64618.0,-6842.445092141628
64619.0,-6842.479377617438
64620.0,-6842.513663093249
64621.0,-6842.547948569059
64622.0,-6842.582234044869
64623.0,-6842.61651952068
64624.0,-6842.6508049964905
64625.0,-6842.6850904723005
64626.0,-6842.7193759481115
64627.0,-6842.753661423922
64628.0,-6842.787946899732
64629.0,-6842.822232375543
64630.0,-6842.856517851353
64631.0,-6842.890803327163
64632.0,-6842.925088802974
64633.0,-6842.959374278784
64634.0,-6842.993659754594
64635.0,-6843.027945230405
64636.0,-6843.062230706215
64637.0,-6843.096516182025
64638.0,-6843.130801657836
64639.0,-6843.165087133646
64640.0,-6843.199372609456
64641.0,-6843.233658085267
64642.0,-6843.267943561077
64643.0,-6843.302229036887
64644.0,-6843.336514512698
64645.0,-6843.370799988508
64646.0,-6843.405085464318
64647.0,-6843.439370940129
64648.0,-6843.473656415939
64649.0,-6843.507941891749
64650.0,-6843.54222736756
64651.0,-6843.57651284337
64652.0,-6843.6107983191805
64653.0,-6843.6450837949915
64654.0,-6843.6793692708015
64655.0,-6843.713654746612
64656.0,-6843.747940222423
64657.0,-6843.782225698233
64658.0,-6843.816511174043
64659.0,-6843.850796649854
64660.0,-6843.885082125664
64661.0,-6843.919367601474
64662.0,-6843.953653077285
64663.0,-6843.987938553095
64664.0,-6844.022224028905
64665.0,-6844.056509504716
64666.0,-6844.090794980526
64667.0,-6844.125080456336
64668.0,-6844.159365932147
64669.0,-6844.193651407957
64670.0,-6844.227936883767
64671.0,-6844.262222359578
64672.0,-6844.296507835388
64673.0,-6844.330793311198
64674.0,-6844.365078787009
64675.0,-6844.399364262819
64676.0,-6844.433649738629
64677.0,-6844.46793521444
64678.0,-6844.50222069025
64679.0,-6844.5365061660605
64680.0,-6844.570791641871
64681.0,-6844.6050771176815
64682.0,-6844.639362593492
64683.0,-6844.6736480693025
64684.0,-6844.707933545113
64685.0,-6844.742219020923
64686.0,-6844.776504496734
64687.0,-6844.810789972544
64688.0,-6844.845075448354
64689.0,-6844.879360924165
64690.0,-6844.913646399975
64691.0,-6844.947931875785
64692.0,-6844.982217351596
64693.0,-6845.016502827406
64694.0,-6845.050788303216
64695.0,-6845.085073779027
64696.0,-6845.119359254837
64697.0,-6845.153644730647
64698.0,-6845.187930206458
64699.0,-6845.222215682268
64700.0,-6845.256501158078
64701.0,-6845.290786633889
64702.0,-6845.325072109699
64703.0,-6845.359357585509
64704.0,-6845.39364306132
64705.0,-6845.42792853713
64706.0,-6845.46221401294
64707.0,-6845.496499488751
64708.0,-6845.5307849645615
64709.0,-6845.5650704403715
64710.0,-6845.5993559161825
64711.0,-6845.633641391993
64712.0,-6845.667926867803
64713.0,-6845.702212343614
64714.0,-6845.736497819424
64715.0,-6845.770783295234
64716.0,-6845.805068771045
64717.0,-6845.839354246855
64718.0,-6845.873639722665
64719.0,-6845.907925198476
64720.0,-6845.942210674286
64721.0,-6845.976496150096
64722.0,-6846.010781625907
64723.0,-6846.045067101717
64724.0,-6846.079352577527
64725.0,-6846.113638053338
64726.0,-6846.147923529148
64727.0,-6846.182209004958
64728.0,-6846.216494480769
64729.0,-6846.250779956579
64730.0,-6846.285065432389
64731.0,-6846.3193509082
64732.0,-6846.35363638401
64733.0,-6846.38792185982
64734.0,-6846.422207335631
64735.0,-6846.456492811441
64736.0,-6846.4907782872515
64737.0,-6846.5250637630625
64738.0,-6846.5593492388725
64739.0,-6846.593634714683
64740.0,-6846.627920190494
64741.0,-6846.662205666304
64742.0,-6846.696491142114
64743.0,-6846.730776617925
64744.0,-6846.765062093735
64745.0,-6846.799347569545
64746.0,-6846.833633045356
64747.0,-6846.867918521166
64748.0,-6846.902203996976
64749.0,-6846.936489472787
64750.0,-6846.970774948597
64751.0,-6847.005060424407
64752.0,-6847.039345900218
64753.0,-6847.073631376028
64754.0,-6847.107916851838
64755.0,-6847.142202327649
64756.0,-6847.176487803459
64757.0,-6847.210773279269
64758.0,-6847.24505875508
64759.0,-6847.27934423089
64760.0,-6847.3136297067
64761.0,-6847.347915182511
64762.0,-6847.382200658321
64763.0,-6847.416486134131
64764.0,-6847.450771609942
64765.0,-6847.4850570857525
64766.0,-6847.519342561563
64767.0,-6847.5536280373735
64768.0,-6847.587913513184
64769.0,-6847.622198988994
64770.0,-6847.656484464805
64771.0,-6847.690769940615
64772.0,-6847.725055416425
64773.0,-6847.759340892236
64774.0,-6847.793626368046
64775.0,-6847.827911843856
64776.0,-6847.862197319667
64777.0,-6847.896482795477
64778.0,-6847.930768271287
64779.0,-6847.965053747098
64780.0,-6847.999339222908
64781.0,-6848.033624698718
64782.0,-6848.067910174529
64783.0,-6848.102195650339
64784.0,-6848.136481126149
64785.0,-6848.17076660196
64786.0,-6848.20505207777
64787.0,-6848.23933755358
64788.0,-6848.273623029391
64789.0,-6848.307908505201
64790.0,-6848.342193981011
64791.0,-6848.376479456822
64792.0,-6848.410764932632
64793.0,-6848.4450504084425
64794.0,-6848.4793358842535
64795.0,-6848.513621360064
64796.0,-6848.547906835874
64797.0,-6848.582192311685
64798.0,-6848.616477787495
64799.0,-6848.650763263305
64800.0,-6848.685048739116
64801.0,-6848.719334214926
64802.0,-6848.753619690736
64803.0,-6848.787905166547
64804.0,-6848.822190642357
64805.0,-6848.856476118167
64806.0,-6848.890761593978
64807.0,-6848.925047069788
64808.0,-6848.959332545598
64809.0,-6848.993618021409
64810.0,-6849.027903497219
64811.0,-6849.062188973029
64812.0,-6849.09647444884
64813.0,-6849.13075992465
64814.0,-6849.16504540046
64815.0,-6849.199330876271
64816.0,-6849.233616352081
64817.0,-6849.267901827891
64818.0,-6849.302187303702
64819.0,-6849.336472779512
64820.0,-6849.3707582553225
64821.0,-6849.405043731133
64822.0,-6849.4393292069435
64823.0,-6849.473614682754
64824.0,-6849.507900158565
64825.0,-6849.542185634375
64826.0,-6849.576471110185
64827.0,-6849.610756585996
64828.0,-6849.645042061806
64829.0,-6849.679327537616
64830.0,-6849.713613013427
64831.0,-6849.747898489237
64832.0,-6849.782183965047
64833.0,-6849.816469440858
64834.0,-6849.850754916668
64835.0,-6849.885040392478
64836.0,-6849.919325868289
64837.0,-6849.953611344099
64838.0,-6849.987896819909
64839.0,-6850.02218229572
64840.0,-6850.05646777153
64841.0,-6850.09075324734
64842.0,-6850.125038723151
64843.0,-6850.159324198961
64844.0,-6850.193609674771
64845.0,-6850.227895150582
64846.0,-6850.262180626392
64847.0,-6850.296466102202
64848.0,-6850.330751578013
64849.0,-6850.3650370538235
64850.0,-6850.3993225296335
64851.0,-6850.4336080054445
64852.0,-6850.467893481255
64853.0,-6850.502178957065
64854.0,-6850.536464432876
64855.0,-6850.570749908686
64856.0,-6850.605035384496
64857.0,-6850.639320860307
64858.0,-6850.673606336117
64859.0,-6850.707891811927
64860.0,-6850.742177287738
64861.0,-6850.776462763548
64862.0,-6850.810748239358
64863.0,-6850.845033715169
64864.0,-6850.879319190979
64865.0,-6850.913604666789
64866.0,-6850.9478901426
64867.0,-6850.98217561841
64868.0,-6851.01646109422
64869.0,-6851.050746570031
64870.0,-6851.085032045841
64871.0,-6851.119317521651
64872.0,-6851.153602997462
64873.0,-6851.187888473272
64874.0,-6851.222173949082
64875.0,-6851.256459424893
64876.0,-6851.290744900703
64877.0,-6851.3250303765135
64878.0,-6851.3593158523245
64879.0,-6851.3936013281345
64880.0,-6851.427886803945
64881.0,-6851.462172279756
64882.0,-6851.496457755566
64883.0,-6851.530743231376
64884.0,-6851.565028707187
64885.0,-6851.599314182997
64886.0,-6851.633599658807
64887.0,-6851.667885134618
64888.0,-6851.702170610428
64889.0,-6851.736456086238
64890.0,-6851.770741562049
64891.0,-6851.805027037859
64892.0,-6851.839312513669
64893.0,-6851.87359798948
64894.0,-6851.90788346529
64895.0,-6851.9421689411
64896.0,-6851.976454416911
64897.0,-6852.010739892721
64898.0,-6852.045025368531
64899.0,-6852.079310844342
64900.0,-6852.113596320152
64901.0,-6852.147881795962
64902.0,-6852.182167271773
64903.0,-6852.216452747583
64904.0,-6852.2507382233935
64905.0,-6852.285023699204
64906.0,-6852.3193091750145
64907.0,-6852.353594650825
64908.0,-6852.3878801266355
64909.0,-6852.422165602446
64910.0,-6852.456451078256
64911.0,-6852.490736554067
64912.0,-6852.525022029877
64913.0,-6852.559307505687
64914.0,-6852.593592981498
64915.0,-6852.627878457308
64916.0,-6852.662163933118
64917.0,-6852.696449408929
64918.0,-6852.730734884739
64919.0,-6852.765020360549
64920.0,-6852.79930583636
64921.0,-6852.83359131217
64922.0,-6852.86787678798
64923.0,-6852.902162263791
64924.0,-6852.936447739601
64925.0,-6852.970733215411
64926.0,-6853.005018691222
64927.0,-6853.039304167032
64928.0,-6853.073589642842
64929.0,-6853.107875118653
64930.0,-6853.142160594463
64931.0,-6853.176446070273
64932.0,-6853.210731546084
64933.0,-6853.2450170218945
64934.0,-6853.2793024977045
64935.0,-6853.3135879735155
64936.0,-6853.347873449326
64937.0,-6853.382158925136
64938.0,-6853.416444400947
64939.0,-6853.450729876757
64940.0,-6853.485015352567
64941.0,-6853.519300828378
64942.0,-6853.553586304188
64943.0,-6853.587871779998
64944.0,-6853.622157255809
64945.0,-6853.656442731619
64946.0,-6853.690728207429
64947.0,-6853.72501368324
64948.0,-6853.75929915905
64949.0,-6853.79358463486
64950.0,-6853.827870110671
64951.0,-6853.862155586481
64952.0,-6853.896441062291
64953.0,-6853.930726538102
64954.0,-6853.965012013912
64955.0,-6853.999297489722
64956.0,-6854.033582965533
64957.0,-6854.067868441343
64958.0,-6854.102153917153
64959.0,-6854.136439392964
64960.0,-6854.170724868774
64961.0,-6854.2050103445845
64962.0,-6854.2392958203955
64963.0,-6854.2735812962055
64964.0,-6854.307866772016
64965.0,-6854.342152247827
64966.0,-6854.376437723637
64967.0,-6854.410723199447
64968.0,-6854.445008675258
64969.0,-6854.479294151068
64970.0,-6854.513579626878
64971.0,-6854.547865102689
64972.0,-6854.582150578499
64973.0,-6854.616436054309
64974.0,-6854.65072153012
64975.0,-6854.68500700593
64976.0,-6854.71929248174
64977.0,-6854.753577957551
64978.0,-6854.787863433361
64979.0,-6854.822148909171
64980.0,-6854.856434384982
64981.0,-6854.890719860792
64982.0,-6854.925005336602
64983.0,-6854.959290812413
64984.0,-6854.993576288223
64985.0,-6855.027861764033
64986.0,-6855.062147239844
64987.0,-6855.096432715654
64988.0,-6855.130718191464
64989.0,-6855.165003667275
64990.0,-6855.1992891430855
64991.0,-6855.233574618896
64992.0,-6855.2678600947065
64993.0,-6855.302145570517
64994.0,-6855.336431046327
64995.0,-6855.370716522138
64996.0,-6855.405001997948
64997.0,-6855.439287473758
64998.0,-6855.473572949569
64999.0,-6855.507858425379
65000.0,-6855.542143901189
65001.0,-6855.576429377
65002.0,-6855.61071485281
65003.0,-6855.64500032862
65004.0,-6855.679285804431
65005.0,-6855.713571280241
65006.0,-6855.747856756051
65007.0,-6855.782142231862
65008.0,-6855.816427707672
65009.0,-6855.850713183482
65010.0,-6855.884998659293
65011.0,-6855.919284135103
65012.0,-6855.953569610913
65013.0,-6855.987855086724
65014.0,-6856.022140562534
65015.0,-6856.056426038344
65016.0,-6856.090711514155
65017.0,-6856.124996989965
65018.0,-6856.1592824657755
65019.0,-6856.1935679415865
65020.0,-6856.227853417397
65021.0,-6856.262138893207
65022.0,-6856.296424369018
65023.0,-6856.330709844828
65024.0,-6856.364995320638
65025.0,-6856.399280796449
65026.0,-6856.433566272259
65027.0,-6856.467851748069
65028.0,-6856.50213722388
65029.0,-6856.53642269969
65030.0,-6856.5707081755
65031.0,-6856.604993651311
65032.0,-6856.639279127121
65033.0,-6856.673564602931
65034.0,-6856.707850078742
65035.0,-6856.742135554552
65036.0,-6856.776421030362
65037.0,-6856.810706506173
65038.0,-6856.844991981983
65039.0,-6856.879277457793
65040.0,-6856.913562933604
65041.0,-6856.947848409414
65042.0,-6856.982133885224
65043.0,-6857.016419361035
65044.0,-6857.050704836845
65045.0,-6857.0849903126555
65046.0,-6857.119275788466
65047.0,-6857.1535612642765
65048.0,-6857.187846740087
65049.0,-6857.222132215898
65050.0,-6857.256417691708
65051.0,-6857.290703167518
65052.0,-6857.324988643329
65053.0,-6857.359274119139
65054.0,-6857.393559594949
65055.0,-6857.42784507076
65056.0,-6857.46213054657
65057.0,-6857.49641602238
65058.0,-6857.530701498191
65059.0,-6857.564986974001
65060.0,-6857.599272449811
65061.0,-6857.633557925622
65062.0,-6857.667843401432
65063.0,-6857.702128877242
65064.0,-6857.736414353053
65065.0,-6857.770699828863
65066.0,-6857.804985304673
65067.0,-6857.839270780484
65068.0,-6857.873556256294
65069.0,-6857.907841732104
65070.0,-6857.942127207915
65071.0,-6857.976412683725
65072.0,-6858.010698159535
65073.0,-6858.044983635346
65074.0,-6858.0792691111565
65075.0,-6858.1135545869665
65076.0,-6858.1478400627775
65077.0,-6858.182125538588
65078.0,-6858.216411014398
65079.0,-6858.250696490209
65080.0,-6858.284981966019
65081.0,-6858.319267441829
65082.0,-6858.35355291764
65083.0,-6858.38783839345
65084.0,-6858.42212386926
65085.0,-6858.456409345071
65086.0,-6858.490694820881
65087.0,-6858.524980296691
65088.0,-6858.559265772502
65089.0,-6858.593551248312
65090.0,-6858.627836724122
65091.0,-6858.662122199933
65092.0,-6858.696407675743
65093.0,-6858.730693151553
65094.0,-6858.764978627364
65095.0,-6858.799264103174
65096.0,-6858.833549578984
65097.0,-6858.867835054795
65098.0,-6858.902120530605
65099.0,-6858.936406006415
65100.0,-6858.970691482226
65101.0,-6859.004976958036
65102.0,-6859.0392624338465
65103.0,-6859.0735479096575
65104.0,-6859.1078333854675
65105.0,-6859.142118861278
65106.0,-6859.176404337089
65107.0,-6859.210689812899
65108.0,-6859.244975288709
65109.0,-6859.27926076452
65110.0,-6859.31354624033
65111.0,-6859.34783171614
65112.0,-6859.382117191951
65113.0,-6859.416402667761
65114.0,-6859.450688143571
65115.0,-6859.484973619382
65116.0,-6859.519259095192
65117.0,-6859.553544571002
65118.0,-6859.587830046813
65119.0,-6859.622115522623
65120.0,-6859.656400998433
65121.0,-6859.690686474244
65122.0,-6859.724971950054
65123.0,-6859.759257425864
65124.0,-6859.793542901675
65125.0,-6859.827828377485
65126.0,-6859.862113853295
65127.0,-6859.896399329106
65128.0,-6859.930684804916
65129.0,-6859.964970280726
65130.0,-6859.999255756537
65131.0,-6860.0335412323475
65132.0,-6860.067826708158
65133.0,-6860.1021121839685
65134.0,-6860.136397659779
65135.0,-6860.170683135589
65136.0,-6860.2049686114
65137.0,-6860.23925408721
65138.0,-6860.27353956302
65139.0,-6860.307825038831
65140.0,-6860.342110514641
65141.0,-6860.376395990451
65142.0,-6860.410681466262
65143.0,-6860.444966942072
65144.0,-6860.479252417882
65145.0,-6860.513537893693
65146.0,-6860.547823369503
65147.0,-6860.582108845313
65148.0,-6860.616394321124
65149.0,-6860.650679796934
65150.0,-6860.684965272744
65151.0,-6860.719250748555
65152.0,-6860.753536224365
65153.0,-6860.787821700175
65154.0,-6860.822107175986
65155.0,-6860.856392651796
65156.0,-6860.890678127606
65157.0,-6860.924963603417
65158.0,-6860.959249079227
65159.0,-6860.9935345550375
65160.0,-6861.0278200308485
65161.0,-6861.062105506659
65162.0,-6861.096390982469
65163.0,-6861.13067645828
65164.0,-6861.16496193409
65165.0,-6861.1992474099
65166.0,-6861.233532885711
65167.0,-6861.267818361521
65168.0,-6861.302103837331
65169.0,-6861.336389313142
65170.0,-6861.370674788952
65171.0,-6861.404960264762
65172.0,-6861.439245740573
65173.0,-6861.473531216383
65174.0,-6861.507816692193
65175.0,-6861.542102168004
65176.0,-6861.576387643814
65177.0,-6861.610673119624
65178.0,-6861.644958595435
65179.0,-6861.679244071245
65180.0,-6861.713529547055
65181.0,-6861.747815022866
65182.0,-6861.782100498676
65183.0,-6861.816385974486
65184.0,-6861.850671450297
65185.0,-6861.884956926107
65186.0,-6861.9192424019175
65187.0,-6861.953527877728
65188.0,-6861.9878133535385
65189.0,-6862.022098829349
65190.0,-6862.05638430516
65191.0,-6862.09066978097
65192.0,-6862.12495525678
65193.0,-6862.159240732591
65194.0,-6862.193526208401
65195.0,-6862.227811684211
65196.0,-6862.262097160022
65197.0,-6862.296382635832
65198.0,-6862.330668111642
65199.0,-6862.364953587453
65200.0,-6862.399239063263
65201.0,-6862.433524539073
65202.0,-6862.467810014884
65203.0,-6862.502095490694
65204.0,-6862.536380966504
65205.0,-6862.570666442315
65206.0,-6862.604951918125
65207.0,-6862.639237393935
65208.0,-6862.673522869746
65209.0,-6862.707808345556
65210.0,-6862.742093821366
65211.0,-6862.776379297177
65212.0,-6862.810664772987
65213.0,-6862.844950248797
65214.0,-6862.879235724608
65215.0,-6862.9135212004185
65216.0,-6862.9478066762285
65217.0,-6862.9820921520395
65218.0,-6863.01637762785
65219.0,-6863.05066310366
65220.0,-6863.084948579471
65221.0,-6863.119234055281
65222.0,-6863.153519531091
65223.0,-6863.187805006902
65224.0,-6863.222090482712
65225.0,-6863.256375958522
65226.0,-6863.290661434333
65227.0,-6863.324946910143
65228.0,-6863.359232385953
65229.0,-6863.393517861764
65230.0,-6863.427803337574
65231.0,-6863.462088813384
65232.0,-6863.496374289195
65233.0,-6863.530659765005
65234.0,-6863.564945240815
65235.0,-6863.599230716626
65236.0,-6863.633516192436
65237.0,-6863.667801668246
65238.0,-6863.702087144057
65239.0,-6863.736372619867
65240.0,-6863.770658095677
65241.0,-6863.804943571488
65242.0,-6863.839229047298
65243.0,-6863.8735145231085
65244.0,-6863.9077999989195
65245.0,-6863.9420854747295
65246.0,-6863.97637095054
65247.0,-6864.010656426351
65248.0,-6864.044941902161
65249.0,-6864.079227377971
65250.0,-6864.113512853782
65251.0,-6864.147798329592
65252.0,-6864.182083805402
65253.0,-6864.216369281213
65254.0,-6864.250654757023
65255.0,-6864.284940232833
65256.0,-6864.319225708644
65257.0,-6864.353511184454
65258.0,-6864.387796660264
65259.0,-6864.422082136075
65260.0,-6864.456367611885
65261.0,-6864.490653087695
65262.0,-6864.524938563506
65263.0,-6864.559224039316
65264.0,-6864.593509515126
65265.0,-6864.627794990937
65266.0,-6864.662080466747
65267.0,-6864.696365942557
65268.0,-6864.730651418368
65269.0,-6864.764936894178
65270.0,-6864.7992223699885
65271.0,-6864.833507845799
65272.0,-6864.8677933216095
65273.0,-6864.90207879742
65274.0,-6864.9363642732305
65275.0,-6864.970649749041
65276.0,-6865.004935224851
65277.0,-6865.039220700662
65278.0,-6865.073506176472
65279.0,-6865.107791652282
65280.0,-6865.142077128093
65281.0,-6865.176362603903
65282.0,-6865.210648079713
65283.0,-6865.244933555524
65284.0,-6865.279219031334
65285.0,-6865.313504507144
65286.0,-6865.347789982955
65287.0,-6865.382075458765
65288.0,-6865.416360934575
65289.0,-6865.450646410386
65290.0,-6865.484931886196
65291.0,-6865.519217362006
65292.0,-6865.553502837817
65293.0,-6865.587788313627
65294.0,-6865.622073789437
65295.0,-6865.656359265248
65296.0,-6865.690644741058
65297.0,-6865.724930216868
65298.0,-6865.759215692679
65299.0,-6865.7935011684895
65300.0,-6865.8277866442995
65301.0,-6865.8620721201105
65302.0,-6865.896357595921
65303.0,-6865.930643071731
65304.0,-6865.964928547542
65305.0,-6865.999214023352
65306.0,-6866.033499499162
65307.0,-6866.067784974973
65308.0,-6866.102070450783
65309.0,-6866.136355926593
65310.0,-6866.170641402404
65311.0,-6866.204926878214
65312.0,-6866.239212354024
65313.0,-6866.273497829835
65314.0,-6866.307783305645
65315.0,-6866.342068781455
65316.0,-6866.376354257266
65317.0,-6866.410639733076
65318.0,-6866.444925208886
65319.0,-6866.479210684697
65320.0,-6866.513496160507
65321.0,-6866.547781636317
65322.0,-6866.582067112128
65323.0,-6866.616352587938
65324.0,-6866.650638063748
65325.0,-6866.684923539559
65326.0,-6866.719209015369
65327.0,-6866.7534944911795
65328.0,-6866.7877799669905
65329.0,-6866.8220654428005
65330.0,-6866.856350918611
65331.0,-6866.890636394422
65332.0,-6866.924921870232
65333.0,-6866.959207346042
65334.0,-6866.993492821853
65335.0,-6867.027778297663
65336.0,-6867.062063773473
65337.0,-6867.096349249284
65338.0,-6867.130634725094
65339.0,-6867.164920200904
65340.0,-6867.199205676715
65341.0,-6867.233491152525
65342.0,-6867.267776628335
65343.0,-6867.302062104146
65344.0,-6867.336347579956
65345.0,-6867.370633055766
65346.0,-6867.404918531577
65347.0,-6867.439204007387
65348.0,-6867.473489483197
65349.0,-6867.507774959008
65350.0,-6867.542060434818
65351.0,-6867.576345910628
65352.0,-6867.610631386439
65353.0,-6867.644916862249
65354.0,-6867.679202338059
65355.0,-6867.71348781387
65356.0,-6867.7477732896805
65357.0,-6867.782058765491
65358.0,-6867.8163442413015
65359.0,-6867.850629717112
65360.0,-6867.884915192922
65361.0,-6867.919200668733
65362.0,-6867.953486144543
65363.0,-6867.987771620353
65364.0,-6868.022057096164
65365.0,-6868.056342571974
65366.0,-6868.090628047784
65367.0,-6868.124913523595
65368.0,-6868.159198999405
65369.0,-6868.193484475215
65370.0,-6868.227769951026
65371.0,-6868.262055426836
65372.0,-6868.296340902646
65373.0,-6868.330626378457
65374.0,-6868.364911854267
65375.0,-6868.399197330077
65376.0,-6868.433482805888
65377.0,-6868.467768281698
65378.0,-6868.502053757508
65379.0,-6868.536339233319
65380.0,-6868.570624709129
65381.0,-6868.604910184939
65382.0,-6868.63919566075
65383.0,-6868.67348113656
65384.0,-6868.7077666123705
65385.0,-6868.7420520881815
65386.0,-6868.776337563992
65387.0,-6868.810623039802
65388.0,-6868.844908515613
65389.0,-6868.879193991423
65390.0,-6868.913479467233
65391.0,-6868.947764943044
65392.0,-6868.982050418854
65393.0,-6869.016335894664
65394.0,-6869.050621370475
65395.0,-6869.084906846285
65396.0,-6869.119192322095
65397.0,-6869.153477797906
65398.0,-6869.187763273716
65399.0,-6869.222048749526
65400.0,-6869.256334225337
65401.0,-6869.290619701147
65402.0,-6869.324905176957
65403.0,-6869.359190652768
65404.0,-6869.393476128578
65405.0,-6869.427761604388
65406.0,-6869.462047080199
65407.0,-6869.496332556009
65408.0,-6869.530618031819
65409.0,-6869.56490350763
65410.0,-6869.59918898344
65411.0,-6869.6334744592505
65412.0,-6869.667759935061
65413.0,-6869.7020454108715
65414.0,-6869.736330886682
65415.0,-6869.770616362493
65416.0,-6869.804901838303
65417.0,-6869.839187314113
65418.0,-6869.873472789924
65419.0,-6869.907758265734
65420.0,-6869.942043741544
65421.0,-6869.976329217355
65422.0,-6870.010614693165
65423.0,-6870.044900168975
65424.0,-6870.079185644786
65425.0,-6870.113471120596
65426.0,-6870.147756596406
65427.0,-6870.182042072217
65428.0,-6870.216327548027
65429.0,-6870.250613023837
65430.0,-6870.284898499648
65431.0,-6870.319183975458
65432.0,-6870.353469451268
65433.0,-6870.387754927079
65434.0,-6870.422040402889
65435.0,-6870.456325878699
65436.0,-6870.49061135451
65437.0,-6870.52489683032
65438.0,-6870.55918230613
65439.0,-6870.593467781941
65440.0,-6870.6277532577515
65441.0,-6870.6620387335615
65442.0,-6870.6963242093725
65443.0,-6870.730609685183
65444.0,-6870.764895160993
65445.0,-6870.799180636804
65446.0,-6870.833466112614
65447.0,-6870.867751588424
65448.0,-6870.902037064235
65449.0,-6870.936322540045
65450.0,-6870.970608015855
65451.0,-6871.004893491666
65452.0,-6871.039178967476
65453.0,-6871.073464443286
65454.0,-6871.107749919097
65455.0,-6871.142035394907
65456.0,-6871.176320870717
65457.0,-6871.210606346528
65458.0,-6871.244891822338
65459.0,-6871.279177298148
65460.0,-6871.313462773959
65461.0,-6871.347748249769
65462.0,-6871.382033725579
65463.0,-6871.41631920139
65464.0,-6871.4506046772
65465.0,-6871.48489015301
65466.0,-6871.519175628821
65467.0,-6871.553461104631
65468.0,-6871.5877465804415
65469.0,-6871.6220320562525
65470.0,-6871.6563175320625
65471.0,-6871.690603007873
65472.0,-6871.724888483684
65473.0,-6871.759173959494
65474.0,-6871.793459435304
65475.0,-6871.827744911115
65476.0,-6871.862030386925
65477.0,-6871.896315862735
65478.0,-6871.930601338546
65479.0,-6871.964886814356
65480.0,-6871.999172290166
65481.0,-6872.033457765977
65482.0,-6872.067743241787
65483.0,-6872.102028717597
65484.0,-6872.136314193408
65485.0,-6872.170599669218
65486.0,-6872.204885145028
65487.0,-6872.239170620839
65488.0,-6872.273456096649
65489.0,-6872.307741572459
65490.0,-6872.34202704827
65491.0,-6872.37631252408
65492.0,-6872.41059799989
65493.0,-6872.444883475701
65494.0,-6872.479168951511
65495.0,-6872.513454427321
65496.0,-6872.547739903132
65497.0,-6872.5820253789425
65498.0,-6872.616310854753
65499.0,-6872.6505963305635
65500.0,-6872.684881806374
65501.0,-6872.719167282184
65502.0,-6872.753452757995
65503.0,-6872.787738233805
65504.0,-6872.822023709615
65505.0,-6872.856309185426
65506.0,-6872.890594661236
65507.0,-6872.924880137046
65508.0,-6872.959165612857
65509.0,-6872.993451088667
65510.0,-6873.027736564477
65511.0,-6873.062022040288
65512.0,-6873.096307516098
65513.0,-6873.130592991908
65514.0,-6873.164878467719
65515.0,-6873.199163943529
65516.0,-6873.233449419339
65517.0,-6873.26773489515
65518.0,-6873.30202037096
65519.0,-6873.33630584677
65520.0,-6873.370591322581
65521.0,-6873.404876798391
65522.0,-6873.439162274201
65523.0,-6873.473447750012
65524.0,-6873.507733225822
65525.0,-6873.5420187016325
65526.0,-6873.5763041774435
65527.0,-6873.610589653254
65528.0,-6873.644875129064
65529.0,-6873.679160604875
65530.0,-6873.713446080685
65531.0,-6873.747731556495
65532.0,-6873.782017032306
65533.0,-6873.816302508116
65534.0,-6873.850587983926
65535.0,-6873.884873459737
65536.0,-6873.919158935547
65537.0,-6873.929833511512
65538.0,-6873.940508087476
65539.0,-6873.951182663441
65540.0,-6873.961857239406
65541.0,-6873.97253181537
65542.0,-6873.9832063913345
65543.0,-6873.993880967299
65544.0,-6874.004555543263
65545.0,-6874.015230119228
65546.0,-6874.025904695193
65547.0,-6874.036579271157
65548.0,-6874.047253847122
65549.0,-6874.057928423087
65550.0,-6874.068602999051
65551.0,-6874.079277575016
65552.0,-6874.089952150981
65553.0,-6874.100626726945
65554.0,-6874.11130130291
65555.0,-6874.121975878875
65556.0,-6874.132650454839
65557.0,-6874.143325030804
65558.0,-6874.153999606769
65559.0,-6874.164674182733
65560.0,-6874.1753487586975
65561.0,-6874.186023334662
65562.0,-6874.196697910626
65563.0,-6874.207372486591
65564.0,-6874.218047062556
65565.0,-6874.22872163852
65566.0,-6874.239396214485
65567.0,-6874.25007079045
65568.0,-6874.260745366414
65569.0,-6874.271419942379
65570.0,-6874.282094518344
65571.0,-6874.292769094308
65572.0,-6874.303443670273
65573.0,-6874.314118246238
65574.0,-6874.324792822202
65575.0,-6874.335467398167
65576.0,-6874.346141974132
65577.0,-6874.356816550096
65578.0,-6874.3674911260605
65579.0,-6874.378165702025
65580.0,-6874.388840277989
65581.0,-6874.399514853954
65582.0,-6874.410189429919
65583.0,-6874.420864005883
65584.0,-6874.431538581848
65585.0,-6874.442213157813
65586.0,-6874.452887733777
65587.0,-6874.463562309742
65588.0,-6874.474236885707
65589.0,-6874.484911461671
65590.0,-6874.495586037636
65591.0,-6874.506260613601
65592.0,-6874.516935189565
65593.0,-6874.52760976553
65594.0,-6874.538284341495
65595.0,-6874.548958917459
65596.0,-6874.5596334934235
65597.0,-6874.570308069388
65598.0,-6874.580982645352
65599.0,-6874.591657221317
65600.0,-6874.602331797282
65601.0,-6874.613006373246
65602.0,-6874.623680949211
65603.0,-6874.634355525176
65604.0,-6874.64503010114
65605.0,-6874.655704677105
65606.0,-6874.66637925307
65607.0,-6874.677053829034
65608.0,-6874.687728404999
65609.0,-6874.698402980964
65610.0,-6874.709077556928
65611.0,-6874.719752132893
65612.0,-6874.7304267088575
65613.0,-6874.7411012848215
65614.0,-6874.751775860786
65615.0,-6874.762450436751
65616.0,-6874.773125012715
65617.0,-6874.78379958868
65618.0,-6874.794474164645
65619.0,-6874.805148740609
65620.0,-6874.815823316574
65621.0,-6874.826497892539
65622.0,-6874.837172468503
65623.0,-6874.847847044468
65624.0,-6874.858521620433
65625.0,-6874.869196196397
65626.0,-6874.879870772362
65627.0,-6874.890545348327
65628.0,-6874.901219924291
65629.0,-6874.911894500256
65630.0,-6874.9225690762205
65631.0,-6874.9332436521845
65632.0,-6874.943918228149
65633.0,-6874.954592804114
65634.0,-6874.965267380078
65635.0,-6874.975941956043
65636.0,-6874.986616532008
65637.0,-6874.997291107972
65638.0,-6875.007965683937
65639.0,-6875.018640259902
65640.0,-6875.029314835866
65641.0,-6875.039989411831
65642.0,-6875.050663987796
65643.0,-6875.06133856376
65644.0,-6875.072013139725
65645.0,-6875.08268771569
65646.0,-6875.093362291654
65647.0,-6875.104036867619
65648.0,-6875.1147114435835
65649.0,-6875.1253860195475
65650.0,-6875.136060595512
65651.0,-6875.146735171477
65652.0,-6875.157409747441
65653.0,-6875.168084323406
65654.0,-6875.178758899371
65655.0,-6875.189433475335
65656.0,-6875.2001080513
65657.0,-6875.210782627265
65658.0,-6875.221457203229
65659.0,-6875.232131779194
65660.0,-6875.242806355159
65661.0,-6875.253480931123
65662.0,-6875.264155507088
65663.0,-6875.274830083053
65664.0,-6875.285504659017
65665.0,-6875.2961792349815
65666.0,-6875.306853810946
65667.0,-6875.31752838691
65668.0,-6875.328202962875
65669.0,-6875.33887753884
65670.0,-6875.349552114804
65671.0,-6875.360226690769
65672.0,-6875.370901266734
65673.0,-6875.381575842698
65674.0,-6875.392250418663
65675.0,-6875.402924994628
65676.0,-6875.413599570592
65677.0,-6875.424274146557
65678.0,-6875.434948722522
65679.0,-6875.445623298486
65680.0,-6875.456297874451
65681.0,-6875.466972450416
65682.0,-6875.47764702638
65683.0,-6875.4883216023445
65684.0,-6875.498996178309
65685.0,-6875.509670754273
65686.0,-6875.520345330238
65687.0,-6875.531019906203
65688.0,-6875.541694482167
65689.0,-6875.552369058132
65690.0,-6875.563043634097
65691.0,-6875.573718210061
65692.0,-6875.584392786026
65693.0,-6875.595067361991
65694.0,-6875.605741937955
65695.0,-6875.61641651392
65696.0,-6875.627091089885
65697.0,-6875.637765665849
65698.0,-6875.648440241814
65699.0,-6875.659114817779
65700.0,-6875.669789393743
65701.0,-6875.6804639697075
65702.0,-6875.691138545672
65703.0,-6875.701813121636
65704.0,-6875.712487697601
65705.0,-6875.723162273566
65706.0,-6875.73383684953
65707.0,-6875.744511425495
65708.0,-6875.75518600146
65709.0,-6875.765860577424
65710.0,-6875.776535153389
65711.0,-6875.787209729354
65712.0,-6875.797884305318
65713.0,-6875.808558881283
65714.0,-6875.819233457248
65715.0,-6875.829908033212
65716.0,-6875.840582609177
65717.0,-6875.851257185142
65718.0,-6875.861931761106
65719.0,-6875.8726063370705
65720.0,-6875.883280913035
65721.0,-6875.893955488999
65722.0,-6875.904630064964
65723.0,-6875.915304640929
65724.0,-6875.925979216893
65725.0,-6875.936653792858
65726.0,-6875.947328368823
65727.0,-6875.958002944787
65728.0,-6875.968677520752
65729.0,-6875.979352096717
65730.0,-6875.990026672681
65731.0,-6876.000701248646
65732.0,-6876.011375824611
65733.0,-6876.022050400575
65734.0,-6876.03272497654
65735.0,-6876.0433995525045
65736.0,-6876.0540741284685
65737.0,-6876.064748704433
65738.0,-6876.075423280398
65739.0,-6876.086097856362
65740.0,-6876.096772432327
65741.0,-6876.107447008292
65742.0,-6876.118121584256
65743.0,-6876.128796160221
65744.0,-6876.139470736186
65745.0,-6876.15014531215
65746.0,-6876.160819888115
65747.0,-6876.17149446408
65748.0,-6876.182169040044
65749.0,-6876.192843616009
65750.0,-6876.203518191974
65751.0,-6876.214192767938
65752.0,-6876.224867343903
65753.0,-6876.2355419198675
65754.0,-6876.2462164958315
65755.0,-6876.256891071796
65756.0,-6876.267565647761
65757.0,-6876.278240223725
65758.0,-6876.28891479969
65759.0,-6876.299589375655
65760.0,-6876.310263951619
65761.0,-6876.320938527584
65762.0,-6876.331613103549
65763.0,-6876.342287679513
65764.0,-6876.352962255478
65765.0,-6876.363636831443
65766.0,-6876.374311407407
65767.0,-6876.384985983372
65768.0,-6876.395660559337
65769.0,-6876.406335135301
65770.0,-6876.417009711266
65771.0,-6876.4276842872305
65772.0,-6876.4383588631945
65773.0,-6876.449033439159
65774.0,-6876.459708015124
65775.0,-6876.470382591088
65776.0,-6876.481057167053
65777.0,-6876.491731743018
65778.0,-6876.502406318982
65779.0,-6876.513080894947
65780.0,-6876.523755470912
65781.0,-6876.534430046876
65782.0,-6876.545104622841
65783.0,-6876.555779198806
65784.0,-6876.56645377477
65785.0,-6876.577128350735
65786.0,-6876.5878029267
65787.0,-6876.598477502664
65788.0,-6876.6091520786285
65789.0,-6876.619826654593
65790.0,-6876.6305012305575
65791.0,-6876.641175806522
65792.0,-6876.651850382487
65793.0,-6876.662524958451
65794.0,-6876.673199534416
65795.0,-6876.683874110381
65796.0,-6876.694548686345
65797.0,-6876.70522326231
65798.0,-6876.715897838275
65799.0,-6876.726572414239
65800.0,-6876.737246990204
65801.0,-6876.747921566169
65802.0,-6876.758596142133
65803.0,-6876.769270718098
65804.0,-6876.779945294063
65805.0,-6876.790619870027
65806.0,-6876.8012944459915
65807.0,-6876.811969021956
65808.0,-6876.82264359792
65809.0,-6876.833318173885
65810.0,-6876.84399274985
65811.0,-6876.854667325814
65812.0,-6876.865341901779
65813.0,-6876.876016477744
65814.0,-6876.886691053708
65815.0,-6876.897365629673
65816.0,-6876.908040205638
65817.0,-6876.918714781602
65818.0,-6876.929389357567
65819.0,-6876.940063933532
65820.0,-6876.950738509496
65821.0,-6876.961413085461
65822.0,-6876.972087661426
65823.0,-6876.98276223739
65824.0,-6876.9934368133545
65825.0,-6877.004111389319
65826.0,-6877.014785965283
65827.0,-6877.025460541248
65828.0,-6877.036135117213
65829.0,-6877.046809693177
65830.0,-6877.057484269142
65831.0,-6877.068158845107
65832.0,-6877.078833421071
65833.0,-6877.089507997036
65834.0,-6877.100182573001
65835.0,-6877.110857148965
65836.0,-6877.12153172493
65837.0,-6877.132206300895
65838.0,-6877.142880876859
65839.0,-6877.153555452824
65840.0,-6877.164230028789
65841.0,-6877.174904604753
65842.0,-6877.1855791807175
65843.0,-6877.196253756682
65844.0,-6877.206928332646
65845.0,-6877.217602908611
65846.0,-6877.228277484576
65847.0,-6877.23895206054
65848.0,-6877.249626636505
65849.0,-6877.26030121247
65850.0,-6877.270975788434
65851.0,-6877.281650364399
65852.0,-6877.292324940364
65853.0,-6877.302999516328
65854.0,-6877.313674092293
65855.0,-6877.324348668258
65856.0,-6877.335023244222
65857.0,-6877.345697820187
65858.0,-6877.3563723961515
65859.0,-6877.3670469721155
65860.0,-6877.37772154808
65861.0,-6877.388396124045
65862.0,-6877.399070700009
65863.0,-6877.409745275974
65864.0,-6877.420419851939
65865.0,-6877.431094427903
65866.0,-6877.441769003868
65867.0,-6877.452443579833
65868.0,-6877.463118155797
65869.0,-6877.473792731762
65870.0,-6877.484467307727
65871.0,-6877.495141883691
65872.0,-6877.505816459656
65873.0,-6877.516491035621
65874.0,-6877.527165611585
65875.0,-6877.53784018755
65876.0,-6877.5485147635145
65877.0,-6877.5591893394785
65878.0,-6877.569863915443
65879.0,-6877.580538491408
65880.0,-6877.591213067372
65881.0,-6877.601887643337
65882.0,-6877.612562219302
65883.0,-6877.623236795266
65884.0,-6877.633911371231
65885.0,-6877.644585947196
65886.0,-6877.65526052316
65887.0,-6877.665935099125
65888.0,-6877.67660967509
65889.0,-6877.687284251054
65890.0,-6877.697958827019
65891.0,-6877.708633402984
65892.0,-6877.719307978948
65893.0,-6877.729982554913
65894.0,-6877.7406571308775
65895.0,-6877.7513317068415
65896.0,-6877.762006282806
65897.0,-6877.772680858771
65898.0,-6877.783355434735
65899.0,-6877.7940300107
65900.0,-6877.804704586665
65901.0,-6877.815379162629
65902.0,-6877.826053738594
65903.0,-6877.836728314559
65904.0,-6877.847402890523
65905.0,-6877.858077466488
65906.0,-6877.868752042453
65907.0,-6877.879426618417
65908.0,-6877.890101194382
65909.0,-6877.900775770347
65910.0,-6877.911450346311
65911.0,-6877.9221249222755
65912.0,-6877.9327994982405
65913.0,-6877.9434740742045
65914.0,-6877.954148650169
65915.0,-6877.964823226134
65916.0,-6877.975497802098
65917.0,-6877.986172378063
65918.0,-6877.996846954028
65919.0,-6878.007521529992
65920.0,-6878.018196105957
65921.0,-6878.028870681922
65922.0,-6878.039545257886
65923.0,-6878.050219833851
65924.0,-6878.060894409816
65925.0,-6878.07156898578
65926.0,-6878.082243561745
65927.0,-6878.09291813771
65928.0,-6878.103592713674
65929.0,-6878.1142672896385
65930.0,-6878.124941865603
65931.0,-6878.135616441567
65932.0,-6878.146291017532
65933.0,-6878.156965593497
65934.0,-6878.167640169461
65935.0,-6878.178314745426
65936.0,-6878.188989321391
65937.0,-6878.199663897355
65938.0,-6878.21033847332
65939.0,-6878.221013049285
65940.0,-6878.231687625249
65941.0,-6878.242362201214
65942.0,-6878.253036777179
65943.0,-6878.263711353143
65944.0,-6878.274385929108
65945.0,-6878.285060505073
65946.0,-6878.295735081037
65947.0,-6878.3064096570015
65948.0,-6878.317084232966
65949.0,-6878.32775880893
65950.0,-6878.338433384895
65951.0,-6878.34910796086
65952.0,-6878.359782536824
65953.0,-6878.370457112789
65954.0,-6878.381131688754
65955.0,-6878.391806264718
65956.0,-6878.402480840683
65957.0,-6878.413155416648
65958.0,-6878.423829992612
65959.0,-6878.434504568577
65960.0,-6878.445179144542
65961.0,-6878.455853720506
65962.0,-6878.466528296471
65963.0,-6878.477202872436
65964.0,-6878.4878774484
65965.0,-6878.4985520243645
65966.0,-6878.509226600329
65967.0,-6878.519901176293
65968.0,-6878.530575752258
65969.0,-6878.541250328223
65970.0,-6878.551924904187
65971.0,-6878.562599480152
65972.0,-6878.573274056117
65973.0,-6878.583948632081
65974.0,-6878.594623208046
65975.0,-6878.605297784011
65976.0,-6878.615972359975
65977.0,-6878.62664693594
65978.0,-6878.637321511905
65979.0,-6878.647996087869
65980.0,-6878.658670663834
65981.0,-6878.6693452397985
65982.0,-6878.6800198157625
65983.0,-6878.690694391727
65984.0,-6878.701368967692
65985.0,-6878.712043543656
65986.0,-6878.722718119621
65987.0,-6878.733392695586
65988.0,-6878.74406727155
65989.0,-6878.754741847515
65990.0,-6878.76541642348
65991.0,-6878.776090999444
65992.0,-6878.786765575409
65993.0,-6878.797440151374
65994.0,-6878.808114727338
65995.0,-6878.818789303303
65996.0,-6878.829463879268
65997.0,-6878.840138455232
65998.0,-6878.850813031197
65999.0,-6878.8614876071615
66000.0,-6878.8721621831255
66001.0,-6878.88283675909
66002.0,-6878.893511335055
66003.0,-6878.904185911019
66004.0,-6878.914860486984
66005.0,-6878.925535062949
66006.0,-6878.936209638913
66007.0,-6878.946884214878
66008.0,-6878.957558790843
66009.0,-6878.968233366807
66010.0,-6878.978907942772
66011.0,-6878.989582518737
66012.0,-6879.000257094701
66013.0,-6879.010931670666
66014.0,-6879.021606246631
66015.0,-6879.032280822595
66016.0,-6879.04295539856
66017.0,-6879.0536299745245
66018.0,-6879.0643045504885
66019.0,-6879.074979126453
66020.0,-6879.085653702418
66021.0,-6879.096328278382
66022.0,-6879.107002854347
66023.0,-6879.117677430312
66024.0,-6879.128352006276
66025.0,-6879.139026582241
66026.0,-6879.149701158206
66027.0,-6879.16037573417
66028.0,-6879.171050310135
66029.0,-6879.1817248861
66030.0,-6879.192399462064
66031.0,-6879.203074038029
66032.0,-6879.213748613994
66033.0,-6879.224423189958
66034.0,-6879.235097765923
66035.0,-6879.2457723418875
66036.0,-6879.2564469178515
66037.0,-6879.267121493816
66038.0,-6879.277796069781
66039.0,-6879.288470645745
66040.0,-6879.29914522171
66041.0,-6879.309819797675
66042.0,-6879.320494373639
66043.0,-6879.331168949604
66044.0,-6879.341843525569
66045.0,-6879.352518101533
66046.0,-6879.363192677498
66047.0,-6879.373867253463
66048.0,-6879.384541829427
66049.0,-6879.395216405392
66050.0,-6879.405890981357
66051.0,-6879.416565557321
66052.0,-6879.4272401332855
66053.0,-6879.43791470925
66054.0,-6879.448589285214
66055.0,-6879.459263861179
66056.0,-6879.469938437144
66057.0,-6879.480613013108
66058.0,-6879.491287589073
66059.0,-6879.501962165038
66060.0,-6879.512636741002
66061.0,-6879.523311316967
66062.0,-6879.533985892932
66063.0,-6879.544660468896
66064.0,-6879.555335044861
66065.0,-6879.566009620826
66066.0,-6879.57668419679
66067.0,-6879.587358772755
66068.0,-6879.59803334872
66069.0,-6879.608707924684
66070.0,-6879.6193825006485
66071.0,-6879.630057076613
66072.0,-6879.640731652577
66073.0,-6879.651406228542
66074.0,-6879.662080804507
66075.0,-6879.672755380471
66076.0,-6879.683429956436
66077.0,-6879.694104532401
66078.0,-6879.704779108365
66079.0,-6879.71545368433
66080.0,-6879.726128260295
66081.0,-6879.736802836259
66082.0,-6879.747477412224
66083.0,-6879.758151988189
66084.0,-6879.768826564153
66085.0,-6879.779501140118
66086.0,-6879.790175716083
66087.0,-6879.800850292047
66088.0,-6879.8115248680115
66089.0,-6879.822199443976
66090.0,-6879.83287401994
66091.0,-6879.843548595905
66092.0,-6879.85422317187
66093.0,-6879.864897747834
66094.0,-6879.875572323799
66095.0,-6879.886246899764
66096.0,-6879.896921475728
66097.0,-6879.907596051693
66098.0,-6879.918270627658
66099.0,-6879.928945203622
66100.0,-6879.939619779587
66101.0,-6879.950294355552
66102.0,-6879.960968931516
66103.0,-6879.971643507481
66104.0,-6879.9823180834455
66105.0,-6879.9929926594095
66106.0,-6880.003667235374
66107.0,-6880.014341811339
66108.0,-6880.025016387303
66109.0,-6880.035690963268
66110.0,-6880.046365539233
66111.0,-6880.057040115197
66112.0,-6880.067714691162
66113.0,-6880.078389267127
66114.0,-6880.089063843091
66115.0,-6880.099738419056
66116.0,-6880.110412995021
66117.0,-6880.121087570985
66118.0,-6880.13176214695
66119.0,-6880.142436722915
66120.0,-6880.153111298879
66121.0,-6880.163785874844
66122.0,-6880.1744604508085
66123.0,-6880.1851350267725
66124.0,-6880.195809602737
66125.0,-6880.206484178702
66126.0,-6880.217158754666
66127.0,-6880.227833330631
66128.0,-6880.238507906596
66129.0,-6880.24918248256
66130.0,-6880.259857058525
66131.0,-6880.27053163449
66132.0,-6880.281206210454
66133.0,-6880.291880786419
66134.0,-6880.302555362384
66135.0,-6880.313229938348
66136.0,-6880.323904514313
66137.0,-6880.334579090278
66138.0,-6880.345253666242
66139.0,-6880.355928242207
66140.0,-6880.3666028181715
66141.0,-6880.3772773941355
66142.0,-6880.3879519701
66143.0,-6880.398626546065
66144.0,-6880.409301122029
66145.0,-6880.419975697994
66146.0,-6880.430650273959
66147.0,-6880.441324849923
66148.0,-6880.451999425888
66149.0,-6880.462674001853
66150.0,-6880.473348577817
66151.0,-6880.484023153782
66152.0,-6880.494697729747
66153.0,-6880.505372305711
66154.0,-6880.516046881676
66155.0,-6880.526721457641
66156.0,-6880.537396033605
66157.0,-6880.54807060957
66158.0,-6880.5587451855345
66159.0,-6880.5694197614985
66160.0,-6880.580094337463
66161.0,-6880.590768913428
66162.0,-6880.601443489392
66163.0,-6880.612118065357
66164.0,-6880.622792641322
66165.0,-6880.633467217286
66166.0,-6880.644141793251
66167.0,-6880.654816369216
66168.0,-6880.66549094518
66169.0,-6880.676165521145
66170.0,-6880.68684009711
66171.0,-6880.697514673074
66172.0,-6880.708189249039
66173.0,-6880.718863825004
66174.0,-6880.729538400968
66175.0,-6880.7402129769325
66176.0,-6880.750887552897
66177.0,-6880.761562128861
66178.0,-6880.772236704826
66179.0,-6880.782911280791
66180.0,-6880.793585856755
66181.0,-6880.80426043272
66182.0,-6880.814935008685
66183.0,-6880.825609584649
66184.0,-6880.836284160614
66185.0,-6880.846958736579
66186.0,-6880.857633312543
66187.0,-6880.868307888508
66188.0,-6880.878982464473
66189.0,-6880.889657040437
66190.0,-6880.900331616402
66191.0,-6880.911006192367
66192.0,-6880.921680768331
66193.0,-6880.9323553442955
66194.0,-6880.94302992026
66195.0,-6880.953704496224
66196.0,-6880.964379072189
66197.0,-6880.975053648154
66198.0,-6880.985728224118
66199.0,-6880.996402800083
66200.0,-6881.007077376048
66201.0,-6881.017751952012
66202.0,-6881.028426527977
66203.0,-6881.039101103942
66204.0,-6881.049775679906
66205.0,-6881.060450255871
66206.0,-6881.071124831836
66207.0,-6881.0817994078
66208.0,-6881.092473983765
66209.0,-6881.10314855973
66210.0,-6881.113823135694
66211.0,-6881.1244977116585
66212.0,-6881.135172287623
66213.0,-6881.145846863587
66214.0,-6881.156521439552
66215.0,-6881.167196015517
66216.0,-6881.177870591481
66217.0,-6881.188545167446
66218.0,-6881.199219743411
66219.0,-6881.209894319375
66220.0,-6881.22056889534
66221.0,-6881.231243471305
66222.0,-6881.241918047269
66223.0,-6881.252592623234
66224.0,-6881.263267199199
66225.0,-6881.273941775163
66226.0,-6881.284616351128
66227.0,-6881.2952909270925
66228.0,-6881.3059655030565
66229.0,-6881.316640079021
66230.0,-6881.327314654986
66231.0,-6881.33798923095
66232.0,-6881.348663806915
66233.0,-6881.35933838288
66234.0,-6881.370012958844
66235.0,-6881.380687534809
66236.0,-6881.391362110774
66237.0,-6881.402036686738
66238.0,-6881.412711262703
66239.0,-6881.423385838668
66240.0,-6881.434060414632
66241.0,-6881.444734990597
66242.0,-6881.455409566562
66243.0,-6881.466084142526
66244.0,-6881.476758718491
66245.0,-6881.4874332944555
66246.0,-6881.4981078704195
66247.0,-6881.508782446384
66248.0,-6881.519457022349
66249.0,-6881.530131598313
66250.0,-6881.540806174278
66251.0,-6881.551480750243
66252.0,-6881.562155326207
66253.0,-6881.572829902172
66254.0,-6881.583504478137
66255.0,-6881.594179054101
66256.0,-6881.604853630066
66257.0,-6881.615528206031
66258.0,-6881.626202781995
66259.0,-6881.63687735796
66260.0,-6881.647551933925
66261.0,-6881.658226509889
66262.0,-6881.668901085854
66263.0,-6881.6795756618185
66264.0,-6881.6902502377825
66265.0,-6881.700924813747
66266.0,-6881.711599389712
66267.0,-6881.722273965676
66268.0,-6881.732948541641
66269.0,-6881.743623117606
66270.0,-6881.75429769357
66271.0,-6881.764972269535
66272.0,-6881.7756468455
66273.0,-6881.786321421464
66274.0,-6881.796995997429
66275.0,-6881.807670573394
66276.0,-6881.818345149358
66277.0,-6881.829019725323
66278.0,-6881.839694301288
66279.0,-6881.850368877252
66280.0,-6881.861043453217
66281.0,-6881.8717180291815
66282.0,-6881.8823926051455
66283.0,-6881.89306718111
66284.0,-6881.903741757075
66285.0,-6881.914416333039
66286.0,-6881.925090909004
66287.0,-6881.935765484969
66288.0,-6881.946440060933
66289.0,-6881.957114636898
66290.0,-6881.967789212863
66291.0,-6881.978463788827
66292.0,-6881.989138364792
66293.0,-6881.999812940757
66294.0,-6882.010487516721
66295.0,-6882.021162092686
66296.0,-6882.031836668651
66297.0,-6882.042511244615
66298.0,-6882.0531858205795
66299.0,-6882.063860396544
66300.0,-6882.074534972508
66301.0,-6882.085209548473
66302.0,-6882.095884124438
66303.0,-6882.106558700402
66304.0,-6882.117233276367
66305.0,-6882.127907852332
66306.0,-6882.138582428296
66307.0,-6882.149257004261
66308.0,-6882.159931580226
66309.0,-6882.17060615619
66310.0,-6882.181280732155
66311.0,-6882.19195530812
66312.0,-6882.202629884084
66313.0,-6882.213304460049
66314.0,-6882.223979036014
66315.0,-6882.234653611978
66316.0,-6882.2453281879425
66317.0,-6882.256002763907
66318.0,-6882.266677339871
66319.0,-6882.277351915836
66320.0,-6882.288026491801
66321.0,-6882.298701067765
66322.0,-6882.30937564373
66323.0,-6882.320050219695
66324.0,-6882.330724795659
66325.0,-6882.341399371624
66326.0,-6882.352073947589
66327.0,-6882.362748523553
66328.0,-6882.373423099518
66329.0,-6882.384097675483
66330.0,-6882.394772251447
66331.0,-6882.405446827412
66332.0,-6882.416121403377
66333.0,-6882.426795979341
66334.0,-6882.4374705553055
66335.0,-6882.44814513127
66336.0,-6882.458819707234
66337.0,-6882.469494283199
66338.0,-6882.480168859164
66339.0,-6882.490843435128
66340.0,-6882.501518011093
66341.0,-6882.512192587058
66342.0,-6882.522867163022
66343.0,-6882.533541738987
66344.0,-6882.544216314952
66345.0,-6882.554890890916
66346.0,-6882.565565466881
66347.0,-6882.576240042846
66348.0,-6882.58691461881
66349.0,-6882.597589194775
66350.0,-6882.6082637707395
66351.0,-6882.6189383467035
66352.0,-6882.6296129226685
66353.0,-6882.640287498633
66354.0,-6882.650962074597
66355.0,-6882.661636650562
66356.0,-6882.672311226527
66357.0,-6882.682985802491
66358.0,-6882.693660378456
66359.0,-6882.704334954421
66360.0,-6882.715009530385
66361.0,-6882.72568410635
66362.0,-6882.736358682315
66363.0,-6882.747033258279
66364.0,-6882.757707834244
66365.0,-6882.768382410209
66366.0,-6882.779056986173
66367.0,-6882.789731562138
66368.0,-6882.8004061381025
66369.0,-6882.8110807140665
66370.0,-6882.821755290031
66371.0,-6882.832429865996
66372.0,-6882.84310444196
66373.0,-6882.853779017925
66374.0,-6882.86445359389
66375.0,-6882.875128169854
66376.0,-6882.885802745819
66377.0,-6882.896477321784
66378.0,-6882.907151897748
66379.0,-6882.917826473713
66380.0,-6882.928501049678
66381.0,-6882.939175625642
66382.0,-6882.949850201607
66383.0,-6882.960524777572
66384.0,-6882.971199353536
66385.0,-6882.981873929501
66386.0,-6882.9925485054655
66387.0,-6883.0032230814295
66388.0,-6883.013897657394
66389.0,-6883.024572233359
66390.0,-6883.035246809323
66391.0,-6883.045921385288
66392.0,-6883.056595961253
66393.0,-6883.067270537217
66394.0,-6883.077945113182
66395.0,-6883.088619689147
66396.0,-6883.099294265111
66397.0,-6883.109968841076
66398.0,-6883.120643417041
66399.0,-6883.131317993005
66400.0,-6883.14199256897
66401.0,-6883.152667144935
66402.0,-6883.163341720899
66403.0,-6883.174016296864
66404.0,-6883.1846908728285
66405.0,-6883.1953654487925
66406.0,-6883.206040024757
66407.0,-6883.216714600722
66408.0,-6883.227389176686
66409.0,-6883.238063752651
66410.0,-6883.248738328616
66411.0,-6883.25941290458
66412.0,-6883.270087480545
66413.0,-6883.28076205651
66414.0,-6883.291436632474
66415.0,-6883.302111208439
66416.0,-6883.312785784404
66417.0,-6883.323460360368
66418.0,-6883.334134936333
66419.0,-6883.344809512298
66420.0,-6883.355484088262
66421.0,-6883.3661586642265
66422.0,-6883.376833240191
66423.0,-6883.387507816155
66424.0,-6883.39818239212
66425.0,-6883.408856968085
66426.0,-6883.419531544049
66427.0,-6883.430206120014
66428.0,-6883.440880695979
66429.0,-6883.451555271943
66430.0,-6883.462229847908
66431.0,-6883.472904423873
66432.0,-6883.483578999837
66433.0,-6883.494253575802
66434.0,-6883.504928151767
66435.0,-6883.515602727731
66436.0,-6883.526277303696
66437.0,-6883.536951879661
66438.0,-6883.547626455625
66439.0,-6883.5583010315895
66440.0,-6883.568975607554
66441.0,-6883.579650183518
66442.0,-6883.590324759483
66443.0,-6883.600999335448
66444.0,-6883.611673911412
66445.0,-6883.622348487377
66446.0,-6883.633023063342
66447.0,-6883.643697639306
66448.0,-6883.654372215271
66449.0,-6883.665046791236
66450.0,-6883.6757213672
66451.0,-6883.686395943165
66452.0,-6883.69707051913
66453.0,-6883.707745095094
66454.0,-6883.718419671059
66455.0,-6883.729094247024
66456.0,-6883.739768822988
66457.0,-6883.7504433989525
66458.0,-6883.761117974917
66459.0,-6883.771792550881
66460.0,-6883.782467126846
66461.0,-6883.793141702811
66462.0,-6883.803816278775
66463.0,-6883.81449085474
66464.0,-6883.825165430705
66465.0,-6883.835840006669
66466.0,-6883.846514582634
66467.0,-6883.857189158599
66468.0,-6883.867863734563
66469.0,-6883.878538310528
66470.0,-6883.889212886493
66471.0,-6883.899887462457
66472.0,-6883.910562038422
66473.0,-6883.9212366143865
66474.0,-6883.931911190351
66475.0,-6883.9425857663155
66476.0,-6883.95326034228
66477.0,-6883.963934918244
66478.0,-6883.974609494209
66479.0,-6883.985284070174
66480.0,-6883.995958646138
66481.0,-6884.006633222103
66482.0,-6884.017307798068
66483.0,-6884.027982374032
66484.0,-6884.038656949997
66485.0,-6884.049331525962
66486.0,-6884.060006101926
66487.0,-6884.070680677891
66488.0,-6884.081355253856
66489.0,-6884.09202982982
66490.0,-6884.102704405785
66491.0,-6884.1133789817495
66492.0,-6884.1240535577135
66493.0,-6884.134728133678
66494.0,-6884.145402709643
66495.0,-6884.156077285607
66496.0,-6884.166751861572
66497.0,-6884.177426437537
66498.0,-6884.188101013501
66499.0,-6884.198775589466
66500.0,-6884.209450165431
66501.0,-6884.220124741395
66502.0,-6884.23079931736
66503.0,-6884.241473893325
66504.0,-6884.252148469289
66505.0,-6884.262823045254
66506.0,-6884.273497621219
66507.0,-6884.284172197183
66508.0,-6884.294846773148
66509.0,-6884.3055213491125
66510.0,-6884.3161959250765
66511.0,-6884.326870501041
66512.0,-6884.337545077006
66513.0,-6884.34821965297
66514.0,-6884.358894228935
66515.0,-6884.3695688049
66516.0,-6884.380243380864
66517.0,-6884.390917956829
66518.0,-6884.401592532794
66519.0,-6884.412267108758
66520.0,-6884.422941684723
66521.0,-6884.433616260688
66522.0,-6884.444290836652
66523.0,-6884.454965412617
66524.0,-6884.465639988582
66525.0,-6884.476314564546
66526.0,-6884.486989140511
66527.0,-6884.4976637164755
66528.0,-6884.5083382924395
66529.0,-6884.519012868404
66530.0,-6884.529687444369
66531.0,-6884.540362020333
66532.0,-6884.551036596298
66533.0,-6884.561711172263
66534.0,-6884.572385748227
66535.0,-6884.583060324192
66536.0,-6884.593734900157
66537.0,-6884.604409476121
66538.0,-6884.615084052086
66539.0,-6884.625758628051
66540.0,-6884.636433204015
66541.0,-6884.64710777998
66542.0,-6884.657782355945
66543.0,-6884.668456931909
66544.0,-6884.6791315078735
66545.0,-6884.689806083838
66546.0,-6884.700480659802
66547.0,-6884.711155235767
66548.0,-6884.721829811732
66549.0,-6884.732504387696
66550.0,-6884.743178963661
66551.0,-6884.753853539626
66552.0,-6884.76452811559
66553.0,-6884.775202691555
66554.0,-6884.78587726752
66555.0,-6884.796551843484
66556.0,-6884.807226419449
66557.0,-6884.817900995414
66558.0,-6884.828575571378
66559.0,-6884.839250147343
66560.0,-6884.849924723308
66561.0,-6884.848087966442
66562.0,-6884.846251209577
66563.0,-6884.844414452712
66564.0,-6884.842577695847
66565.0,-6884.840740938981
66566.0,-6884.8389041821165
66567.0,-6884.837067425251
66568.0,-6884.8352306683855
66569.0,-6884.833393911521
66570.0,-6884.8315571546555
66571.0,-6884.82972039779
66572.0,-6884.827883640925
66573.0,-6884.82604688406
66574.0,-6884.824210127194
66575.0,-6884.82237337033
66576.0,-6884.820536613464
66577.0,-6884.818699856599
66578.0,-6884.816863099734
66579.0,-6884.815026342869
66580.0,-6884.813189586003
66581.0,-6884.811352829139
66582.0,-6884.809516072273
66583.0,-6884.807679315408
66584.0,-6884.805842558543
66585.0,-6884.804005801678
66586.0,-6884.802169044812
66587.0,-6884.800332287948
66588.0,-6884.798495531082
66589.0,-6884.796658774217
66590.0,-6884.794822017352
66591.0,-6884.792985260487
66592.0,-6884.791148503621
66593.0,-6884.7893117467565
66594.0,-6884.787474989891
66595.0,-6884.785638233026
66596.0,-6884.783801476161
66597.0,-6884.7819647192955
66598.0,-6884.78012796243
66599.0,-6884.778291205565
66600.0,-6884.7764544487
66601.0,-6884.7746176918345
66602.0,-6884.77278093497
66603.0,-6884.770944178104
66604.0,-6884.769107421239
66605.0,-6884.767270664374
66606.0,-6884.765433907509
66607.0,-6884.763597150643
66608.0,-6884.761760393779
66609.0,-6884.759923636913
66610.0,-6884.758086880048
66611.0,-6884.756250123183
66612.0,-6884.754413366318
66613.0,-6884.752576609452
66614.0,-6884.750739852588
66615.0,-6884.748903095722
66616.0,-6884.747066338857
66617.0,-6884.745229581992
66618.0,-6884.743392825127
66619.0,-6884.741556068261
66620.0,-6884.739719311397
66621.0,-6884.737882554531
66622.0,-6884.736045797666
66623.0,-6884.734209040801
66624.0,-6884.732372283936
66625.0,-6884.73053552707
66626.0,-6884.7286987702055
66627.0,-6884.72686201334
66628.0,-6884.7250252564745
66629.0,-6884.72318849961
66630.0,-6884.721351742744
66631.0,-6884.719514985879
66632.0,-6884.717678229014
66633.0,-6884.715841472149
66634.0,-6884.714004715283
66635.0,-6884.712167958419
66636.0,-6884.710331201553
66637.0,-6884.708494444688
66638.0,-6884.706657687823
66639.0,-6884.704820930958
66640.0,-6884.702984174092
66641.0,-6884.701147417228
66642.0,-6884.699310660362
66643.0,-6884.697473903497
66644.0,-6884.695637146632
66645.0,-6884.693800389767
66646.0,-6884.691963632901
66647.0,-6884.690126876037
66648.0,-6884.688290119171
66649.0,-6884.686453362306
66650.0,-6884.684616605441
66651.0,-6884.682779848576
66652.0,-6884.68094309171
66653.0,-6884.6791063348455
66654.0,-6884.67726957798
66655.0,-6884.675432821115
66656.0,-6884.67359606425
66657.0,-6884.6717593073845
66658.0,-6884.669922550519
66659.0,-6884.668085793654
66660.0,-6884.666249036789
66661.0,-6884.664412279923
66662.0,-6884.662575523059
66663.0,-6884.660738766193
66664.0,-6884.658902009328
66665.0,-6884.657065252463
66666.0,-6884.655228495598
66667.0,-6884.653391738732
66668.0,-6884.651554981868
66669.0,-6884.649718225002
66670.0,-6884.647881468137
66671.0,-6884.646044711272
66672.0,-6884.644207954407
66673.0,-6884.642371197541
66674.0,-6884.640534440677
66675.0,-6884.638697683811
66676.0,-6884.636860926946
66677.0,-6884.635024170081
66678.0,-6884.633187413216
66679.0,-6884.63135065635
66680.0,-6884.629513899486
66681.0,-6884.62767714262
66682.0,-6884.625840385755
66683.0,-6884.62400362889
66684.0,-6884.6221668720245
66685.0,-6884.620330115159
66686.0,-6884.6184933582945
66687.0,-6884.616656601429
66688.0,-6884.6148198445635
66689.0,-6884.612983087699
66690.0,-6884.611146330833
66691.0,-6884.609309573968
66692.0,-6884.607472817103
66693.0,-6884.605636060238
66694.0,-6884.603799303372
66695.0,-6884.601962546508
66696.0,-6884.600125789642
66697.0,-6884.598289032777
66698.0,-6884.596452275912
66699.0,-6884.594615519047
66700.0,-6884.592778762181
66701.0,-6884.590942005317
66702.0,-6884.589105248451
66703.0,-6884.587268491586
66704.0,-6884.585431734721
66705.0,-6884.583594977856
66706.0,-6884.58175822099
66707.0,-6884.579921464126
66708.0,-6884.57808470726
66709.0,-6884.576247950395
66710.0,-6884.57441119353
66711.0,-6884.572574436665
66712.0,-6884.570737679799
66713.0,-6884.5689009229345
66714.0,-6884.567064166069
66715.0,-6884.5652274092035
66716.0,-6884.563390652339
66717.0,-6884.5615538954735
66718.0,-6884.559717138608
66719.0,-6884.557880381743
66720.0,-6884.556043624878
66721.0,-6884.554206868012
66722.0,-6884.552370111148
66723.0,-6884.550533354282
66724.0,-6884.548696597417
66725.0,-6884.546859840552
66726.0,-6884.545023083687
66727.0,-6884.543186326821
66728.0,-6884.541349569957
66729.0,-6884.539512813091
66730.0,-6884.537676056226
66731.0,-6884.535839299361
66732.0,-6884.534002542496
66733.0,-6884.53216578563
66734.0,-6884.530329028766
66735.0,-6884.5284922719
66736.0,-6884.526655515035
66737.0,-6884.52481875817
66738.0,-6884.522982001305
66739.0,-6884.521145244439
66740.0,-6884.519308487575
66741.0,-6884.517471730709
66742.0,-6884.515634973844
66743.0,-6884.513798216979
66744.0,-6884.5119614601135
66745.0,-6884.510124703248
66746.0,-6884.5082879463835
66747.0,-6884.506451189518
66748.0,-6884.5046144326525
66749.0,-6884.502777675788
66750.0,-6884.500940918922
66751.0,-6884.499104162057
66752.0,-6884.497267405192
66753.0,-6884.495430648327
66754.0,-6884.493593891461
66755.0,-6884.491757134597
66756.0,-6884.489920377731
66757.0,-6884.488083620866
66758.0,-6884.486246864001
66759.0,-6884.484410107136
66760.0,-6884.48257335027
66761.0,-6884.480736593406
66762.0,-6884.47889983654
66763.0,-6884.477063079675
66764.0,-6884.47522632281
66765.0,-6884.473389565945
66766.0,-6884.471552809079
66767.0,-6884.469716052215
66768.0,-6884.467879295349
66769.0,-6884.466042538484
66770.0,-6884.464205781619
66771.0,-6884.462369024754
66772.0,-6884.460532267888
66773.0,-6884.4586955110235
66774.0,-6884.456858754158
66775.0,-6884.4550219972925
66776.0,-6884.453185240428
66777.0,-6884.4513484835625
66778.0,-6884.449511726697
66779.0,-6884.447674969832
66780.0,-6884.445838212967
66781.0,-6884.444001456101
66782.0,-6884.442164699237
66783.0,-6884.440327942371
66784.0,-6884.438491185506
66785.0,-6884.436654428641
66786.0,-6884.434817671776
66787.0,-6884.43298091491
66788.0,-6884.431144158046
66789.0,-6884.42930740118
66790.0,-6884.427470644315
66791.0,-6884.42563388745
66792.0,-6884.423797130585
66793.0,-6884.421960373719
66794.0,-6884.420123616855
66795.0,-6884.418286859989
66796.0,-6884.416450103124
66797.0,-6884.414613346259
66798.0,-6884.412776589394
66799.0,-6884.410939832528
66800.0,-6884.409103075664
66801.0,-6884.407266318798
66802.0,-6884.405429561933
66803.0,-6884.403592805068
66804.0,-6884.4017560482025
66805.0,-6884.399919291337
66806.0,-6884.398082534472
66807.0,-6884.396245777607
66808.0,-6884.3944090207415
66809.0,-6884.392572263877
66810.0,-6884.390735507011
66811.0,-6884.388898750146
66812.0,-6884.387061993281
66813.0,-6884.385225236416
66814.0,-6884.38338847955
66815.0,-6884.381551722686
66816.0,-6884.37971496582
66817.0,-6884.377878208955
66818.0,-6884.37604145209
66819.0,-6884.374204695225
66820.0,-6884.372367938359
66821.0,-6884.370531181495
66822.0,-6884.368694424629
66823.0,-6884.366857667764
66824.0,-6884.365020910899
66825.0,-6884.363184154034
66826.0,-6884.361347397168
66827.0,-6884.359510640304
66828.0,-6884.357673883438
66829.0,-6884.355837126573
66830.0,-6884.354000369708
66831.0,-6884.352163612843
66832.0,-6884.350326855977
66833.0,-6884.3484900991125
66834.0,-6884.346653342247
66835.0,-6884.3448165853815
66836.0,-6884.342979828517
66837.0,-6884.3411430716515
66838.0,-6884.339306314786
66839.0,-6884.337469557921
66840.0,-6884.335632801056
66841.0,-6884.33379604419
66842.0,-6884.331959287326
66843.0,-6884.33012253046
66844.0,-6884.328285773595
66845.0,-6884.32644901673
66846.0,-6884.324612259865
66847.0,-6884.322775502999
66848.0,-6884.320938746135
66849.0,-6884.319101989269
66850.0,-6884.317265232404
66851.0,-6884.315428475539
66852.0,-6884.313591718674
66853.0,-6884.311754961808
66854.0,-6884.309918204944
66855.0,-6884.308081448078
66856.0,-6884.306244691213
66857.0,-6884.304407934348
66858.0,-6884.302571177483
66859.0,-6884.300734420617
66860.0,-6884.2988976637525
66861.0,-6884.297060906887
66862.0,-6884.295224150022
66863.0,-6884.293387393157
66864.0,-6884.2915506362915
66865.0,-6884.289713879426
66866.0,-6884.287877122561
66867.0,-6884.286040365696
66868.0,-6884.2842036088305
66869.0,-6884.282366851966
66870.0,-6884.2805300951
66871.0,-6884.278693338235
66872.0,-6884.27685658137
66873.0,-6884.275019824505
66874.0,-6884.273183067639
66875.0,-6884.271346310775
66876.0,-6884.269509553909
66877.0,-6884.267672797044
66878.0,-6884.265836040179
66879.0,-6884.263999283314
66880.0,-6884.262162526448
66881.0,-6884.260325769584
66882.0,-6884.258489012718
66883.0,-6884.256652255853
66884.0,-6884.254815498988
66885.0,-6884.252978742123
66886.0,-6884.251141985257
66887.0,-6884.249305228393
66888.0,-6884.247468471527
66889.0,-6884.245631714662
66890.0,-6884.243794957797
66891.0,-6884.241958200932
66892.0,-6884.240121444066
66893.0,-6884.2382846872015
66894.0,-6884.236447930336
66895.0,-6884.2346111734705
66896.0,-6884.232774416606
66897.0,-6884.23093765974
66898.0,-6884.229100902875
66899.0,-6884.22726414601
66900.0,-6884.225427389145
66901.0,-6884.223590632279
66902.0,-6884.221753875415
66903.0,-6884.219917118549
66904.0,-6884.218080361684
66905.0,-6884.216243604819
66906.0,-6884.214406847954
66907.0,-6884.212570091088
66908.0,-6884.210733334224
66909.0,-6884.208896577358
66910.0,-6884.207059820493
66911.0,-6884.205223063628
66912.0,-6884.203386306763
66913.0,-6884.201549549897
66914.0,-6884.199712793033
66915.0,-6884.197876036167
66916.0,-6884.196039279302
66917.0,-6884.194202522437
66918.0,-6884.192365765572
66919.0,-6884.190529008706
66920.0,-6884.1886922518415
66921.0,-6884.186855494976
66922.0,-6884.185018738111
66923.0,-6884.183181981246
66924.0,-6884.1813452243805
66925.0,-6884.179508467515
66926.0,-6884.17767171065
66927.0,-6884.175834953785
66928.0,-6884.1739981969195
66929.0,-6884.172161440055
66930.0,-6884.170324683189
66931.0,-6884.168487926324
66932.0,-6884.166651169459
66933.0,-6884.164814412594
66934.0,-6884.162977655728
66935.0,-6884.161140898864
66936.0,-6884.159304141998
66937.0,-6884.157467385133
66938.0,-6884.155630628268
66939.0,-6884.153793871403
66940.0,-6884.151957114537
66941.0,-6884.150120357673
66942.0,-6884.148283600807
66943.0,-6884.146446843942
66944.0,-6884.144610087077
66945.0,-6884.142773330212
66946.0,-6884.140936573346
66947.0,-6884.139099816482
66948.0,-6884.137263059616
66949.0,-6884.135426302751
66950.0,-6884.133589545886
66951.0,-6884.1317527890205
66952.0,-6884.129916032155
66953.0,-6884.1280792752905
66954.0,-6884.126242518425
66955.0,-6884.1244057615595
66956.0,-6884.122569004695
66957.0,-6884.120732247829
66958.0,-6884.118895490964
66959.0,-6884.117058734099
66960.0,-6884.115221977234
66961.0,-6884.113385220368
66962.0,-6884.111548463504
66963.0,-6884.109711706638
66964.0,-6884.107874949773
66965.0,-6884.106038192908
66966.0,-6884.104201436043
66967.0,-6884.102364679177
66968.0,-6884.100527922313
66969.0,-6884.098691165447
66970.0,-6884.096854408582
66971.0,-6884.095017651717
66972.0,-6884.093180894852
66973.0,-6884.091344137986
66974.0,-6884.089507381122
66975.0,-6884.087670624256
66976.0,-6884.085833867391
66977.0,-6884.083997110526
66978.0,-6884.082160353661
66979.0,-6884.080323596795
66980.0,-6884.0784868399305
66981.0,-6884.076650083065
66982.0,-6884.0748133262
66983.0,-6884.072976569335
66984.0,-6884.0711398124695
66985.0,-6884.069303055604
66986.0,-6884.067466298739
66987.0,-6884.065629541874
66988.0,-6884.063792785008
66989.0,-6884.061956028144
66990.0,-6884.060119271278
66991.0,-6884.058282514413
66992.0,-6884.056445757548
66993.0,-6884.054609000683
66994.0,-6884.052772243817
66995.0,-6884.050935486953
66996.0,-6884.049098730087
66997.0,-6884.047261973222
66998.0,-6884.045425216357
66999.0,-6884.043588459492
67000.0,-6884.041751702626
67001.0,-6884.039914945762
67002.0,-6884.038078188896
67003.0,-6884.036241432031
67004.0,-6884.034404675166
67005.0,-6884.032567918301
67006.0,-6884.030731161435
67007.0,-6884.028894404571
67008.0,-6884.027057647705
67009.0,-6884.02522089084
67010.0,-6884.023384133975
67011.0,-6884.0215473771095
67012.0,-6884.019710620244
67013.0,-6884.0178738633795
67014.0,-6884.016037106514
67015.0,-6884.0142003496485
67016.0,-6884.012363592784
67017.0,-6884.010526835918
67018.0,-6884.008690079053
67019.0,-6884.006853322188
67020.0,-6884.005016565323
67021.0,-6884.003179808457
67022.0,-6884.001343051593
67023.0,-6883.999506294727
67024.0,-6883.997669537862
67025.0,-6883.995832780997
67026.0,-6883.993996024132
67027.0,-6883.992159267266
67028.0,-6883.990322510402
67029.0,-6883.988485753536
67030.0,-6883.986648996671
67031.0,-6883.984812239806
67032.0,-6883.982975482941
67033.0,-6883.981138726075
67034.0,-6883.979301969211
67035.0,-6883.977465212345
67036.0,-6883.97562845548
67037.0,-6883.973791698615
67038.0,-6883.97195494175
67039.0,-6883.970118184884
67040.0,-6883.9682814280195
67041.0,-6883.966444671154
67042.0,-6883.9646079142885
67043.0,-6883.962771157424
67044.0,-6883.9609344005585
67045.0,-6883.959097643693
67046.0,-6883.957260886828
67047.0,-6883.955424129963
67048.0,-6883.953587373097
67049.0,-6883.951750616233
67050.0,-6883.949913859367
67051.0,-6883.948077102502
67052.0,-6883.946240345637
67053.0,-6883.944403588772
67054.0,-6883.942566831906
67055.0,-6883.940730075042
67056.0,-6883.938893318176
67057.0,-6883.937056561311
67058.0,-6883.935219804446
67059.0,-6883.933383047581
67060.0,-6883.931546290715
67061.0,-6883.929709533851
67062.0,-6883.927872776985
67063.0,-6883.92603602012
67064.0,-6883.924199263255
67065.0,-6883.92236250639
67066.0,-6883.920525749524
67067.0,-6883.91868899266
67068.0,-6883.916852235794
67069.0,-6883.915015478929
67070.0,-6883.913178722064
67071.0,-6883.9113419651985
67072.0,-6883.909505208333
67073.0,-6883.907668451468
67074.0,-6883.905831694603
67075.0,-6883.9039949377375
67076.0,-6883.902158180873
67077.0,-6883.900321424007
67078.0,-6883.898484667142
67079.0,-6883.896647910277
67080.0,-6883.894811153412
67081.0,-6883.892974396546
67082.0,-6883.891137639682
67083.0,-6883.889300882816
67084.0,-6883.887464125951
67085.0,-6883.885627369086
67086.0,-6883.883790612221
67087.0,-6883.881953855355
67088.0,-6883.880117098491
67089.0,-6883.878280341625
67090.0,-6883.87644358476
67091.0,-6883.874606827895
67092.0,-6883.87277007103
67093.0,-6883.870933314164
67094.0,-6883.8690965573
67095.0,-6883.867259800434
67096.0,-6883.865423043569
67097.0,-6883.863586286704
67098.0,-6883.861749529839
67099.0,-6883.859912772973
67100.0,-6883.8580760161085
67101.0,-6883.856239259243
67102.0,-6883.8544025023775
67103.0,-6883.852565745513
67104.0,-6883.8507289886475
67105.0,-6883.848892231782
67106.0,-6883.847055474917
67107.0,-6883.845218718052
67108.0,-6883.843381961186
67109.0,-6883.841545204322
67110.0,-6883.839708447456
67111.0,-6883.837871690591
67112.0,-6883.836034933726
67113.0,-6883.834198176861
67114.0,-6883.832361419995
67115.0,-6883.830524663131
67116.0,-6883.828687906265
67117.0,-6883.8268511494
67118.0,-6883.825014392535
67119.0,-6883.82317763567
67120.0,-6883.821340878804
67121.0,-6883.81950412194
67122.0,-6883.817667365074
67123.0,-6883.815830608209
67124.0,-6883.813993851344
67125.0,-6883.812157094479
67126.0,-6883.810320337613
67127.0,-6883.8084835807485
67128.0,-6883.806646823883
67129.0,-6883.804810067018
67130.0,-6883.802973310153
67131.0,-6883.8011365532875
67132.0,-6883.799299796422
67133.0,-6883.797463039557
67134.0,-6883.795626282692
67135.0,-6883.7937895258265
67136.0,-6883.791952768962
67137.0,-6883.790116012096
67138.0,-6883.788279255231
67139.0,-6883.786442498366
67140.0,-6883.784605741501
67141.0,-6883.782768984635
67142.0,-6883.780932227771
67143.0,-6883.779095470905
67144.0,-6883.77725871404
67145.0,-6883.775421957175
67146.0,-6883.77358520031
67147.0,-6883.771748443444
67148.0,-6883.76991168658
67149.0,-6883.768074929714
67150.0,-6883.766238172849
67151.0,-6883.764401415984
67152.0,-6883.762564659119
67153.0,-6883.760727902253
67154.0,-6883.758891145389
67155.0,-6883.757054388523
67156.0,-6883.755217631658
67157.0,-6883.753380874793
67158.0,-6883.751544117928
67159.0,-6883.749707361062
67160.0,-6883.7478706041975
67161.0,-6883.746033847332
67162.0,-6883.7441970904665
67163.0,-6883.742360333602
67164.0,-6883.740523576736
67165.0,-6883.738686819871
67166.0,-6883.736850063006
67167.0,-6883.735013306141
67168.0,-6883.733176549275
67169.0,-6883.731339792411
67170.0,-6883.729503035545
67171.0,-6883.72766627868
67172.0,-6883.725829521815
67173.0,-6883.72399276495
67174.0,-6883.722156008084
67175.0,-6883.72031925122
67176.0,-6883.718482494354
67177.0,-6883.716645737489
67178.0,-6883.714808980624
67179.0,-6883.712972223759
67180.0,-6883.711135466893
67181.0,-6883.709298710029
67182.0,-6883.707461953163
67183.0,-6883.705625196298
67184.0,-6883.703788439433
67185.0,-6883.701951682568
67186.0,-6883.700114925702
67187.0,-6883.6982781688375
67188.0,-6883.696441411972
67189.0,-6883.694604655107
67190.0,-6883.692767898242
67191.0,-6883.6909311413765
67192.0,-6883.689094384511
67193.0,-6883.687257627646
67194.0,-6883.685420870781
67195.0,-6883.6835841139155
67196.0,-6883.681747357051
67197.0,-6883.679910600185
67198.0,-6883.67807384332
67199.0,-6883.676237086455
67200.0,-6883.67440032959
67201.0,-6883.672563572724
67202.0,-6883.67072681586
67203.0,-6883.668890058994
67204.0,-6883.667053302129
67205.0,-6883.665216545264
67206.0,-6883.663379788399
67207.0,-6883.661543031533
67208.0,-6883.659706274669
67209.0,-6883.657869517803
67210.0,-6883.656032760938
67211.0,-6883.654196004073
67212.0,-6883.652359247208
67213.0,-6883.650522490342
67214.0,-6883.648685733478
67215.0,-6883.646848976612
67216.0,-6883.645012219747
67217.0,-6883.643175462882
67218.0,-6883.6413387060165
67219.0,-6883.639501949151
67220.0,-6883.6376651922865
67221.0,-6883.635828435421
67222.0,-6883.6339916785555
67223.0,-6883.632154921691
67224.0,-6883.630318164825
67225.0,-6883.62848140796
67226.0,-6883.626644651095
67227.0,-6883.62480789423
67228.0,-6883.622971137364
67229.0,-6883.6211343805
67230.0,-6883.619297623634
67231.0,-6883.617460866769
67232.0,-6883.615624109904
67233.0,-6883.613787353039
67234.0,-6883.611950596173
67235.0,-6883.610113839309
67236.0,-6883.608277082443
67237.0,-6883.606440325578
67238.0,-6883.604603568713
67239.0,-6883.602766811848
67240.0,-6883.600930054982
67241.0,-6883.599093298118
67242.0,-6883.597256541252
67243.0,-6883.595419784387
67244.0,-6883.593583027522
67245.0,-6883.591746270657
67246.0,-6883.589909513791
67247.0,-6883.5880727569265
67248.0,-6883.586236000061
67249.0,-6883.584399243196
67250.0,-6883.582562486331
67251.0,-6883.5807257294655
67252.0,-6883.5788889726
67253.0,-6883.577052215735
67254.0,-6883.57521545887
67255.0,-6883.573378702004
67256.0,-6883.57154194514
67257.0,-6883.569705188274
67258.0,-6883.567868431409
67259.0,-6883.566031674544
67260.0,-6883.564194917679
67261.0,-6883.562358160813
67262.0,-6883.560521403949
67263.0,-6883.558684647083
67264.0,-6883.556847890218
67265.0,-6883.555011133353
67266.0,-6883.553174376488
67267.0,-6883.551337619622
67268.0,-6883.549500862758
67269.0,-6883.547664105892
67270.0,-6883.545827349027
67271.0,-6883.543990592162
67272.0,-6883.542153835297
67273.0,-6883.540317078431
67274.0,-6883.538480321567
67275.0,-6883.536643564701
67276.0,-6883.534806807836
67277.0,-6883.532970050971
67278.0,-6883.5311332941055
67279.0,-6883.52929653724
67280.0,-6883.5274597803755
67281.0,-6883.52562302351
67282.0,-6883.5237862666445
67283.0,-6883.52194950978
67284.0,-6883.520112752914
67285.0,-6883.518275996049
67286.0,-6883.516439239184
67287.0,-6883.514602482319
67288.0,-6883.512765725453
67289.0,-6883.510928968589
67290.0,-6883.509092211723
67291.0,-6883.507255454858
67292.0,-6883.505418697993
67293.0,-6883.503581941128
67294.0,-6883.501745184262
67295.0,-6883.499908427398
67296.0,-6883.498071670532
67297.0,-6883.496234913667
67298.0,-6883.494398156802
67299.0,-6883.492561399937
67300.0,-6883.490724643071
67301.0,-6883.488887886207
67302.0,-6883.487051129341
67303.0,-6883.485214372476
67304.0,-6883.483377615611
67305.0,-6883.481540858746
67306.0,-6883.47970410188
67307.0,-6883.4778673450155
67308.0,-6883.47603058815
67309.0,-6883.4741938312845
67310.0,-6883.47235707442
67311.0,-6883.4705203175545
67312.0,-6883.468683560689
67313.0,-6883.466846803824
67314.0,-6883.465010046959
67315.0,-6883.463173290093
67316.0,-6883.461336533229
67317.0,-6883.459499776363
67318.0,-6883.457663019498
67319.0,-6883.455826262633
67320.0,-6883.453989505768
67321.0,-6883.452152748902
67322.0,-6883.450315992038
67323.0,-6883.448479235172
67324.0,-6883.446642478307
67325.0,-6883.444805721442
67326.0,-6883.442968964577
67327.0,-6883.441132207711
67328.0,-6883.439295450847
67329.0,-6883.437458693981
67330.0,-6883.435621937116
67331.0,-6883.433785180251
67332.0,-6883.431948423386
67333.0,-6883.43011166652
67334.0,-6883.428274909656
67335.0,-6883.42643815279
67336.0,-6883.424601395925
67337.0,-6883.42276463906
67338.0,-6883.4209278821945
67339.0,-6883.419091125329
67340.0,-6883.4172543684645
67341.0,-6883.415417611599
67342.0,-6883.4135808547335
67343.0,-6883.411744097869
67344.0,-6883.409907341003
67345.0,-6883.408070584138
67346.0,-6883.406233827273
67347.0,-6883.404397070408
67348.0,-6883.402560313542
67349.0,-6883.400723556678
67350.0,-6883.398886799812
67351.0,-6883.397050042947
67352.0,-6883.395213286082
67353.0,-6883.393376529217
67354.0,-6883.391539772351
67355.0,-6883.389703015487
67356.0,-6883.387866258621
67357.0,-6883.386029501756
67358.0,-6883.384192744891
67359.0,-6883.382355988026
67360.0,-6883.38051923116
67361.0,-6883.378682474296
67362.0,-6883.37684571743
67363.0,-6883.375008960565
67364.0,-6883.3731722037
67365.0,-6883.371335446835
67366.0,-6883.369498689969
67367.0,-6883.3676619331045
67368.0,-6883.365825176239
67369.0,-6883.3639884193735
67370.0,-6883.362151662509
67371.0,-6883.3603149056435
67372.0,-6883.358478148778
67373.0,-6883.356641391913
67374.0,-6883.354804635048
67375.0,-6883.352967878182
67376.0,-6883.351131121318
67377.0,-6883.349294364452
67378.0,-6883.347457607587
67379.0,-6883.345620850722
67380.0,-6883.343784093857
67381.0,-6883.341947336991
67382.0,-6883.340110580127
67383.0,-6883.338273823261
67384.0,-6883.336437066396
67385.0,-6883.334600309531
67386.0,-6883.332763552666
67387.0,-6883.3309267958
67388.0,-6883.329090038936
67389.0,-6883.32725328207
67390.0,-6883.325416525205
67391.0,-6883.32357976834
67392.0,-6883.321743011475
67393.0,-6883.319906254609
67394.0,-6883.318069497745
67395.0,-6883.316232740879
67396.0,-6883.314395984014
67397.0,-6883.312559227149
67398.0,-6883.3107224702835
67399.0,-6883.308885713418
67400.0,-6883.307048956553
67401.0,-6883.305212199688
67402.0,-6883.3033754428225
67403.0,-6883.301538685958
67404.0,-6883.299701929092
67405.0,-6883.297865172227
67406.0,-6883.296028415362
67407.0,-6883.294191658497
67408.0,-6883.292354901631
67409.0,-6883.290518144767
67410.0,-6883.288681387901
67411.0,-6883.286844631036
67412.0,-6883.285007874171
67413.0,-6883.283171117306
67414.0,-6883.28133436044
67415.0,-6883.279497603576
67416.0,-6883.27766084671
67417.0,-6883.275824089845
67418.0,-6883.27398733298
67419.0,-6883.272150576115
67420.0,-6883.270313819249
67421.0,-6883.268477062385
67422.0,-6883.266640305519
67423.0,-6883.264803548654
67424.0,-6883.262966791789
67425.0,-6883.261130034924
67426.0,-6883.259293278058
67427.0,-6883.2574565211935
67428.0,-6883.255619764328
67429.0,-6883.2537830074625
67430.0,-6883.251946250598
67431.0,-6883.250109493732
67432.0,-6883.248272736867
67433.0,-6883.246435980002
67434.0,-6883.244599223137
67435.0,-6883.242762466271
67436.0,-6883.240925709407
67437.0,-6883.239088952541
67438.0,-6883.237252195676
67439.0,-6883.235415438811
67440.0,-6883.233578681946
67441.0,-6883.23174192508
67442.0,-6883.229905168216
67443.0,-6883.22806841135
67444.0,-6883.226231654485
67445.0,-6883.22439489762
67446.0,-6883.222558140755
67447.0,-6883.220721383889
67448.0,-6883.218884627025
67449.0,-6883.217047870159
67450.0,-6883.215211113294
67451.0,-6883.213374356429
67452.0,-6883.211537599564
67453.0,-6883.209700842698
67454.0,-6883.2078640858335
67455.0,-6883.206027328968
67456.0,-6883.204190572103
67457.0,-6883.202353815238
67458.0,-6883.2005170583725
67459.0,-6883.198680301507
67460.0,-6883.196843544642
67461.0,-6883.195006787777
67462.0,-6883.1931700309115
67463.0,-6883.191333274047
67464.0,-6883.189496517181
67465.0,-6883.187659760316
67466.0,-6883.185823003451
67467.0,-6883.183986246586
67468.0,-6883.18214948972
67469.0,-6883.180312732856
67470.0,-6883.17847597599
67471.0,-6883.176639219125
67472.0,-6883.17480246226
67473.0,-6883.172965705395
67474.0,-6883.171128948529
67475.0,-6883.169292191665
67476.0,-6883.167455434799
67477.0,-6883.165618677934
67478.0,-6883.163781921069
67479.0,-6883.161945164204
67480.0,-6883.160108407338
67481.0,-6883.158271650474
67482.0,-6883.156434893608
67483.0,-6883.154598136743
67484.0,-6883.152761379878
67485.0,-6883.1509246230125
67486.0,-6883.149087866147
67487.0,-6883.1472511092825
67488.0,-6883.145414352417
67489.0,-6883.1435775955515
67490.0,-6883.141740838687
67491.0,-6883.139904081821
67492.0,-6883.138067324956
67493.0,-6883.136230568091
67494.0,-6883.134393811226
67495.0,-6883.13255705436
67496.0,-6883.130720297496
67497.0,-6883.12888354063
67498.0,-6883.127046783765
67499.0,-6883.1252100269
67500.0,-6883.123373270035
67501.0,-6883.121536513169
67502.0,-6883.119699756305
67503.0,-6883.117862999439
67504.0,-6883.116026242574
67505.0,-6883.114189485709
67506.0,-6883.112352728844
67507.0,-6883.110515971978
67508.0,-6883.108679215114
67509.0,-6883.106842458248
67510.0,-6883.105005701383
67511.0,-6883.103168944518
67512.0,-6883.101332187653
67513.0,-6883.099495430787
67514.0,-6883.0976586739225
67515.0,-6883.095821917057
67516.0,-6883.093985160192
67517.0,-6883.092148403327
67518.0,-6883.0903116464615
67519.0,-6883.088474889596
67520.0,-6883.086638132731
67521.0,-6883.084801375866
67522.0,-6883.082964619
67523.0,-6883.081127862136
67524.0,-6883.07929110527
67525.0,-6883.077454348405
67526.0,-6883.07561759154
67527.0,-6883.073780834675
67528.0,-6883.071944077809
67529.0,-6883.070107320945
67530.0,-6883.068270564079
67531.0,-6883.066433807214
67532.0,-6883.064597050349
67533.0,-6883.062760293484
67534.0,-6883.060923536618
67535.0,-6883.059086779754
67536.0,-6883.057250022888
67537.0,-6883.055413266023
67538.0,-6883.053576509158
67539.0,-6883.051739752293
67540.0,-6883.049902995427
67541.0,-6883.048066238563
67542.0,-6883.046229481697
67543.0,-6883.044392724832
67544.0,-6883.042555967967
67545.0,-6883.0407192111015
67546.0,-6883.038882454236
67547.0,-6883.0370456973715
67548.0,-6883.035208940506
67549.0,-6883.0333721836405
67550.0,-6883.031535426776
67551.0,-6883.02969866991
67552.0,-6883.027861913045
67553.0,-6883.02602515618
67554.0,-6883.024188399315
67555.0,-6883.022351642449
67556.0,-6883.020514885585
67557.0,-6883.018678128719
67558.0,-6883.016841371854
67559.0,-6883.015004614989
67560.0,-6883.013167858124
67561.0,-6883.011331101258
67562.0,-6883.009494344394
67563.0,-6883.007657587528
67564.0,-6883.005820830663
67565.0,-6883.003984073798
67566.0,-6883.002147316933
67567.0,-6883.000310560067
67568.0,-6882.998473803203
67569.0,-6882.996637046337
67570.0,-6882.994800289472
67571.0,-6882.992963532607
67572.0,-6882.991126775742
67573.0,-6882.989290018876
67574.0,-6882.9874532620115
67575.0,-6882.985616505146
67576.0,-6882.9837797482805
67577.0,-6882.981942991416
67578.0,-6882.9801062345505
67579.0,-6882.978269477685
67580.0,-6882.97643272082
67581.0,-6882.974595963955
67582.0,-6882.972759207089
67583.0,-6882.970922450225
67584.0,-6882.969085693359
67585.0,-6882.9723461767035
67586.0,-6882.9756066600485
67587.0,-6882.978867143393
67588.0,-6882.982127626737
67589.0,-6882.985388110082
67590.0,-6882.988648593426
67591.0,-6882.99190907677
67592.0,-6882.995169560115
67593.0,-6882.998430043459
67594.0,-6883.001690526803
67595.0,-6883.004951010148
67596.0,-6883.008211493492
67597.0,-6883.011471976836
67598.0,-6883.014732460181
67599.0,-6883.017992943525
67600.0,-6883.021253426869
67601.0,-6883.024513910214
67602.0,-6883.0277743935585
67603.0,-6883.031034876903
67604.0,-6883.034295360248
67605.0,-6883.037555843592
67606.0,-6883.040816326936
67607.0,-6883.044076810281
67608.0,-6883.047337293625
67609.0,-6883.050597776969
67610.0,-6883.053858260314
67611.0,-6883.057118743658
67612.0,-6883.060379227002
67613.0,-6883.063639710347
67614.0,-6883.066900193691
67615.0,-6883.070160677035
67616.0,-6883.07342116038
67617.0,-6883.076681643724
67618.0,-6883.0799421270685
67619.0,-6883.0832026104135
67620.0,-6883.086463093758
67621.0,-6883.089723577102
67622.0,-6883.092984060447
67623.0,-6883.096244543791
67624.0,-6883.099505027135
67625.0,-6883.10276551048
67626.0,-6883.106025993824
67627.0,-6883.109286477168
67628.0,-6883.112546960513
67629.0,-6883.115807443857
67630.0,-6883.119067927201
67631.0,-6883.122328410546
67632.0,-6883.12558889389
67633.0,-6883.1288493772345
67634.0,-6883.1321098605795
67635.0,-6883.135370343924
67636.0,-6883.138630827268
67637.0,-6883.141891310613
67638.0,-6883.145151793957
67639.0,-6883.148412277301
67640.0,-6883.151672760646
67641.0,-6883.15493324399
67642.0,-6883.158193727334
67643.0,-6883.161454210679
67644.0,-6883.164714694023
67645.0,-6883.167975177367
67646.0,-6883.171235660712
67647.0,-6883.174496144056
67648.0,-6883.1777566274
67649.0,-6883.181017110745
67650.0,-6883.1842775940895
67651.0,-6883.187538077434
67652.0,-6883.190798560779
67653.0,-6883.194059044123
67654.0,-6883.197319527467
67655.0,-6883.200580010812
67656.0,-6883.203840494156
67657.0,-6883.2071009775
67658.0,-6883.210361460845
67659.0,-6883.213621944189
67660.0,-6883.216882427533
67661.0,-6883.220142910878
67662.0,-6883.223403394222
67663.0,-6883.226663877566
67664.0,-6883.229924360911
67665.0,-6883.233184844255
67666.0,-6883.2364453275995
67667.0,-6883.2397058109445
67668.0,-6883.242966294289
67669.0,-6883.246226777633
67670.0,-6883.249487260978
67671.0,-6883.252747744322
67672.0,-6883.256008227666
67673.0,-6883.259268711011
67674.0,-6883.262529194355
67675.0,-6883.265789677699
67676.0,-6883.269050161044
67677.0,-6883.272310644388
67678.0,-6883.275571127732
67679.0,-6883.278831611077
67680.0,-6883.282092094421
67681.0,-6883.2853525777655
67682.0,-6883.2886130611105
67683.0,-6883.291873544455
67684.0,-6883.295134027799
67685.0,-6883.298394511144
67686.0,-6883.301654994488
67687.0,-6883.304915477832
67688.0,-6883.308175961177
67689.0,-6883.311436444521
67690.0,-6883.314696927865
67691.0,-6883.31795741121
67692.0,-6883.321217894554
67693.0,-6883.324478377898
67694.0,-6883.327738861243
67695.0,-6883.330999344587
67696.0,-6883.334259827931
67697.0,-6883.337520311276
67698.0,-6883.3407807946205
67699.0,-6883.344041277965
67700.0,-6883.34730176131
67701.0,-6883.350562244654
67702.0,-6883.353822727998
67703.0,-6883.357083211343
67704.0,-6883.360343694687
67705.0,-6883.363604178031
67706.0,-6883.366864661376
67707.0,-6883.37012514472
67708.0,-6883.373385628064
67709.0,-6883.376646111409
67710.0,-6883.379906594753
67711.0,-6883.383167078097
67712.0,-6883.386427561442
67713.0,-6883.389688044786
67714.0,-6883.392948528131
67715.0,-6883.396209011476
67716.0,-6883.39946949482
67717.0,-6883.402729978164
67718.0,-6883.405990461509
67719.0,-6883.409250944853
67720.0,-6883.412511428197
67721.0,-6883.415771911542
67722.0,-6883.419032394886
67723.0,-6883.42229287823
67724.0,-6883.425553361575
67725.0,-6883.428813844919
67726.0,-6883.432074328263
67727.0,-6883.435334811608
67728.0,-6883.438595294952
67729.0,-6883.4418557782965
67730.0,-6883.4451162616415
67731.0,-6883.448376744986
67732.0,-6883.45163722833
67733.0,-6883.454897711675
67734.0,-6883.458158195019
67735.0,-6883.461418678363
67736.0,-6883.464679161708
67737.0,-6883.467939645052
67738.0,-6883.471200128396
67739.0,-6883.474460611741
67740.0,-6883.477721095085
67741.0,-6883.480981578429
67742.0,-6883.484242061774
67743.0,-6883.487502545118
67744.0,-6883.490763028462
67745.0,-6883.494023511807
67746.0,-6883.4972839951515
67747.0,-6883.500544478496
67748.0,-6883.503804961841
67749.0,-6883.507065445185
67750.0,-6883.510325928529
67751.0,-6883.513586411874
67752.0,-6883.516846895218
67753.0,-6883.520107378562
67754.0,-6883.523367861907
67755.0,-6883.526628345251
67756.0,-6883.529888828595
67757.0,-6883.53314931194
67758.0,-6883.536409795284
67759.0,-6883.539670278628
67760.0,-6883.542930761973
67761.0,-6883.5461912453175
67762.0,-6883.549451728662
67763.0,-6883.552712212007
67764.0,-6883.555972695351
67765.0,-6883.559233178695
67766.0,-6883.56249366204
67767.0,-6883.565754145384
67768.0,-6883.569014628728
67769.0,-6883.572275112073
67770.0,-6883.575535595417
67771.0,-6883.578796078761
67772.0,-6883.582056562106
67773.0,-6883.58531704545
67774.0,-6883.588577528794
67775.0,-6883.591838012139
67776.0,-6883.595098495483
67777.0,-6883.5983589788275
67778.0,-6883.6016194621725
67779.0,-6883.604879945517
67780.0,-6883.608140428861
67781.0,-6883.611400912206
67782.0,-6883.61466139555
67783.0,-6883.617921878894
67784.0,-6883.621182362239
67785.0,-6883.624442845583
67786.0,-6883.627703328927
67787.0,-6883.630963812272
67788.0,-6883.634224295616
67789.0,-6883.63748477896
67790.0,-6883.640745262305
67791.0,-6883.644005745649
67792.0,-6883.647266228993
67793.0,-6883.650526712338
67794.0,-6883.6537871956825
67795.0,-6883.657047679027
67796.0,-6883.660308162372
67797.0,-6883.663568645716
67798.0,-6883.66682912906
67799.0,-6883.670089612405
67800.0,-6883.673350095749
67801.0,-6883.676610579093
67802.0,-6883.679871062438
67803.0,-6883.683131545782
67804.0,-6883.686392029126
67805.0,-6883.689652512471
67806.0,-6883.692912995815
67807.0,-6883.696173479159
67808.0,-6883.699433962504
67809.0,-6883.7026944458485
67810.0,-6883.705954929193
67811.0,-6883.709215412538
67812.0,-6883.712475895882
67813.0,-6883.715736379226
67814.0,-6883.718996862571
67815.0,-6883.722257345915
67816.0,-6883.725517829259
67817.0,-6883.728778312604
67818.0,-6883.732038795948
67819.0,-6883.735299279292
67820.0,-6883.738559762637
67821.0,-6883.741820245981
67822.0,-6883.745080729325
67823.0,-6883.74834121267
67824.0,-6883.751601696014
67825.0,-6883.7548621793585
67826.0,-6883.7581226627035
67827.0,-6883.761383146048
67828.0,-6883.764643629392
67829.0,-6883.767904112737
67830.0,-6883.771164596081
67831.0,-6883.774425079425
67832.0,-6883.77768556277
67833.0,-6883.780946046114
67834.0,-6883.784206529458
67835.0,-6883.787467012803
67836.0,-6883.790727496147
67837.0,-6883.793987979491
67838.0,-6883.797248462836
67839.0,-6883.80050894618
67840.0,-6883.803769429524
67841.0,-6883.807029912869
67842.0,-6883.8102903962135
67843.0,-6883.813550879558
67844.0,-6883.816811362903
67845.0,-6883.820071846247
67846.0,-6883.823332329591
67847.0,-6883.826592812936
67848.0,-6883.82985329628
67849.0,-6883.833113779624
67850.0,-6883.836374262969
67851.0,-6883.839634746313
67852.0,-6883.842895229657
67853.0,-6883.846155713002
67854.0,-6883.849416196346
67855.0,-6883.85267667969
67856.0,-6883.855937163035
67857.0,-6883.8591976463795
67858.0,-6883.862458129724
67859.0,-6883.865718613069
67860.0,-6883.868979096413
67861.0,-6883.872239579757
67862.0,-6883.875500063102
67863.0,-6883.878760546446
67864.0,-6883.88202102979
67865.0,-6883.885281513135
67866.0,-6883.888541996479
67867.0,-6883.891802479823
67868.0,-6883.895062963168
67869.0,-6883.898323446512
67870.0,-6883.901583929856
67871.0,-6883.904844413201
67872.0,-6883.908104896545
67873.0,-6883.9113653798895
67874.0,-6883.9146258632345
67875.0,-6883.917886346579
67876.0,-6883.921146829923
67877.0,-6883.924407313268
67878.0,-6883.927667796612
67879.0,-6883.930928279956
67880.0,-6883.934188763301
67881.0,-6883.937449246645
67882.0,-6883.940709729989
67883.0,-6883.943970213334
67884.0,-6883.947230696678
67885.0,-6883.950491180022
67886.0,-6883.953751663367
67887.0,-6883.957012146711
67888.0,-6883.960272630055
67889.0,-6883.9635331134
67890.0,-6883.9667935967445
67891.0,-6883.970054080089
67892.0,-6883.973314563434
67893.0,-6883.976575046778
67894.0,-6883.979835530122
67895.0,-6883.983096013467
67896.0,-6883.986356496811
67897.0,-6883.989616980155
67898.0,-6883.9928774635
67899.0,-6883.996137946844
67900.0,-6883.999398430188
67901.0,-6884.002658913533
67902.0,-6884.005919396877
67903.0,-6884.009179880221
67904.0,-6884.012440363566
67905.0,-6884.0157008469105
67906.0,-6884.018961330255
67907.0,-6884.0222218136
67908.0,-6884.025482296944
67909.0,-6884.028742780288
67910.0,-6884.032003263633
67911.0,-6884.035263746977
67912.0,-6884.038524230321
67913.0,-6884.041784713666
67914.0,-6884.04504519701
67915.0,-6884.048305680354
67916.0,-6884.051566163699
67917.0,-6884.054826647043
67918.0,-6884.058087130387
67919.0,-6884.061347613732
67920.0,-6884.064608097076
67921.0,-6884.0678685804205
67922.0,-6884.0711290637655
67923.0,-6884.07438954711
67924.0,-6884.077650030454
67925.0,-6884.080910513799
67926.0,-6884.084170997143
67927.0,-6884.087431480487
67928.0,-6884.090691963832
67929.0,-6884.093952447176
67930.0,-6884.09721293052
67931.0,-6884.100473413865
67932.0,-6884.103733897209
67933.0,-6884.106994380553
67934.0,-6884.110254863898
67935.0,-6884.113515347242
67936.0,-6884.116775830586
67937.0,-6884.120036313931
67938.0,-6884.1232967972755
67939.0,-6884.12655728062
67940.0,-6884.129817763965
67941.0,-6884.133078247309
67942.0,-6884.136338730653
67943.0,-6884.139599213998
67944.0,-6884.142859697342
67945.0,-6884.146120180686
67946.0,-6884.149380664031
67947.0,-6884.152641147375
67948.0,-6884.155901630719
67949.0,-6884.159162114064
67950.0,-6884.162422597408
67951.0,-6884.165683080752
67952.0,-6884.168943564097
67953.0,-6884.1722040474415
67954.0,-6884.175464530786
67955.0,-6884.178725014131
67956.0,-6884.181985497475
67957.0,-6884.185245980819
67958.0,-6884.188506464164
67959.0,-6884.191766947508
67960.0,-6884.195027430852
67961.0,-6884.198287914197
67962.0,-6884.201548397541
67963.0,-6884.204808880885
67964.0,-6884.20806936423
67965.0,-6884.211329847574
67966.0,-6884.214590330918
67967.0,-6884.217850814263
67968.0,-6884.221111297607
67969.0,-6884.2243717809515
67970.0,-6884.2276322642965
67971.0,-6884.230892747641
67972.0,-6884.234153230985
67973.0,-6884.23741371433
67974.0,-6884.240674197674
67975.0,-6884.243934681018
67976.0,-6884.247195164363
67977.0,-6884.250455647707
67978.0,-6884.253716131051
67979.0,-6884.256976614396
67980.0,-6884.26023709774
67981.0,-6884.263497581084
67982.0,-6884.266758064429
67983.0,-6884.270018547773
67984.0,-6884.273279031117
67985.0,-6884.2765395144625
67986.0,-6884.279799997807
67987.0,-6884.283060481151
67988.0,-6884.286320964496
67989.0,-6884.28958144784
67990.0,-6884.292841931184
67991.0,-6884.296102414529
67992.0,-6884.299362897873
67993.0,-6884.302623381217
67994.0,-6884.305883864562
67995.0,-6884.309144347906
67996.0,-6884.31240483125
67997.0,-6884.315665314595
67998.0,-6884.318925797939
67999.0,-6884.322186281283
68000.0,-6884.325446764628
68001.0,-6884.3287072479725
68002.0,-6884.331967731317
68003.0,-6884.335228214662
68004.0,-6884.338488698006
68005.0,-6884.34174918135
68006.0,-6884.345009664695
68007.0,-6884.348270148039
68008.0,-6884.351530631383
68009.0,-6884.354791114728
68010.0,-6884.358051598072
68011.0,-6884.361312081416
68012.0,-6884.364572564761
68013.0,-6884.367833048105
68014.0,-6884.371093531449
68015.0,-6884.374354014794
68016.0,-6884.377614498138
68017.0,-6884.3808749814825
68018.0,-6884.3841354648275
68019.0,-6884.387395948172
68020.0,-6884.390656431516
68021.0,-6884.393916914861
68022.0,-6884.397177398205
68023.0,-6884.400437881549
68024.0,-6884.403698364894
68025.0,-6884.406958848238
68026.0,-6884.410219331582
68027.0,-6884.413479814927
68028.0,-6884.416740298271
68029.0,-6884.420000781615
68030.0,-6884.42326126496
68031.0,-6884.426521748304
68032.0,-6884.4297822316485
68033.0,-6884.4330427149935
68034.0,-6884.436303198338
68035.0,-6884.439563681682
68036.0,-6884.442824165027
68037.0,-6884.446084648371
68038.0,-6884.449345131715
68039.0,-6884.45260561506
68040.0,-6884.455866098404
68041.0,-6884.459126581748
68042.0,-6884.462387065093
68043.0,-6884.465647548437
68044.0,-6884.468908031781
68045.0,-6884.472168515126
68046.0,-6884.47542899847
68047.0,-6884.478689481814
68048.0,-6884.481949965159
68049.0,-6884.4852104485035
68050.0,-6884.488470931848
68051.0,-6884.491731415193
68052.0,-6884.494991898537
68053.0,-6884.498252381881
68054.0,-6884.501512865226
68055.0,-6884.50477334857
68056.0,-6884.508033831914
68057.0,-6884.511294315259
68058.0,-6884.514554798603
68059.0,-6884.517815281947
68060.0,-6884.521075765292
68061.0,-6884.524336248636
68062.0,-6884.52759673198
68063.0,-6884.530857215325
68064.0,-6884.534117698669
68065.0,-6884.5373781820135
68066.0,-6884.5406386653585
68067.0,-6884.543899148703
68068.0,-6884.547159632047
68069.0,-6884.550420115392
68070.0,-6884.553680598736
68071.0,-6884.55694108208
68072.0,-6884.560201565425
68073.0,-6884.563462048769
68074.0,-6884.566722532113
68075.0,-6884.569983015458
68076.0,-6884.573243498802
68077.0,-6884.576503982146
68078.0,-6884.579764465491
68079.0,-6884.583024948835
68080.0,-6884.5862854321795
68081.0,-6884.5895459155245
68082.0,-6884.592806398869
68083.0,-6884.596066882213
68084.0,-6884.599327365558
68085.0,-6884.602587848902
68086.0,-6884.605848332246
68087.0,-6884.609108815591
68088.0,-6884.612369298935
68089.0,-6884.615629782279
68090.0,-6884.618890265624
68091.0,-6884.622150748968
68092.0,-6884.625411232312
68093.0,-6884.628671715657
68094.0,-6884.631932199001
68095.0,-6884.635192682345
68096.0,-6884.63845316569
68097.0,-6884.6417136490345
68098.0,-6884.644974132379
68099.0,-6884.648234615724
68100.0,-6884.651495099068
68101.0,-6884.654755582412
68102.0,-6884.658016065757
68103.0,-6884.661276549101
68104.0,-6884.664537032445
68105.0,-6884.66779751579
68106.0,-6884.671057999134
68107.0,-6884.674318482478
68108.0,-6884.677578965823
68109.0,-6884.680839449167
68110.0,-6884.684099932511
68111.0,-6884.687360415856
68112.0,-6884.6906208992
68113.0,-6884.6938813825445
68114.0,-6884.6971418658895
68115.0,-6884.700402349234
68116.0,-6884.703662832578
68117.0,-6884.706923315923
68118.0,-6884.710183799267
68119.0,-6884.713444282611
68120.0,-6884.716704765956
68121.0,-6884.7199652493
68122.0,-6884.723225732644
68123.0,-6884.726486215989
68124.0,-6884.729746699333
68125.0,-6884.733007182677
68126.0,-6884.736267666022
68127.0,-6884.739528149366
68128.0,-6884.7427886327105
68129.0,-6884.7460491160555
68130.0,-6884.7493095994
68131.0,-6884.752570082744
68132.0,-6884.755830566089
68133.0,-6884.759091049433
68134.0,-6884.762351532777
68135.0,-6884.765612016122
68136.0,-6884.768872499466
68137.0,-6884.77213298281
68138.0,-6884.775393466155
68139.0,-6884.778653949499
68140.0,-6884.781914432843
68141.0,-6884.785174916188
68142.0,-6884.788435399532
68143.0,-6884.791695882876
68144.0,-6884.794956366221
68145.0,-6884.7982168495655
68146.0,-6884.80147733291
68147.0,-6884.804737816255
68148.0,-6884.807998299599
68149.0,-6884.811258782943
68150.0,-6884.814519266288
68151.0,-6884.817779749632
68152.0,-6884.821040232976
68153.0,-6884.824300716321
68154.0,-6884.827561199665
68155.0,-6884.830821683009
68156.0,-6884.834082166354
68157.0,-6884.837342649698
68158.0,-6884.840603133042
68159.0,-6884.843863616387
68160.0,-6884.847124099731
68161.0,-6884.8503845830755
68162.0,-6884.8536450664205
68163.0,-6884.856905549765
68164.0,-6884.860166033109
68165.0,-6884.863426516454
68166.0,-6884.866686999798
68167.0,-6884.869947483142
68168.0,-6884.873207966487
68169.0,-6884.876468449831
68170.0,-6884.879728933175
68171.0,-6884.88298941652
68172.0,-6884.886249899864
68173.0,-6884.889510383208
68174.0,-6884.892770866553
68175.0,-6884.896031349897
68176.0,-6884.8992918332415
68177.0,-6884.9025523165865
68178.0,-6884.905812799931
68179.0,-6884.909073283275
68180.0,-6884.91233376662
68181.0,-6884.915594249964
68182.0,-6884.918854733308
68183.0,-6884.922115216653
68184.0,-6884.925375699997
68185.0,-6884.928636183341
68186.0,-6884.931896666686
68187.0,-6884.93515715003
68188.0,-6884.938417633374
68189.0,-6884.941678116719
68190.0,-6884.944938600063
68191.0,-6884.948199083407
68192.0,-6884.951459566752
68193.0,-6884.9547200500965
68194.0,-6884.957980533441
68195.0,-6884.961241016786
68196.0,-6884.96450150013
68197.0,-6884.967761983474
68198.0,-6884.971022466819
68199.0,-6884.974282950163
68200.0,-6884.977543433507
68201.0,-6884.980803916852
68202.0,-6884.984064400196
68203.0,-6884.98732488354
68204.0,-6884.990585366885
68205.0,-6884.993845850229
68206.0,-6884.997106333573
68207.0,-6885.000366816918
68208.0,-6885.003627300262
68209.0,-6885.0068877836065
68210.0,-6885.010148266952
68211.0,-6885.013408750296
68212.0,-6885.01666923364
68213.0,-6885.019929716985
68214.0,-6885.023190200329
68215.0,-6885.026450683673
68216.0,-6885.029711167018
68217.0,-6885.032971650362
68218.0,-6885.036232133706
68219.0,-6885.039492617051
68220.0,-6885.042753100395
68221.0,-6885.046013583739
68222.0,-6885.049274067084
68223.0,-6885.052534550428
68224.0,-6885.0557950337725
68225.0,-6885.0590555171175
68226.0,-6885.062316000462
68227.0,-6885.065576483806
68228.0,-6885.068836967151
68229.0,-6885.072097450495
68230.0,-6885.075357933839
68231.0,-6885.078618417184
68232.0,-6885.081878900528
68233.0,-6885.085139383872
68234.0,-6885.088399867217
68235.0,-6885.091660350561
68236.0,-6885.094920833905
68237.0,-6885.09818131725
68238.0,-6885.101441800594
68239.0,-6885.104702283938
68240.0,-6885.107962767283
68241.0,-6885.1112232506275
68242.0,-6885.114483733972
68243.0,-6885.117744217317
68244.0,-6885.121004700661
68245.0,-6885.124265184005
68246.0,-6885.12752566735
68247.0,-6885.130786150694
68248.0,-6885.134046634038
68249.0,-6885.137307117383
68250.0,-6885.140567600727
68251.0,-6885.143828084071
68252.0,-6885.147088567416
68253.0,-6885.15034905076
68254.0,-6885.153609534104
68255.0,-6885.156870017449
68256.0,-6885.1601305007935
68257.0,-6885.163390984138
68258.0,-6885.166651467483
68259.0,-6885.169911950827
68260.0,-6885.173172434171
68261.0,-6885.176432917516
68262.0,-6885.17969340086
68263.0,-6885.182953884204
68264.0,-6885.186214367549
68265.0,-6885.189474850893
68266.0,-6885.192735334237
68267.0,-6885.195995817582
68268.0,-6885.199256300926
68269.0,-6885.20251678427
68270.0,-6885.205777267615
68271.0,-6885.209037750959
68272.0,-6885.2122982343035
68273.0,-6885.2155587176485
68274.0,-6885.218819200993
68275.0,-6885.222079684337
68276.0,-6885.225340167682
68277.0,-6885.228600651026
68278.0,-6885.23186113437
68279.0,-6885.235121617715
68280.0,-6885.238382101059
68281.0,-6885.241642584403
68282.0,-6885.244903067748
68283.0,-6885.248163551092
68284.0,-6885.251424034436
68285.0,-6885.254684517781
68286.0,-6885.257945001125
68287.0,-6885.261205484469
68288.0,-6885.264465967814
68289.0,-6885.2677264511585
68290.0,-6885.270986934503
68291.0,-6885.274247417848
68292.0,-6885.277507901192
68293.0,-6885.280768384536
68294.0,-6885.284028867881
68295.0,-6885.287289351225
68296.0,-6885.290549834569
68297.0,-6885.293810317914
68298.0,-6885.297070801258
68299.0,-6885.300331284602
68300.0,-6885.303591767947
68301.0,-6885.306852251291
68302.0,-6885.310112734635
68303.0,-6885.31337321798
68304.0,-6885.3166337013245
68305.0,-6885.319894184669
68306.0,-6885.323154668014
68307.0,-6885.326415151358
68308.0,-6885.329675634702
68309.0,-6885.332936118047
68310.0,-6885.336196601391
68311.0,-6885.339457084735
68312.0,-6885.34271756808
68313.0,-6885.345978051424
68314.0,-6885.349238534768
68315.0,-6885.352499018113
68316.0,-6885.355759501457
68317.0,-6885.359019984801
68318.0,-6885.362280468146
68319.0,-6885.36554095149
68320.0,-6885.3688014348345
68321.0,-6885.3720619181795
68322.0,-6885.375322401524
68323.0,-6885.378582884868
68324.0,-6885.381843368213
68325.0,-6885.385103851557
68326.0,-6885.388364334901
68327.0,-6885.391624818246
68328.0,-6885.39488530159
68329.0,-6885.398145784934
68330.0,-6885.401406268279
68331.0,-6885.404666751623
68332.0,-6885.407927234967
68333.0,-6885.411187718312
68334.0,-6885.414448201656
68335.0,-6885.417708685
68336.0,-6885.420969168345
68337.0,-6885.4242296516895
68338.0,-6885.427490135034
68339.0,-6885.430750618379
68340.0,-6885.434011101723
68341.0,-6885.437271585067
68342.0,-6885.440532068412
68343.0,-6885.443792551756
68344.0,-6885.4470530351
68345.0,-6885.450313518445
68346.0,-6885.453574001789
68347.0,-6885.456834485133
68348.0,-6885.460094968478
68349.0,-6885.463355451822
68350.0,-6885.466615935166
68351.0,-6885.469876418511
68352.0,-6885.4731369018555
68353.0,-6885.4763973852
68354.0,-6885.479657868545
68355.0,-6885.482918351889
68356.0,-6885.486178835233
68357.0,-6885.489439318578
68358.0,-6885.492699801922
68359.0,-6885.495960285266
68360.0,-6885.499220768611
68361.0,-6885.502481251955
68362.0,-6885.505741735299
68363.0,-6885.509002218644
68364.0,-6885.512262701988
68365.0,-6885.515523185332
68366.0,-6885.518783668677
68367.0,-6885.522044152021
68368.0,-6885.5253046353655
68369.0,-6885.5285651187105
68370.0,-6885.531825602055
68371.0,-6885.535086085399
68372.0,-6885.538346568744
68373.0,-6885.541607052088
68374.0,-6885.544867535432
68375.0,-6885.548128018777
68376.0,-6885.551388502121
68377.0,-6885.554648985465
68378.0,-6885.55790946881
68379.0,-6885.561169952154
68380.0,-6885.564430435498
68381.0,-6885.567690918843
68382.0,-6885.570951402187
68383.0,-6885.574211885531
68384.0,-6885.577472368876
68385.0,-6885.5807328522205
68386.0,-6885.583993335565
68387.0,-6885.58725381891
68388.0,-6885.590514302254
68389.0,-6885.593774785598
68390.0,-6885.597035268943
68391.0,-6885.600295752287
68392.0,-6885.603556235631
68393.0,-6885.606816718976
68394.0,-6885.61007720232
68395.0,-6885.613337685664
68396.0,-6885.616598169009
68397.0,-6885.619858652353
68398.0,-6885.623119135697
68399.0,-6885.626379619042
68400.0,-6885.6296401023865
68401.0,-6885.632900585731
68402.0,-6885.636161069076
68403.0,-6885.63942155242
68404.0,-6885.642682035764
68405.0,-6885.645942519109
68406.0,-6885.649203002453
68407.0,-6885.652463485797
68408.0,-6885.655723969142
68409.0,-6885.658984452486
68410.0,-6885.66224493583
68411.0,-6885.665505419175
68412.0,-6885.668765902519
68413.0,-6885.672026385863
68414.0,-6885.675286869208
68415.0,-6885.678547352552
68416.0,-6885.6818078358965
68417.0,-6885.6850683192415
68418.0,-6885.688328802586
68419.0,-6885.69158928593
68420.0,-6885.694849769275
68421.0,-6885.698110252619
68422.0,-6885.701370735963
68423.0,-6885.704631219308
68424.0,-6885.707891702652
68425.0,-6885.711152185996
68426.0,-6885.714412669341
68427.0,-6885.717673152685
68428.0,-6885.720933636029
68429.0,-6885.724194119374
68430.0,-6885.727454602718
68431.0,-6885.730715086062
68432.0,-6885.733975569407
68433.0,-6885.7372360527515
68434.0,-6885.740496536096
68435.0,-6885.743757019441
68436.0,-6885.747017502785
68437.0,-6885.750277986129
68438.0,-6885.753538469474
68439.0,-6885.756798952818
68440.0,-6885.760059436162
68441.0,-6885.763319919507
68442.0,-6885.766580402851
68443.0,-6885.769840886195
68444.0,-6885.77310136954
68445.0,-6885.776361852884
68446.0,-6885.779622336228
68447.0,-6885.782882819573
68448.0,-6885.7861433029175
68449.0,-6885.789403786262
68450.0,-6885.792664269607
68451.0,-6885.795924752951
68452.0,-6885.799185236295
68453.0,-6885.80244571964
68454.0,-6885.805706202984
68455.0,-6885.808966686328
68456.0,-6885.812227169673
68457.0,-6885.815487653017
68458.0,-6885.818748136361
68459.0,-6885.822008619706
68460.0,-6885.82526910305
68461.0,-6885.828529586394
68462.0,-6885.831790069739
68463.0,-6885.835050553083
68464.0,-6885.8383110364275
68465.0,-6885.8415715197725
68466.0,-6885.844832003117
68467.0,-6885.848092486461
68468.0,-6885.851352969806
68469.0,-6885.85461345315
68470.0,-6885.857873936494
68471.0,-6885.861134419839
68472.0,-6885.864394903183
68473.0,-6885.867655386527
68474.0,-6885.870915869872
68475.0,-6885.874176353216
68476.0,-6885.87743683656
68477.0,-6885.880697319905
68478.0,-6885.883957803249
68479.0,-6885.887218286593
68480.0,-6885.890478769938
68481.0,-6885.893739253283
68482.0,-6885.896999736627
68483.0,-6885.900260219972
68484.0,-6885.903520703316
68485.0,-6885.90678118666
68486.0,-6885.910041670005
68487.0,-6885.913302153349
68488.0,-6885.916562636693
68489.0,-6885.919823120038
68490.0,-6885.923083603382
68491.0,-6885.926344086726
68492.0,-6885.929604570071
68493.0,-6885.932865053415
68494.0,-6885.936125536759
68495.0,-6885.939386020104
68496.0,-6885.9426465034485
68497.0,-6885.945906986793
68498.0,-6885.949167470138
68499.0,-6885.952427953482
68500.0,-6885.955688436826
68501.0,-6885.958948920171
68502.0,-6885.962209403515
68503.0,-6885.965469886859
68504.0,-6885.968730370204
68505.0,-6885.971990853548
68506.0,-6885.975251336892
68507.0,-6885.978511820237
68508.0,-6885.981772303581
68509.0,-6885.985032786925
68510.0,-6885.98829327027
68511.0,-6885.991553753614
68512.0,-6885.9948142369585
68513.0,-6885.9980747203035
68514.0,-6886.001335203648
68515.0,-6886.004595686992
68516.0,-6886.007856170337
68517.0,-6886.011116653681
68518.0,-6886.014377137025
68519.0,-6886.01763762037
68520.0,-6886.020898103714
68521.0,-6886.024158587058
68522.0,-6886.027419070403
68523.0,-6886.030679553747
68524.0,-6886.033940037091
68525.0,-6886.037200520436
68526.0,-6886.04046100378
68527.0,-6886.0437214871245
68528.0,-6886.0469819704695
68529.0,-6886.050242453814
68530.0,-6886.053502937158
68531.0,-6886.056763420503
68532.0,-6886.060023903847
68533.0,-6886.063284387191
68534.0,-6886.066544870536
68535.0,-6886.06980535388
68536.0,-6886.073065837224
68537.0,-6886.076326320569
68538.0,-6886.079586803913
68539.0,-6886.082847287257
68540.0,-6886.086107770602
68541.0,-6886.089368253946
68542.0,-6886.09262873729
68543.0,-6886.095889220635
68544.0,-6886.0991497039795
68545.0,-6886.102410187324
68546.0,-6886.105670670669
68547.0,-6886.108931154013
68548.0,-6886.112191637357
68549.0,-6886.115452120702
68550.0,-6886.118712604046
68551.0,-6886.12197308739
68552.0,-6886.125233570735
68553.0,-6886.128494054079
68554.0,-6886.131754537423
68555.0,-6886.135015020768
68556.0,-6886.138275504112
68557.0,-6886.141535987456
68558.0,-6886.144796470801
68559.0,-6886.148056954145
68560.0,-6886.1513174374895
68561.0,-6886.1545779208345
68562.0,-6886.157838404179
68563.0,-6886.161098887523
68564.0,-6886.164359370868
68565.0,-6886.167619854212
68566.0,-6886.170880337556
68567.0,-6886.174140820901
68568.0,-6886.177401304245
68569.0,-6886.180661787589
68570.0,-6886.183922270934
68571.0,-6886.187182754278
68572.0,-6886.190443237622
68573.0,-6886.193703720967
68574.0,-6886.196964204311
68575.0,-6886.2002246876555
68576.0,-6886.2034851710005
68577.0,-6886.206745654345
68578.0,-6886.210006137689
68579.0,-6886.213266621034
68580.0,-6886.216527104378
68581.0,-6886.219787587722
68582.0,-6886.223048071067
68583.0,-6886.226308554411
68584.0,-6886.229569037755
68585.0,-6886.2328295211
68586.0,-6886.236090004444
68587.0,-6886.239350487788
68588.0,-6886.242610971133
68589.0,-6886.245871454477
68590.0,-6886.249131937821
68591.0,-6886.252392421166
68592.0,-6886.2556529045105
68593.0,-6886.258913387855
68594.0,-6886.2621738712
68595.0,-6886.265434354544
68596.0,-6886.268694837888
68597.0,-6886.271955321233
68598.0,-6886.275215804577
68599.0,-6886.278476287921
68600.0,-6886.281736771266
68601.0,-6886.28499725461
68602.0,-6886.288257737954
68603.0,-6886.291518221299
68604.0,-6886.294778704643
68605.0,-6886.298039187987
68606.0,-6886.301299671332
68607.0,-6886.304560154676
68608.0,-6886.3078206380205
68609.0,-6886.278622984886
68610.0,-6886.249425331752
68611.0,-6886.2202276786165
68612.0,-6886.191030025482
68613.0,-6886.161832372348
68614.0,-6886.132634719213
68615.0,-6886.103437066078
68616.0,-6886.074239412944
68617.0,-6886.045041759809
68618.0,-6886.015844106674
68619.0,-6885.98664645354
68620.0,-6885.957448800405
68621.0,-6885.92825114727
68622.0,-6885.899053494136
68623.0,-6885.869855841001
68624.0,-6885.840658187866
68625.0,-6885.811460534732
68626.0,-6885.782262881597
68627.0,-6885.753065228462
68628.0,-6885.723867575328
68629.0,-6885.694669922193
68630.0,-6885.665472269058
68631.0,-6885.636274615924
68632.0,-6885.607076962789
68633.0,-6885.577879309654
68634.0,-6885.54868165652
68635.0,-6885.519484003385
68636.0,-6885.49028635025
68637.0,-6885.461088697116
68638.0,-6885.431891043981
68639.0,-6885.402693390846
68640.0,-6885.373495737712
68641.0,-6885.344298084577
68642.0,-6885.315100431442
68643.0,-6885.285902778308
68644.0,-6885.256705125173
68645.0,-6885.227507472038
68646.0,-6885.198309818904
68647.0,-6885.169112165769
68648.0,-6885.139914512634
68649.0,-6885.1107168595
68650.0,-6885.081519206365
68651.0,-6885.05232155323
68652.0,-6885.023123900096
68653.0,-6884.993926246961
68654.0,-6884.964728593826
68655.0,-6884.935530940692
68656.0,-6884.906333287557
68657.0,-6884.877135634422
68658.0,-6884.847937981288
68659.0,-6884.818740328153
68660.0,-6884.789542675018
68661.0,-6884.760345021884
68662.0,-6884.731147368749
68663.0,-6884.701949715614
68664.0,-6884.67275206248
68665.0,-6884.643554409345
68666.0,-6884.61435675621
68667.0,-6884.585159103076
68668.0,-6884.555961449941
68669.0,-6884.526763796806
68670.0,-6884.497566143672
68671.0,-6884.468368490537
68672.0,-6884.439170837402
68673.0,-6884.409973184268
68674.0,-6884.380775531133
68675.0,-6884.351577877998
68676.0,-6884.322380224864
68677.0,-6884.293182571729
68678.0,-6884.263984918594
68679.0,-6884.23478726546
68680.0,-6884.205589612325
68681.0,-6884.17639195919
68682.0,-6884.147194306056
68683.0,-6884.117996652921
68684.0,-6884.088798999786
68685.0,-6884.059601346652
68686.0,-6884.030403693517
68687.0,-6884.001206040382
68688.0,-6883.972008387248
68689.0,-6883.942810734113
68690.0,-6883.913613080978
68691.0,-6883.884415427844
68692.0,-6883.855217774709
68693.0,-6883.826020121574
68694.0,-6883.79682246844
68695.0,-6883.767624815305
68696.0,-6883.73842716217
68697.0,-6883.709229509036
68698.0,-6883.680031855901
68699.0,-6883.650834202766
68700.0,-6883.621636549632
68701.0,-6883.592438896497
68702.0,-6883.563241243362
68703.0,-6883.534043590228
68704.0,-6883.504845937093
68705.0,-6883.475648283958
68706.0,-6883.446450630824
68707.0,-6883.417252977689
68708.0,-6883.388055324554
68709.0,-6883.35885767142
68710.0,-6883.329660018285
68711.0,-6883.30046236515
68712.0,-6883.271264712016
68713.0,-6883.242067058881
68714.0,-6883.2128694057465
68715.0,-6883.183671752612
68716.0,-6883.154474099477
68717.0,-6883.1252764463425
68718.0,-6883.096078793208
68719.0,-6883.066881140073
68720.0,-6883.0376834869385
68721.0,-6883.008485833804
68722.0,-6882.979288180669
68723.0,-6882.9500905275345
68724.0,-6882.9208928744
68725.0,-6882.891695221265
68726.0,-6882.8624975681305
68727.0,-6882.833299914996
68728.0,-6882.804102261861
68729.0,-6882.7749046087265
68730.0,-6882.745706955592
68731.0,-6882.716509302457
68732.0,-6882.6873116493225
68733.0,-6882.658113996188
68734.0,-6882.628916343053
68735.0,-6882.5997186899185
68736.0,-6882.570521036784
68737.0,-6882.541323383649
68738.0,-6882.5121257305145
68739.0,-6882.48292807738
68740.0,-6882.453730424245
68741.0,-6882.4245327711105
68742.0,-6882.395335117976
68743.0,-6882.366137464841
68744.0,-6882.3369398117065
68745.0,-6882.307742158572
68746.0,-6882.278544505437
68747.0,-6882.249346852303
68748.0,-6882.220149199168
68749.0,-6882.190951546033
68750.0,-6882.161753892899
68751.0,-6882.132556239764
68752.0,-6882.103358586629
68753.0,-6882.074160933495
68754.0,-6882.04496328036
68755.0,-6882.015765627225
68756.0,-6881.986567974091
68757.0,-6881.957370320956
68758.0,-6881.928172667821
68759.0,-6881.898975014687
68760.0,-6881.869777361552
68761.0,-6881.840579708417
68762.0,-6881.811382055283
68763.0,-6881.782184402148
68764.0,-6881.752986749013
68765.0,-6881.723789095879
68766.0,-6881.694591442744
68767.0,-6881.665393789609
68768.0,-6881.636196136475
68769.0,-6881.60699848334
68770.0,-6881.577800830205
68771.0,-6881.548603177071
68772.0,-6881.519405523936
68773.0,-6881.490207870801
68774.0,-6881.461010217667
68775.0,-6881.431812564532
68776.0,-6881.402614911397
68777.0,-6881.373417258263
68778.0,-6881.344219605128
68779.0,-6881.315021951993
68780.0,-6881.285824298859
68781.0,-6881.256626645724
68782.0,-6881.227428992589
68783.0,-6881.198231339455
68784.0,-6881.16903368632
68785.0,-6881.139836033185
68786.0,-6881.110638380051
68787.0,-6881.081440726916
68788.0,-6881.052243073781
68789.0,-6881.023045420647
68790.0,-6880.993847767512
68791.0,-6880.964650114377
68792.0,-6880.935452461243
68793.0,-6880.906254808108
68794.0,-6880.877057154973
68795.0,-6880.847859501839
68796.0,-6880.818661848704
68797.0,-6880.789464195569
68798.0,-6880.760266542435
68799.0,-6880.7310688893
68800.0,-6880.701871236165
68801.0,-6880.672673583031
68802.0,-6880.643475929896
68803.0,-6880.614278276761
68804.0,-6880.585080623627
68805.0,-6880.555882970492
68806.0,-6880.526685317357
68807.0,-6880.497487664223
68808.0,-6880.468290011088
68809.0,-6880.439092357953
68810.0,-6880.409894704819
68811.0,-6880.380697051684
68812.0,-6880.351499398549
68813.0,-6880.322301745415
68814.0,-6880.29310409228
68815.0,-6880.263906439145
68816.0,-6880.234708786011
68817.0,-6880.205511132876
68818.0,-6880.176313479741
68819.0,-6880.147115826607
68820.0,-6880.117918173472
68821.0,-6880.088720520337
68822.0,-6880.059522867203
68823.0,-6880.030325214068
68824.0,-6880.001127560933
68825.0,-6879.971929907799
68826.0,-6879.942732254664
68827.0,-6879.913534601529
68828.0,-6879.884336948395
68829.0,-6879.85513929526
68830.0,-6879.825941642125
68831.0,-6879.796743988991
68832.0,-6879.767546335856
68833.0,-6879.738348682721
68834.0,-6879.709151029587
68835.0,-6879.679953376452
68836.0,-6879.650755723317
68837.0,-6879.621558070183
68838.0,-6879.592360417048
68839.0,-6879.563162763913
68840.0,-6879.533965110779
68841.0,-6879.504767457644
68842.0,-6879.475569804509
68843.0,-6879.446372151375
68844.0,-6879.4171744982405
68845.0,-6879.387976845105
68846.0,-6879.358779191971
68847.0,-6879.3295815388365
68848.0,-6879.300383885701
68849.0,-6879.271186232567
68850.0,-6879.2419885794325
68851.0,-6879.212790926297
68852.0,-6879.183593273163
68853.0,-6879.1543956200285
68854.0,-6879.125197966893
68855.0,-6879.096000313759
68856.0,-6879.0668026606245
68857.0,-6879.037605007489
68858.0,-6879.008407354355
68859.0,-6878.9792097012205
68860.0,-6878.950012048085
68861.0,-6878.920814394951
68862.0,-6878.8916167418165
68863.0,-6878.862419088681
68864.0,-6878.833221435547
68865.0,-6878.8040237824125
68866.0,-6878.774826129277
68867.0,-6878.745628476143
68868.0,-6878.7164308230085
68869.0,-6878.687233169873
68870.0,-6878.658035516739
68871.0,-6878.6288378636045
68872.0,-6878.599640210469
68873.0,-6878.570442557335
68874.0,-6878.5412449042005
68875.0,-6878.512047251065
68876.0,-6878.482849597931
68877.0,-6878.453651944797
68878.0,-6878.424454291661
68879.0,-6878.395256638527
68880.0,-6878.366058985393
68881.0,-6878.336861332257
68882.0,-6878.307663679123
68883.0,-6878.278466025989
68884.0,-6878.249268372853
68885.0,-6878.220070719719
68886.0,-6878.190873066585
68887.0,-6878.161675413449
68888.0,-6878.132477760315
68889.0,-6878.103280107181
68890.0,-6878.074082454045
68891.0,-6878.044884800911
68892.0,-6878.015687147777
68893.0,-6877.986489494641
68894.0,-6877.957291841507
68895.0,-6877.928094188373
68896.0,-6877.898896535237
68897.0,-6877.869698882103
68898.0,-6877.840501228969
68899.0,-6877.811303575833
68900.0,-6877.782105922699
68901.0,-6877.752908269565
68902.0,-6877.723710616429
68903.0,-6877.694512963295
68904.0,-6877.665315310161
68905.0,-6877.636117657025
68906.0,-6877.606920003891
68907.0,-6877.577722350757
68908.0,-6877.548524697621
68909.0,-6877.519327044487
68910.0,-6877.490129391353
68911.0,-6877.460931738217
68912.0,-6877.431734085083
68913.0,-6877.402536431949
68914.0,-6877.373338778813
68915.0,-6877.344141125679
68916.0,-6877.314943472545
68917.0,-6877.285745819409
68918.0,-6877.256548166275
68919.0,-6877.227350513141
68920.0,-6877.198152860005
68921.0,-6877.168955206871
68922.0,-6877.139757553737
68923.0,-6877.110559900601
68924.0,-6877.081362247467
68925.0,-6877.052164594333
68926.0,-6877.022966941197
68927.0,-6876.993769288063
68928.0,-6876.964571634929
68929.0,-6876.935373981793
68930.0,-6876.906176328659
68931.0,-6876.876978675525
68932.0,-6876.847781022389
68933.0,-6876.818583369255
68934.0,-6876.789385716121
68935.0,-6876.760188062985
68936.0,-6876.730990409851
68937.0,-6876.701792756717
68938.0,-6876.672595103581
68939.0,-6876.643397450447
68940.0,-6876.614199797313
68941.0,-6876.585002144177
68942.0,-6876.555804491043
68943.0,-6876.526606837909
68944.0,-6876.4974091847735
68945.0,-6876.468211531639
68946.0,-6876.439013878505
68947.0,-6876.4098162253695
68948.0,-6876.380618572235
68949.0,-6876.351420919101
68950.0,-6876.3222232659655
68951.0,-6876.293025612831
68952.0,-6876.263827959697
68953.0,-6876.2346303065615
68954.0,-6876.205432653427
68955.0,-6876.176235000293
68956.0,-6876.1470373471575
68957.0,-6876.117839694023
68958.0,-6876.088642040889
68959.0,-6876.0594443877535
68960.0,-6876.030246734619
68961.0,-6876.001049081485
68962.0,-6875.9718514283495
68963.0,-6875.942653775215
68964.0,-6875.913456122081
68965.0,-6875.8842584689455
68966.0,-6875.855060815811
68967.0,-6875.825863162677
68968.0,-6875.7966655095415
68969.0,-6875.767467856407
68970.0,-6875.738270203273
68971.0,-6875.7090725501375
68972.0,-6875.679874897003
68973.0,-6875.650677243869
68974.0,-6875.6214795907335
68975.0,-6875.592281937599
68976.0,-6875.563084284465
68977.0,-6875.53388663133
68978.0,-6875.504688978195
68979.0,-6875.475491325061
68980.0,-6875.446293671926
68981.0,-6875.417096018791
68982.0,-6875.387898365657
68983.0,-6875.358700712522
68984.0,-6875.329503059387
68985.0,-6875.300305406253
68986.0,-6875.271107753118
68987.0,-6875.241910099983
68988.0,-6875.212712446849
68989.0,-6875.183514793714
68990.0,-6875.154317140579
68991.0,-6875.125119487445
68992.0,-6875.09592183431
68993.0,-6875.066724181175
68994.0,-6875.037526528041
68995.0,-6875.008328874906
68996.0,-6874.979131221771
68997.0,-6874.949933568637
68998.0,-6874.920735915502
68999.0,-6874.891538262367
69000.0,-6874.862340609233
69001.0,-6874.833142956098
69002.0,-6874.803945302963
69003.0,-6874.774747649829
69004.0,-6874.745549996694
69005.0,-6874.716352343559
69006.0,-6874.687154690425
69007.0,-6874.65795703729
69008.0,-6874.628759384155
69009.0,-6874.599561731021
69010.0,-6874.570364077886
69011.0,-6874.541166424751
69012.0,-6874.511968771617
69013.0,-6874.482771118482
69014.0,-6874.453573465347
69015.0,-6874.424375812213
69016.0,-6874.395178159078
69017.0,-6874.365980505943
69018.0,-6874.336782852809
69019.0,-6874.307585199674
69020.0,-6874.278387546539
69021.0,-6874.249189893405
69022.0,-6874.21999224027
69023.0,-6874.190794587135
69024.0,-6874.161596934001
69025.0,-6874.132399280866
69026.0,-6874.103201627731
69027.0,-6874.074003974597
69028.0,-6874.044806321462
69029.0,-6874.015608668327
69030.0,-6873.986411015193
69031.0,-6873.957213362058
69032.0,-6873.928015708923
69033.0,-6873.898818055789
69034.0,-6873.869620402654
69035.0,-6873.840422749519
69036.0,-6873.811225096385
69037.0,-6873.78202744325
69038.0,-6873.752829790115
69039.0,-6873.723632136981
69040.0,-6873.694434483846
69041.0,-6873.665236830711
69042.0,-6873.636039177577
69043.0,-6873.606841524442
69044.0,-6873.577643871307
69045.0,-6873.548446218173
69046.0,-6873.519248565038
69047.0,-6873.490050911903
69048.0,-6873.460853258769
69049.0,-6873.431655605634
69050.0,-6873.402457952499
69051.0,-6873.373260299365
69052.0,-6873.34406264623
69053.0,-6873.314864993095
69054.0,-6873.285667339961
69055.0,-6873.256469686826
69056.0,-6873.227272033691
69057.0,-6873.198074380557
69058.0,-6873.168876727422
69059.0,-6873.139679074287
69060.0,-6873.110481421153
69061.0,-6873.081283768018
69062.0,-6873.052086114883
69063.0,-6873.022888461749
69064.0,-6872.993690808614
69065.0,-6872.964493155479
69066.0,-6872.935295502345
69067.0,-6872.90609784921
69068.0,-6872.876900196075
69069.0,-6872.847702542941
69070.0,-6872.818504889806
69071.0,-6872.789307236671
69072.0,-6872.760109583537
69073.0,-6872.730911930402
69074.0,-6872.7017142772675
69075.0,-6872.672516624133
69076.0,-6872.643318970998
69077.0,-6872.6141213178635
69078.0,-6872.584923664729
69079.0,-6872.555726011594
69080.0,-6872.5265283584595
69081.0,-6872.497330705325
69082.0,-6872.46813305219
69083.0,-6872.4389353990555
69084.0,-6872.409737745921
69085.0,-6872.380540092786
69086.0,-6872.3513424396515
69087.0,-6872.322144786517
69088.0,-6872.292947133382
69089.0,-6872.2637494802475
69090.0,-6872.234551827113
69091.0,-6872.205354173978
69092.0,-6872.1761565208435
69093.0,-6872.146958867709
69094.0,-6872.117761214574
69095.0,-6872.0885635614395
69096.0,-6872.059365908305
69097.0,-6872.03016825517
69098.0,-6872.0009706020355
69099.0,-6871.971772948901
69100.0,-6871.942575295766
69101.0,-6871.9133776426315
69102.0,-6871.884179989497
69103.0,-6871.854982336362
69104.0,-6871.8257846832275
69105.0,-6871.796587030093
69106.0,-6871.767389376958
69107.0,-6871.738191723824
69108.0,-6871.708994070689
69109.0,-6871.679796417554
69110.0,-6871.65059876442
69111.0,-6871.621401111285
69112.0,-6871.59220345815
69113.0,-6871.563005805016
69114.0,-6871.533808151881
69115.0,-6871.504610498746
69116.0,-6871.475412845612
69117.0,-6871.446215192477
69118.0,-6871.417017539342
69119.0,-6871.387819886208
69120.0,-6871.358622233073
69121.0,-6871.329424579938
69122.0,-6871.300226926804
69123.0,-6871.271029273669
69124.0,-6871.241831620534
69125.0,-6871.2126339674
69126.0,-6871.183436314265
69127.0,-6871.15423866113
69128.0,-6871.125041007996
69129.0,-6871.095843354861
69130.0,-6871.066645701726
69131.0,-6871.037448048592
69132.0,-6871.008250395457
69133.0,-6870.979052742322
69134.0,-6870.949855089188
69135.0,-6870.920657436053
69136.0,-6870.891459782918
69137.0,-6870.862262129784
69138.0,-6870.833064476649
69139.0,-6870.803866823514
69140.0,-6870.77466917038
69141.0,-6870.745471517245
69142.0,-6870.71627386411
69143.0,-6870.687076210976
69144.0,-6870.657878557841
69145.0,-6870.628680904706
69146.0,-6870.599483251572
69147.0,-6870.570285598437
69148.0,-6870.541087945302
69149.0,-6870.511890292168
69150.0,-6870.482692639033
69151.0,-6870.453494985898
69152.0,-6870.424297332764
69153.0,-6870.395099679629
69154.0,-6870.365902026494
69155.0,-6870.33670437336
69156.0,-6870.307506720225
69157.0,-6870.27830906709
69158.0,-6870.249111413956
69159.0,-6870.219913760821
69160.0,-6870.190716107686
69161.0,-6870.161518454552
69162.0,-6870.132320801417
69163.0,-6870.103123148282
69164.0,-6870.073925495148
69165.0,-6870.044727842013
69166.0,-6870.015530188878
69167.0,-6869.986332535744
69168.0,-6869.957134882609
69169.0,-6869.927937229474
69170.0,-6869.89873957634
69171.0,-6869.869541923205
69172.0,-6869.84034427007
69173.0,-6869.811146616936
69174.0,-6869.781948963801
69175.0,-6869.752751310666
69176.0,-6869.723553657532
69177.0,-6869.694356004397
69178.0,-6869.665158351262
69179.0,-6869.635960698128
69180.0,-6869.606763044993
69181.0,-6869.577565391858
69182.0,-6869.548367738724
69183.0,-6869.519170085589
69184.0,-6869.489972432454
69185.0,-6869.46077477932
69186.0,-6869.431577126185
69187.0,-6869.40237947305
69188.0,-6869.373181819916
69189.0,-6869.343984166781
69190.0,-6869.314786513646
69191.0,-6869.285588860512
69192.0,-6869.256391207377
69193.0,-6869.227193554242
69194.0,-6869.197995901108
69195.0,-6869.168798247973
69196.0,-6869.139600594838
69197.0,-6869.110402941704
69198.0,-6869.081205288569
69199.0,-6869.052007635434
69200.0,-6869.0228099823
69201.0,-6868.993612329165
69202.0,-6868.96441467603
69203.0,-6868.935217022896
69204.0,-6868.906019369761
69205.0,-6868.876821716626
69206.0,-6868.847624063492
69207.0,-6868.8184264103575
69208.0,-6868.789228757222
69209.0,-6868.760031104088
69210.0,-6868.7308334509535
69211.0,-6868.701635797818
69212.0,-6868.672438144684
69213.0,-6868.6432404915495
69214.0,-6868.614042838414
69215.0,-6868.58484518528
69216.0,-6868.5556475321455
69217.0,-6868.52644987901
69218.0,-6868.497252225876
69219.0,-6868.4680545727415
69220.0,-6868.438856919606
69221.0,-6868.409659266472
69222.0,-6868.3804616133375
69223.0,-6868.351263960202
69224.0,-6868.322066307068
69225.0,-6868.2928686539335
69226.0,-6868.263671000798
69227.0,-6868.234473347664
69228.0,-6868.2052756945295
69229.0,-6868.176078041394
69230.0,-6868.14688038826
69231.0,-6868.1176827351255
69232.0,-6868.08848508199
69233.0,-6868.059287428856
69234.0,-6868.0300897757215
69235.0,-6868.000892122586
69236.0,-6867.971694469452
69237.0,-6867.9424968163175
69238.0,-6867.913299163182
69239.0,-6867.884101510048
69240.0,-6867.854903856914
69241.0,-6867.825706203778
69242.0,-6867.796508550644
69243.0,-6867.76731089751
69244.0,-6867.738113244374
69245.0,-6867.70891559124
69246.0,-6867.679717938106
69247.0,-6867.65052028497
69248.0,-6867.621322631836
69249.0,-6867.592124978702
69250.0,-6867.562927325566
69251.0,-6867.533729672432
69252.0,-6867.504532019298
69253.0,-6867.475334366162
69254.0,-6867.446136713028
69255.0,-6867.416939059894
69256.0,-6867.387741406758
69257.0,-6867.358543753624
69258.0,-6867.32934610049
69259.0,-6867.300148447354
69260.0,-6867.27095079422
69261.0,-6867.241753141086
69262.0,-6867.21255548795
69263.0,-6867.183357834816
69264.0,-6867.154160181682
69265.0,-6867.124962528546
69266.0,-6867.095764875412
69267.0,-6867.066567222278
69268.0,-6867.037369569142
69269.0,-6867.008171916008
69270.0,-6866.978974262874
69271.0,-6866.949776609738
69272.0,-6866.920578956604
69273.0,-6866.89138130347
69274.0,-6866.862183650334
69275.0,-6866.8329859972
69276.0,-6866.803788344066
69277.0,-6866.77459069093
69278.0,-6866.745393037796
69279.0,-6866.716195384662
69280.0,-6866.686997731526
69281.0,-6866.657800078392
69282.0,-6866.628602425258
69283.0,-6866.599404772122
69284.0,-6866.570207118988
69285.0,-6866.541009465854
69286.0,-6866.511811812718
69287.0,-6866.482614159584
69288.0,-6866.45341650645
69289.0,-6866.424218853314
69290.0,-6866.39502120018
69291.0,-6866.365823547046
69292.0,-6866.33662589391
69293.0,-6866.307428240776
69294.0,-6866.278230587642
69295.0,-6866.249032934506
69296.0,-6866.219835281372
69297.0,-6866.190637628238
69298.0,-6866.161439975102
69299.0,-6866.132242321968
69300.0,-6866.103044668834
69301.0,-6866.073847015698
69302.0,-6866.044649362564
69303.0,-6866.01545170943
69304.0,-6865.9862540562945
69305.0,-6865.95705640316
69306.0,-6865.927858750026
69307.0,-6865.8986610968905
69308.0,-6865.869463443756
69309.0,-6865.840265790622
69310.0,-6865.8110681374865
69311.0,-6865.781870484352
69312.0,-6865.752672831218
69313.0,-6865.7234751780825
69314.0,-6865.694277524948
69315.0,-6865.665079871814
69316.0,-6865.6358822186785
69317.0,-6865.606684565544
69318.0,-6865.57748691241
69319.0,-6865.5482892592745
69320.0,-6865.51909160614
69321.0,-6865.489893953006
69322.0,-6865.4606962998705
69323.0,-6865.431498646736
69324.0,-6865.402300993602
69325.0,-6865.3731033404665
69326.0,-6865.343905687332
69327.0,-6865.314708034198
69328.0,-6865.2855103810625
69329.0,-6865.256312727928
69330.0,-6865.227115074794
69331.0,-6865.1979174216585
69332.0,-6865.168719768524
69333.0,-6865.13952211539
69334.0,-6865.1103244622545
69335.0,-6865.08112680912
69336.0,-6865.051929155986
69337.0,-6865.022731502851
69338.0,-6864.993533849716
69339.0,-6864.964336196582
69340.0,-6864.935138543447
69341.0,-6864.905940890312
69342.0,-6864.876743237178
69343.0,-6864.847545584043
69344.0,-6864.818347930908
69345.0,-6864.789150277774
69346.0,-6864.759952624639
69347.0,-6864.730754971504
69348.0,-6864.70155731837
69349.0,-6864.672359665235
69350.0,-6864.6431620121
69351.0,-6864.613964358966
69352.0,-6864.584766705831
69353.0,-6864.555569052696
69354.0,-6864.526371399562
69355.0,-6864.497173746427
69356.0,-6864.467976093292
69357.0,-6864.438778440158
69358.0,-6864.409580787023
69359.0,-6864.380383133888
69360.0,-6864.351185480754
69361.0,-6864.321987827619
69362.0,-6864.292790174484
69363.0,-6864.26359252135
69364.0,-6864.234394868215
69365.0,-6864.20519721508
69366.0,-6864.175999561946
69367.0,-6864.146801908811
69368.0,-6864.117604255676
69369.0,-6864.088406602542
69370.0,-6864.059208949407
69371.0,-6864.030011296272
69372.0,-6864.000813643138
69373.0,-6863.971615990003
69374.0,-6863.942418336868
69375.0,-6863.913220683734
69376.0,-6863.884023030599
69377.0,-6863.854825377464
69378.0,-6863.82562772433
69379.0,-6863.796430071195
69380.0,-6863.76723241806
69381.0,-6863.738034764926
69382.0,-6863.708837111791
69383.0,-6863.679639458656
69384.0,-6863.650441805522
69385.0,-6863.621244152387
69386.0,-6863.592046499252
69387.0,-6863.562848846118
69388.0,-6863.533651192983
69389.0,-6863.504453539848
69390.0,-6863.475255886714
69391.0,-6863.446058233579
69392.0,-6863.416860580444
69393.0,-6863.38766292731
69394.0,-6863.358465274175
69395.0,-6863.32926762104
69396.0,-6863.300069967906
69397.0,-6863.270872314771
69398.0,-6863.241674661636
69399.0,-6863.212477008502
69400.0,-6863.183279355367
69401.0,-6863.154081702232
69402.0,-6863.124884049098
69403.0,-6863.095686395963
69404.0,-6863.066488742828
69405.0,-6863.037291089694
69406.0,-6863.008093436559
69407.0,-6862.978895783424
69408.0,-6862.94969813029
69409.0,-6862.920500477155
69410.0,-6862.89130282402
69411.0,-6862.862105170886
69412.0,-6862.832907517751
69413.0,-6862.803709864616
69414.0,-6862.774512211482
69415.0,-6862.745314558347
69416.0,-6862.716116905212
69417.0,-6862.686919252078
69418.0,-6862.657721598943
69419.0,-6862.628523945808
69420.0,-6862.599326292674
69421.0,-6862.570128639539
69422.0,-6862.540930986404
69423.0,-6862.51173333327
69424.0,-6862.482535680135
69425.0,-6862.453338027
69426.0,-6862.424140373866
69427.0,-6862.394942720731
69428.0,-6862.365745067596
69429.0,-6862.336547414462
69430.0,-6862.307349761327
69431.0,-6862.278152108192
69432.0,-6862.248954455058
69433.0,-6862.219756801923
69434.0,-6862.190559148788
69435.0,-6862.161361495654
69436.0,-6862.132163842519
69437.0,-6862.1029661893845
69438.0,-6862.07376853625
69439.0,-6862.044570883115
69440.0,-6862.0153732299805
69441.0,-6861.986175576846
69442.0,-6861.956977923711
69443.0,-6861.9277802705765
69444.0,-6861.898582617442
69445.0,-6861.869384964307
69446.0,-6861.8401873111725
69447.0,-6861.810989658038
69448.0,-6861.781792004903
69449.0,-6861.7525943517685
69450.0,-6861.723396698634
69451.0,-6861.694199045499
69452.0,-6861.6650013923645
69453.0,-6861.63580373923
69454.0,-6861.606606086095
69455.0,-6861.5774084329605
69456.0,-6861.548210779826
69457.0,-6861.519013126691
69458.0,-6861.4898154735565
69459.0,-6861.460617820422
69460.0,-6861.431420167287
69461.0,-6861.4022225141525
69462.0,-6861.373024861018
69463.0,-6861.343827207883
69464.0,-6861.3146295547485
69465.0,-6861.285431901614
69466.0,-6861.256234248479
69467.0,-6861.2270365953445
69468.0,-6861.19783894221
69469.0,-6861.168641289075
69470.0,-6861.139443635941
69471.0,-6861.110245982806
69472.0,-6861.081048329671
69473.0,-6861.051850676537
69474.0,-6861.022653023402
69475.0,-6860.993455370267
69476.0,-6860.964257717133
69477.0,-6860.935060063998
69478.0,-6860.905862410863
69479.0,-6860.876664757729
69480.0,-6860.847467104594
69481.0,-6860.818269451459
69482.0,-6860.789071798325
69483.0,-6860.75987414519
69484.0,-6860.730676492055
69485.0,-6860.701478838921
69486.0,-6860.672281185786
69487.0,-6860.643083532651
69488.0,-6860.613885879517
69489.0,-6860.584688226382
69490.0,-6860.555490573247
69491.0,-6860.526292920113
69492.0,-6860.497095266978
69493.0,-6860.467897613843
69494.0,-6860.438699960709
69495.0,-6860.409502307574
69496.0,-6860.380304654439
69497.0,-6860.351107001305
69498.0,-6860.32190934817
69499.0,-6860.292711695035
69500.0,-6860.263514041901
69501.0,-6860.234316388766
69502.0,-6860.205118735631
69503.0,-6860.175921082497
69504.0,-6860.146723429362
69505.0,-6860.117525776227
69506.0,-6860.088328123093
69507.0,-6860.059130469958
69508.0,-6860.029932816823
69509.0,-6860.000735163689
69510.0,-6859.971537510554
69511.0,-6859.942339857419
69512.0,-6859.913142204285
69513.0,-6859.88394455115
69514.0,-6859.854746898015
69515.0,-6859.825549244881
69516.0,-6859.796351591746
69517.0,-6859.767153938611
69518.0,-6859.737956285477
69519.0,-6859.708758632342
69520.0,-6859.679560979207
69521.0,-6859.650363326073
69522.0,-6859.621165672938
69523.0,-6859.591968019803
69524.0,-6859.562770366669
69525.0,-6859.533572713534
69526.0,-6859.504375060399
69527.0,-6859.475177407265
69528.0,-6859.44597975413
69529.0,-6859.416782100995
69530.0,-6859.387584447861
69531.0,-6859.358386794726
69532.0,-6859.329189141591
69533.0,-6859.299991488457
69534.0,-6859.270793835322
69535.0,-6859.241596182187
69536.0,-6859.212398529053
69537.0,-6859.183200875918
69538.0,-6859.154003222783
69539.0,-6859.124805569649
69540.0,-6859.095607916514
69541.0,-6859.066410263379
69542.0,-6859.037212610245
69543.0,-6859.00801495711
69544.0,-6858.978817303975
69545.0,-6858.949619650841
69546.0,-6858.920421997706
69547.0,-6858.891224344571
69548.0,-6858.862026691437
69549.0,-6858.832829038302
69550.0,-6858.803631385167
69551.0,-6858.774433732033
69552.0,-6858.745236078898
69553.0,-6858.716038425763
69554.0,-6858.686840772629
69555.0,-6858.657643119494
69556.0,-6858.628445466359
69557.0,-6858.599247813225
69558.0,-6858.57005016009
69559.0,-6858.540852506955
69560.0,-6858.511654853821
69561.0,-6858.482457200686
69562.0,-6858.453259547551
69563.0,-6858.424061894417
69564.0,-6858.394864241282
69565.0,-6858.365666588147
69566.0,-6858.336468935013
69567.0,-6858.3072712818785
69568.0,-6858.278073628743
69569.0,-6858.248875975609
69570.0,-6858.2196783224745
69571.0,-6858.190480669339
69572.0,-6858.161283016205
69573.0,-6858.1320853630705
69574.0,-6858.102887709935
69575.0,-6858.073690056801
69576.0,-6858.0444924036665
69577.0,-6858.015294750531
69578.0,-6857.986097097397
69579.0,-6857.9568994442625
69580.0,-6857.927701791127
69581.0,-6857.898504137993
69582.0,-6857.8693064848585
69583.0,-6857.840108831723
69584.0,-6857.810911178589
69585.0,-6857.7817135254545
69586.0,-6857.752515872319
69587.0,-6857.723318219185
69588.0,-6857.6941205660505
69589.0,-6857.664922912915
69590.0,-6857.635725259781
69591.0,-6857.6065276066465
69592.0,-6857.577329953511
69593.0,-6857.548132300377
69594.0,-6857.5189346472425
69595.0,-6857.489736994107
69596.0,-6857.460539340973
69597.0,-6857.4313416878385
69598.0,-6857.402144034703
69599.0,-6857.372946381569
69600.0,-6857.343748728435
69601.0,-6857.314551075299
69602.0,-6857.285353422165
69603.0,-6857.256155769031
69604.0,-6857.226958115895
69605.0,-6857.197760462761
69606.0,-6857.168562809627
69607.0,-6857.139365156491
69608.0,-6857.110167503357
69609.0,-6857.080969850223
69610.0,-6857.051772197087
69611.0,-6857.022574543953
69612.0,-6856.993376890819
69613.0,-6856.964179237683
69614.0,-6856.934981584549
69615.0,-6856.905783931415
69616.0,-6856.876586278279
69617.0,-6856.847388625145
69618.0,-6856.818190972011
69619.0,-6856.788993318875
69620.0,-6856.759795665741
69621.0,-6856.730598012607
69622.0,-6856.701400359471
69623.0,-6856.672202706337
69624.0,-6856.643005053203
69625.0,-6856.613807400067
69626.0,-6856.584609746933
69627.0,-6856.555412093799
69628.0,-6856.526214440663
69629.0,-6856.497016787529
69630.0,-6856.467819134395
69631.0,-6856.438621481259
69632.0,-6856.409423828125
69633.0,-6856.443640321493
69634.0,-6856.477856814861
69635.0,-6856.512073308229
69636.0,-6856.546289801598
69637.0,-6856.580506294966
69638.0,-6856.614722788334
69639.0,-6856.648939281702
69640.0,-6856.68315577507
69641.0,-6856.717372268438
69642.0,-6856.7515887618065
69643.0,-6856.785805255175
69644.0,-6856.820021748543
69645.0,-6856.854238241911
69646.0,-6856.888454735279
69647.0,-6856.922671228647
69648.0,-6856.956887722015
69649.0,-6856.9911042153835
69650.0,-6857.025320708752
69651.0,-6857.05953720212
69652.0,-6857.093753695488
69653.0,-6857.127970188856
69654.0,-6857.162186682224
69655.0,-6857.196403175592
69656.0,-6857.230619668961
69657.0,-6857.264836162329
69658.0,-6857.299052655697
69659.0,-6857.333269149065
69660.0,-6857.367485642433
69661.0,-6857.401702135801
69662.0,-6857.4359186291695
69663.0,-6857.470135122538
69664.0,-6857.504351615906
69665.0,-6857.538568109274
69666.0,-6857.572784602642
69667.0,-6857.60700109601
69668.0,-6857.641217589378
69669.0,-6857.6754340827465
69670.0,-6857.709650576115
69671.0,-6857.743867069483
69672.0,-6857.778083562851
69673.0,-6857.812300056219
69674.0,-6857.846516549587
69675.0,-6857.880733042955
69676.0,-6857.914949536324
69677.0,-6857.949166029692
69678.0,-6857.98338252306
69679.0,-6858.017599016428
69680.0,-6858.051815509796
69681.0,-6858.086032003164
69682.0,-6858.120248496532
69683.0,-6858.154464989901
69684.0,-6858.188681483269
69685.0,-6858.222897976637
69686.0,-6858.257114470005
69687.0,-6858.291330963373
69688.0,-6858.325547456741
69689.0,-6858.3597639501095
69690.0,-6858.393980443478
69691.0,-6858.428196936846
69692.0,-6858.462413430214
69693.0,-6858.496629923582
69694.0,-6858.53084641695
69695.0,-6858.565062910318
69696.0,-6858.5992794036865
69697.0,-6858.633495897055
69698.0,-6858.667712390423
69699.0,-6858.701928883791
69700.0,-6858.736145377159
69701.0,-6858.770361870527
69702.0,-6858.804578363895
69703.0,-6858.838794857264
69704.0,-6858.873011350632
69705.0,-6858.907227844
69706.0,-6858.941444337368
69707.0,-6858.975660830736
69708.0,-6859.009877324104
69709.0,-6859.0440938174725
69710.0,-6859.078310310841
69711.0,-6859.112526804209
69712.0,-6859.146743297577
69713.0,-6859.180959790945
69714.0,-6859.215176284313
69715.0,-6859.249392777681
69716.0,-6859.2836092710495
69717.0,-6859.317825764418
69718.0,-6859.352042257786
69719.0,-6859.386258751154
69720.0,-6859.420475244522
69721.0,-6859.45469173789
69722.0,-6859.488908231258
69723.0,-6859.5231247246265
69724.0,-6859.557341217995
69725.0,-6859.591557711363
69726.0,-6859.625774204731
69727.0,-6859.659990698099
69728.0,-6859.694207191467
69729.0,-6859.728423684835
69730.0,-6859.762640178204
69731.0,-6859.796856671572
69732.0,-6859.83107316494
69733.0,-6859.865289658308
69734.0,-6859.899506151676
69735.0,-6859.933722645044
69736.0,-6859.9679391384125
69737.0,-6860.002155631781
69738.0,-6860.036372125149
69739.0,-6860.070588618517
69740.0,-6860.104805111885
69741.0,-6860.139021605253
69742.0,-6860.173238098621
69743.0,-6860.2074545919895
69744.0,-6860.241671085358
69745.0,-6860.275887578726
69746.0,-6860.310104072094
69747.0,-6860.344320565462
69748.0,-6860.37853705883
69749.0,-6860.412753552198
69750.0,-6860.446970045567
69751.0,-6860.481186538935
69752.0,-6860.515403032303
69753.0,-6860.549619525671
69754.0,-6860.583836019039
69755.0,-6860.618052512407
69756.0,-6860.652269005775
69757.0,-6860.686485499144
69758.0,-6860.720701992512
69759.0,-6860.75491848588
69760.0,-6860.789134979248
69761.0,-6860.823351472616
69762.0,-6860.857567965984
69763.0,-6860.8917844593525
69764.0,-6860.926000952721
69765.0,-6860.960217446089
69766.0,-6860.994433939457
69767.0,-6861.028650432825
69768.0,-6861.062866926193
69769.0,-6861.097083419561
69770.0,-6861.1312999129295
69771.0,-6861.165516406298
69772.0,-6861.199732899666
69773.0,-6861.233949393034
69774.0,-6861.268165886402
69775.0,-6861.30238237977
69776.0,-6861.336598873138
69777.0,-6861.370815366507
69778.0,-6861.405031859875
69779.0,-6861.439248353243
69780.0,-6861.473464846611
69781.0,-6861.507681339979
69782.0,-6861.541897833347
69783.0,-6861.5761143267155
69784.0,-6861.610330820084
69785.0,-6861.644547313452
69786.0,-6861.67876380682
69787.0,-6861.712980300188
69788.0,-6861.747196793556
69789.0,-6861.781413286924
69790.0,-6861.8156297802925
69791.0,-6861.849846273661
69792.0,-6861.884062767029
69793.0,-6861.918279260397
69794.0,-6861.952495753765
69795.0,-6861.986712247133
69796.0,-6862.020928740501
69797.0,-6862.05514523387
69798.0,-6862.089361727238
69799.0,-6862.123578220606
69800.0,-6862.157794713974
69801.0,-6862.192011207342
69802.0,-6862.22622770071
69803.0,-6862.260444194078
69804.0,-6862.294660687447
69805.0,-6862.328877180815
69806.0,-6862.363093674183
69807.0,-6862.397310167551
69808.0,-6862.431526660919
69809.0,-6862.465743154287
69810.0,-6862.4999596476555
69811.0,-6862.534176141024
69812.0,-6862.568392634392
69813.0,-6862.60260912776
69814.0,-6862.636825621128
69815.0,-6862.671042114496
69816.0,-6862.705258607864
69817.0,-6862.7394751012325
69818.0,-6862.773691594601
69819.0,-6862.807908087969
69820.0,-6862.842124581337
69821.0,-6862.876341074705
69822.0,-6862.910557568073
69823.0,-6862.944774061441
69824.0,-6862.97899055481
69825.0,-6863.013207048178
69826.0,-6863.047423541546
69827.0,-6863.081640034914
69828.0,-6863.115856528282
69829.0,-6863.15007302165
69830.0,-6863.1842895150185
69831.0,-6863.218506008387
69832.0,-6863.252722501755
69833.0,-6863.286938995123
69834.0,-6863.321155488491
69835.0,-6863.355371981859
69836.0,-6863.389588475227
69837.0,-6863.4238049685955
69838.0,-6863.458021461964
69839.0,-6863.492237955332
69840.0,-6863.5264544487
69841.0,-6863.560670942068
69842.0,-6863.594887435436
69843.0,-6863.629103928804
69844.0,-6863.663320422173
69845.0,-6863.697536915541
69846.0,-6863.731753408909
69847.0,-6863.765969902277
69848.0,-6863.800186395645
69849.0,-6863.834402889013
69850.0,-6863.868619382381
69851.0,-6863.90283587575
69852.0,-6863.937052369118
69853.0,-6863.971268862486
69854.0,-6864.005485355854
69855.0,-6864.039701849222
69856.0,-6864.07391834259
69857.0,-6864.1081348359585
69858.0,-6864.142351329327
69859.0,-6864.176567822695
69860.0,-6864.210784316063
69861.0,-6864.245000809431
69862.0,-6864.279217302799
69863.0,-6864.313433796167
69864.0,-6864.3476502895355
69865.0,-6864.381866782904
69866.0,-6864.416083276272
69867.0,-6864.45029976964
69868.0,-6864.484516263008
69869.0,-6864.518732756376
69870.0,-6864.552949249744
69871.0,-6864.587165743113
69872.0,-6864.621382236481
69873.0,-6864.655598729849
69874.0,-6864.689815223217
69875.0,-6864.724031716585
69876.0,-6864.758248209953
69877.0,-6864.7924647033215
69878.0,-6864.82668119669
69879.0,-6864.860897690058
69880.0,-6864.895114183426
69881.0,-6864.929330676794
69882.0,-6864.963547170162
69883.0,-6864.99776366353
69884.0,-6865.0319801568985
69885.0,-6865.066196650267
69886.0,-6865.100413143635
69887.0,-6865.134629637003
69888.0,-6865.168846130371
69889.0,-6865.203062623739
69890.0,-6865.237279117107
69891.0,-6865.2714956104755
69892.0,-6865.305712103844
69893.0,-6865.339928597212
69894.0,-6865.37414509058
69895.0,-6865.408361583948
69896.0,-6865.442578077316
69897.0,-6865.476794570684
69898.0,-6865.511011064053
69899.0,-6865.545227557421
69900.0,-6865.579444050789
69901.0,-6865.613660544157
69902.0,-6865.647877037525
69903.0,-6865.682093530893
69904.0,-6865.7163100242615
69905.0,-6865.75052651763
69906.0,-6865.784743010998
69907.0,-6865.818959504366
69908.0,-6865.853175997734
69909.0,-6865.887392491102
69910.0,-6865.92160898447
69911.0,-6865.9558254778385
69912.0,-6865.990041971207
69913.0,-6866.024258464575
69914.0,-6866.058474957943
69915.0,-6866.092691451311
69916.0,-6866.126907944679
69917.0,-6866.161124438047
69918.0,-6866.195340931416
69919.0,-6866.229557424784
69920.0,-6866.263773918152
69921.0,-6866.29799041152
69922.0,-6866.332206904888
69923.0,-6866.366423398256
69924.0,-6866.400639891624
69925.0,-6866.434856384993
69926.0,-6866.469072878361
69927.0,-6866.503289371729
69928.0,-6866.537505865097
69929.0,-6866.571722358465
69930.0,-6866.605938851833
69931.0,-6866.6401553452015
69932.0,-6866.67437183857
69933.0,-6866.708588331938
69934.0,-6866.742804825306
69935.0,-6866.777021318674
69936.0,-6866.811237812042
69937.0,-6866.84545430541
69938.0,-6866.8796707987785
69939.0,-6866.913887292147
69940.0,-6866.948103785515
69941.0,-6866.982320278883
69942.0,-6867.016536772251
69943.0,-6867.050753265619
69944.0,-6867.084969758987
69945.0,-6867.119186252356
69946.0,-6867.153402745724
69947.0,-6867.187619239092
69948.0,-6867.22183573246
69949.0,-6867.256052225828
69950.0,-6867.290268719196
69951.0,-6867.3244852125645
69952.0,-6867.358701705933
69953.0,-6867.392918199301
69954.0,-6867.427134692669
69955.0,-6867.461351186037
69956.0,-6867.495567679405
69957.0,-6867.529784172773
69958.0,-6867.5640006661415
69959.0,-6867.59821715951
69960.0,-6867.632433652878
69961.0,-6867.666650146246
69962.0,-6867.700866639614
69963.0,-6867.735083132982
69964.0,-6867.76929962635
69965.0,-6867.803516119719
69966.0,-6867.837732613087
69967.0,-6867.871949106455
69968.0,-6867.906165599823
69969.0,-6867.940382093191
69970.0,-6867.974598586559
69971.0,-6868.008815079927
69972.0,-6868.043031573296
69973.0,-6868.077248066664
69974.0,-6868.111464560032
69975.0,-6868.1456810534
69976.0,-6868.179897546768
69977.0,-6868.214114040136
69978.0,-6868.2483305335045
69979.0,-6868.282547026873
69980.0,-6868.316763520241
69981.0,-6868.350980013609
69982.0,-6868.385196506977
69983.0,-6868.419413000345
69984.0,-6868.453629493713
69985.0,-6868.4878459870815
69986.0,-6868.52206248045
69987.0,-6868.556278973818
69988.0,-6868.590495467186
69989.0,-6868.624711960554
69990.0,-6868.658928453922
69991.0,-6868.69314494729
69992.0,-6868.727361440659
69993.0,-6868.761577934027
69994.0,-6868.795794427395
69995.0,-6868.830010920763
69996.0,-6868.864227414131
69997.0,-6868.898443907499
69998.0,-6868.9326604008675
69999.0,-6868.966876894236
70000.0,-6869.001093387604
70001.0,-6869.035309880972
70002.0,-6869.06952637434
70003.0,-6869.103742867708
70004.0,-6869.137959361076
70005.0,-6869.1721758544445
70006.0,-6869.206392347813
70007.0,-6869.240608841181
70008.0,-6869.274825334549
70009.0,-6869.309041827917
70010.0,-6869.343258321285
70011.0,-6869.377474814653
70012.0,-6869.411691308022
70013.0,-6869.44590780139
70014.0,-6869.480124294758
70015.0,-6869.514340788126
70016.0,-6869.548557281494
70017.0,-6869.582773774862
70018.0,-6869.61699026823
70019.0,-6869.651206761599
70020.0,-6869.685423254967
70021.0,-6869.719639748335
70022.0,-6869.753856241703
70023.0,-6869.788072735071
70024.0,-6869.822289228439
70025.0,-6869.8565057218075
70026.0,-6869.890722215176
70027.0,-6869.924938708544
70028.0,-6869.959155201912
70029.0,-6869.99337169528
70030.0,-6870.027588188648
70031.0,-6870.061804682016
70032.0,-6870.0960211753845
70033.0,-6870.130237668753
70034.0,-6870.164454162121
70035.0,-6870.198670655489
70036.0,-6870.232887148857
70037.0,-6870.267103642225
70038.0,-6870.301320135593
70039.0,-6870.335536628962
70040.0,-6870.36975312233
70041.0,-6870.403969615698
70042.0,-6870.438186109066
70043.0,-6870.472402602434
70044.0,-6870.506619095802
70045.0,-6870.5408355891705
70046.0,-6870.575052082539
70047.0,-6870.609268575907
70048.0,-6870.643485069275
70049.0,-6870.677701562643
70050.0,-6870.711918056011
70051.0,-6870.746134549379
70052.0,-6870.7803510427475
70053.0,-6870.814567536116
70054.0,-6870.848784029484
70055.0,-6870.883000522852
70056.0,-6870.91721701622
70057.0,-6870.951433509588
70058.0,-6870.985650002956
70059.0,-6871.0198664963245
70060.0,-6871.054082989693
70061.0,-6871.088299483061
70062.0,-6871.122515976429
70063.0,-6871.156732469797
70064.0,-6871.190948963165
70065.0,-6871.225165456533
70066.0,-6871.259381949902
70067.0,-6871.29359844327
70068.0,-6871.327814936638
70069.0,-6871.362031430006
70070.0,-6871.396247923374
70071.0,-6871.430464416742
70072.0,-6871.4646809101105
70073.0,-6871.498897403479
70074.0,-6871.533113896847
70075.0,-6871.567330390215
70076.0,-6871.601546883583
70077.0,-6871.635763376951
70078.0,-6871.669979870319
70079.0,-6871.7041963636875
70080.0,-6871.738412857056
70081.0,-6871.772629350424
70082.0,-6871.806845843792
70083.0,-6871.84106233716
70084.0,-6871.875278830528
70085.0,-6871.909495323896
70086.0,-6871.943711817265
70087.0,-6871.977928310633
70088.0,-6872.012144804001
70089.0,-6872.046361297369
70090.0,-6872.080577790737
70091.0,-6872.114794284105
70092.0,-6872.149010777473
70093.0,-6872.183227270842
70094.0,-6872.21744376421
70095.0,-6872.251660257578
70096.0,-6872.285876750946
70097.0,-6872.320093244314
70098.0,-6872.354309737682
70099.0,-6872.3885262310505
70100.0,-6872.422742724419
70101.0,-6872.456959217787
70102.0,-6872.491175711155
70103.0,-6872.525392204523
70104.0,-6872.559608697891
70105.0,-6872.593825191259
70106.0,-6872.6280416846275
70107.0,-6872.662258177996
70108.0,-6872.696474671364
70109.0,-6872.730691164732
70110.0,-6872.7649076581
70111.0,-6872.799124151468
70112.0,-6872.833340644836
70113.0,-6872.867557138205
70114.0,-6872.901773631573
70115.0,-6872.935990124941
70116.0,-6872.970206618309
70117.0,-6873.004423111677
70118.0,-6873.038639605045
70119.0,-6873.0728560984135
70120.0,-6873.107072591782
70121.0,-6873.14128908515
70122.0,-6873.175505578518
70123.0,-6873.209722071886
70124.0,-6873.243938565254
70125.0,-6873.278155058622
70126.0,-6873.3123715519905
70127.0,-6873.346588045359
70128.0,-6873.380804538727
70129.0,-6873.415021032095
70130.0,-6873.449237525463
70131.0,-6873.483454018831
70132.0,-6873.517670512199
70133.0,-6873.551887005568
70134.0,-6873.586103498936
70135.0,-6873.620319992304
70136.0,-6873.654536485672
70137.0,-6873.68875297904
70138.0,-6873.722969472408
70139.0,-6873.757185965776
70140.0,-6873.791402459145
70141.0,-6873.825618952513
70142.0,-6873.859835445881
70143.0,-6873.894051939249
70144.0,-6873.928268432617
70145.0,-6873.962484925985
70146.0,-6873.9967014193535
70147.0,-6874.030917912722
70148.0,-6874.06513440609
70149.0,-6874.099350899458
70150.0,-6874.133567392826
70151.0,-6874.167783886194
70152.0,-6874.202000379562
70153.0,-6874.2362168729305
70154.0,-6874.270433366299
70155.0,-6874.304649859667
70156.0,-6874.338866353035
70157.0,-6874.373082846403
70158.0,-6874.407299339771
70159.0,-6874.441515833139
70160.0,-6874.475732326508
70161.0,-6874.509948819876
70162.0,-6874.544165313244
70163.0,-6874.578381806612
70164.0,-6874.61259829998
70165.0,-6874.646814793348
70166.0,-6874.6810312867165
70167.0,-6874.715247780085
70168.0,-6874.749464273453
70169.0,-6874.783680766821
70170.0,-6874.817897260189
70171.0,-6874.852113753557
70172.0,-6874.886330246925
70173.0,-6874.9205467402935
70174.0,-6874.954763233662
70175.0,-6874.98897972703
70176.0,-6875.023196220398
70177.0,-6875.057412713766
70178.0,-6875.091629207134
70179.0,-6875.125845700502
70180.0,-6875.1600621938705
70181.0,-6875.194278687239
70182.0,-6875.228495180607
70183.0,-6875.262711673975
70184.0,-6875.296928167343
70185.0,-6875.331144660711
70186.0,-6875.365361154079
70187.0,-6875.399577647448
70188.0,-6875.433794140816
70189.0,-6875.468010634184
70190.0,-6875.502227127552
70191.0,-6875.53644362092
70192.0,-6875.570660114288
70193.0,-6875.6048766076565
70194.0,-6875.639093101025
70195.0,-6875.673309594393
70196.0,-6875.707526087761
70197.0,-6875.741742581129
70198.0,-6875.775959074497
70199.0,-6875.810175567865
70200.0,-6875.8443920612335
70201.0,-6875.878608554602
70202.0,-6875.91282504797
70203.0,-6875.947041541338
70204.0,-6875.981258034706
70205.0,-6876.015474528074
70206.0,-6876.049691021442
70207.0,-6876.083907514811
70208.0,-6876.118124008179
70209.0,-6876.152340501547
70210.0,-6876.186556994915
70211.0,-6876.220773488283
70212.0,-6876.254989981651
70213.0,-6876.2892064750195
70214.0,-6876.323422968388
70215.0,-6876.357639461756
70216.0,-6876.391855955124
70217.0,-6876.426072448492
70218.0,-6876.46028894186
70219.0,-6876.494505435228
70220.0,-6876.5287219285965
70221.0,-6876.562938421965
70222.0,-6876.597154915333
70223.0,-6876.631371408701
70224.0,-6876.665587902069
70225.0,-6876.699804395437
70226.0,-6876.734020888805
70227.0,-6876.7682373821735
70228.0,-6876.802453875542
70229.0,-6876.83667036891
70230.0,-6876.870886862278
70231.0,-6876.905103355646
70232.0,-6876.939319849014
70233.0,-6876.973536342382
70234.0,-6877.007752835751
70235.0,-6877.041969329119
70236.0,-6877.076185822487
70237.0,-6877.110402315855
70238.0,-6877.144618809223
70239.0,-6877.178835302591
70240.0,-6877.2130517959595
70241.0,-6877.247268289328
70242.0,-6877.281484782696
70243.0,-6877.315701276064
70244.0,-6877.349917769432
70245.0,-6877.3841342628
70246.0,-6877.418350756168
70247.0,-6877.4525672495365
70248.0,-6877.486783742905
70249.0,-6877.521000236273
70250.0,-6877.555216729641
70251.0,-6877.589433223009
70252.0,-6877.623649716377
70253.0,-6877.657866209745
70254.0,-6877.692082703114
70255.0,-6877.726299196482
70256.0,-6877.76051568985
70257.0,-6877.794732183218
70258.0,-6877.828948676586
70259.0,-6877.863165169954
70260.0,-6877.897381663322
70261.0,-6877.931598156691
70262.0,-6877.965814650059
70263.0,-6878.000031143427
70264.0,-6878.034247636795
70265.0,-6878.068464130163
70266.0,-6878.102680623531
70267.0,-6878.1368971168995
70268.0,-6878.171113610268
70269.0,-6878.205330103636
70270.0,-6878.239546597004
70271.0,-6878.273763090372
70272.0,-6878.30797958374
70273.0,-6878.342196077108
70274.0,-6878.3764125704765
70275.0,-6878.410629063845
70276.0,-6878.444845557213
70277.0,-6878.479062050581
70278.0,-6878.513278543949
70279.0,-6878.547495037317
70280.0,-6878.581711530685
70281.0,-6878.615928024054
70282.0,-6878.650144517422
70283.0,-6878.68436101079
70284.0,-6878.718577504158
70285.0,-6878.752793997526
70286.0,-6878.787010490894
70287.0,-6878.8212269842625
70288.0,-6878.855443477631
70289.0,-6878.889659970999
70290.0,-6878.923876464367
70291.0,-6878.958092957735
70292.0,-6878.992309451103
70293.0,-6879.026525944471
70294.0,-6879.0607424378395
70295.0,-6879.094958931208
70296.0,-6879.129175424576
70297.0,-6879.163391917944
70298.0,-6879.197608411312
70299.0,-6879.23182490468
70300.0,-6879.266041398048
70301.0,-6879.300257891417
70302.0,-6879.334474384785
70303.0,-6879.368690878153
70304.0,-6879.402907371521
70305.0,-6879.437123864889
70306.0,-6879.471340358257
70307.0,-6879.505556851625
70308.0,-6879.539773344994
70309.0,-6879.573989838362
70310.0,-6879.60820633173
70311.0,-6879.642422825098
70312.0,-6879.676639318466
70313.0,-6879.710855811834
70314.0,-6879.7450723052025
70315.0,-6879.779288798571
70316.0,-6879.813505291939
70317.0,-6879.847721785307
70318.0,-6879.881938278675
70319.0,-6879.916154772043
70320.0,-6879.950371265411
70321.0,-6879.9845877587795
70322.0,-6880.018804252148
70323.0,-6880.053020745516
70324.0,-6880.087237238884
70325.0,-6880.121453732252
70326.0,-6880.15567022562
70327.0,-6880.189886718988
70328.0,-6880.224103212357
70329.0,-6880.258319705725
70330.0,-6880.292536199093
70331.0,-6880.326752692461
70332.0,-6880.360969185829
70333.0,-6880.395185679197
70334.0,-6880.4294021725655
70335.0,-6880.463618665934
70336.0,-6880.497835159302
70337.0,-6880.53205165267
70338.0,-6880.566268146038
70339.0,-6880.600484639406
70340.0,-6880.634701132774
70341.0,-6880.6689176261425
70342.0,-6880.703134119511
70343.0,-6880.737350612879
70344.0,-6880.771567106247
70345.0,-6880.805783599615
70346.0,-6880.840000092983
70347.0,-6880.874216586351
70348.0,-6880.9084330797195
70349.0,-6880.942649573088
70350.0,-6880.976866066456
70351.0,-6881.011082559824
70352.0,-6881.045299053192
70353.0,-6881.07951554656
70354.0,-6881.113732039928
70355.0,-6881.147948533297
70356.0,-6881.182165026665
70357.0,-6881.216381520033
70358.0,-6881.250598013401
70359.0,-6881.284814506769
70360.0,-6881.319031000137
70361.0,-6881.3532474935055
70362.0,-6881.387463986874
70363.0,-6881.421680480242
70364.0,-6881.45589697361
70365.0,-6881.490113466978
70366.0,-6881.524329960346
70367.0,-6881.558546453714
70368.0,-6881.5927629470825
70369.0,-6881.626979440451
70370.0,-6881.661195933819
70371.0,-6881.695412427187
70372.0,-6881.729628920555
70373.0,-6881.763845413923
70374.0,-6881.798061907291
70375.0,-6881.83227840066
70376.0,-6881.866494894028
70377.0,-6881.900711387396
70378.0,-6881.934927880764
70379.0,-6881.969144374132
70380.0,-6882.0033608675
70381.0,-6882.037577360868
70382.0,-6882.071793854237
70383.0,-6882.106010347605
70384.0,-6882.140226840973
70385.0,-6882.174443334341
70386.0,-6882.208659827709
70387.0,-6882.242876321077
70388.0,-6882.2770928144455
70389.0,-6882.311309307814
70390.0,-6882.345525801182
70391.0,-6882.37974229455
70392.0,-6882.413958787918
70393.0,-6882.448175281286
70394.0,-6882.482391774654
70395.0,-6882.5166082680225
70396.0,-6882.550824761391
70397.0,-6882.585041254759
70398.0,-6882.619257748127
70399.0,-6882.653474241495
70400.0,-6882.687690734863
70401.0,-6882.721907228231
70402.0,-6882.7561237216
70403.0,-6882.790340214968
70404.0,-6882.824556708336
70405.0,-6882.858773201704
70406.0,-6882.892989695072
70407.0,-6882.92720618844
70408.0,-6882.9614226818085
70409.0,-6882.995639175177
70410.0,-6883.029855668545
70411.0,-6883.064072161913
70412.0,-6883.098288655281
70413.0,-6883.132505148649
70414.0,-6883.166721642017
70415.0,-6883.2009381353855
70416.0,-6883.235154628754
70417.0,-6883.269371122122
70418.0,-6883.30358761549
70419.0,-6883.337804108858
70420.0,-6883.372020602226
70421.0,-6883.406237095594
70422.0,-6883.440453588963
70423.0,-6883.474670082331
70424.0,-6883.508886575699
70425.0,-6883.543103069067
70426.0,-6883.577319562435
70427.0,-6883.611536055803
70428.0,-6883.645752549171
70429.0,-6883.67996904254
70430.0,-6883.714185535908
70431.0,-6883.748402029276
70432.0,-6883.782618522644
70433.0,-6883.816835016012
70434.0,-6883.85105150938
70435.0,-6883.8852680027485
70436.0,-6883.919484496117
70437.0,-6883.953700989485
70438.0,-6883.987917482853
70439.0,-6884.022133976221
70440.0,-6884.056350469589
70441.0,-6884.090566962957
70442.0,-6884.1247834563255
70443.0,-6884.158999949694
70444.0,-6884.193216443062
70445.0,-6884.22743293643
70446.0,-6884.261649429798
70447.0,-6884.295865923166
70448.0,-6884.330082416534
70449.0,-6884.364298909903
70450.0,-6884.398515403271
70451.0,-6884.432731896639
70452.0,-6884.466948390007
70453.0,-6884.501164883375
70454.0,-6884.535381376743
70455.0,-6884.5695978701115
70456.0,-6884.60381436348
70457.0,-6884.638030856848
70458.0,-6884.672247350216
70459.0,-6884.706463843584
70460.0,-6884.740680336952
70461.0,-6884.77489683032
70462.0,-6884.8091133236885
70463.0,-6884.843329817057
70464.0,-6884.877546310425
70465.0,-6884.911762803793
70466.0,-6884.945979297161
70467.0,-6884.980195790529
70468.0,-6885.014412283897
70469.0,-6885.048628777266
70470.0,-6885.082845270634
70471.0,-6885.117061764002
70472.0,-6885.15127825737
70473.0,-6885.185494750738
70474.0,-6885.219711244106
70475.0,-6885.253927737474
70476.0,-6885.288144230843
70477.0,-6885.322360724211
70478.0,-6885.356577217579
70479.0,-6885.390793710947
70480.0,-6885.425010204315
70481.0,-6885.459226697683
70482.0,-6885.4934431910515
70483.0,-6885.52765968442
70484.0,-6885.561876177788
70485.0,-6885.596092671156
70486.0,-6885.630309164524
70487.0,-6885.664525657892
70488.0,-6885.69874215126
70489.0,-6885.7329586446285
70490.0,-6885.767175137997
70491.0,-6885.801391631365
70492.0,-6885.835608124733
70493.0,-6885.869824618101
70494.0,-6885.904041111469
70495.0,-6885.938257604837
70496.0,-6885.972474098206
70497.0,-6886.006690591574
70498.0,-6886.040907084942
70499.0,-6886.07512357831
70500.0,-6886.109340071678
70501.0,-6886.143556565046
70502.0,-6886.1777730584145
70503.0,-6886.211989551783
70504.0,-6886.246206045151
70505.0,-6886.280422538519
70506.0,-6886.314639031887
70507.0,-6886.348855525255
70508.0,-6886.383072018623
70509.0,-6886.4172885119915
70510.0,-6886.45150500536
70511.0,-6886.485721498728
70512.0,-6886.519937992096
70513.0,-6886.554154485464
70514.0,-6886.588370978832
70515.0,-6886.6225874722
70516.0,-6886.6568039655685
70517.0,-6886.691020458937
70518.0,-6886.725236952305
70519.0,-6886.759453445673
70520.0,-6886.793669939041
70521.0,-6886.827886432409
70522.0,-6886.862102925777
70523.0,-6886.896319419146
70524.0,-6886.930535912514
70525.0,-6886.964752405882
70526.0,-6886.99896889925
70527.0,-6887.033185392618
70528.0,-6887.067401885986
70529.0,-6887.1016183793545
70530.0,-6887.135834872723
70531.0,-6887.170051366091
70532.0,-6887.204267859459
70533.0,-6887.238484352827
70534.0,-6887.272700846195
70535.0,-6887.306917339563
70536.0,-6887.3411338329315
70537.0,-6887.3753503263
70538.0,-6887.409566819668
70539.0,-6887.443783313036
70540.0,-6887.477999806404
70541.0,-6887.512216299772
70542.0,-6887.54643279314
70543.0,-6887.580649286509
70544.0,-6887.614865779877
70545.0,-6887.649082273245
70546.0,-6887.683298766613
70547.0,-6887.717515259981
70548.0,-6887.751731753349
70549.0,-6887.785948246717
70550.0,-6887.820164740086
70551.0,-6887.854381233454
70552.0,-6887.888597726822
70553.0,-6887.92281422019
70554.0,-6887.957030713558
70555.0,-6887.991247206926
70556.0,-6888.0254637002945
70557.0,-6888.059680193663
70558.0,-6888.093896687031
70559.0,-6888.128113180399
70560.0,-6888.162329673767
70561.0,-6888.196546167135
70562.0,-6888.230762660503
70563.0,-6888.2649791538715
70564.0,-6888.29919564724
70565.0,-6888.333412140608
70566.0,-6888.367628633976
70567.0,-6888.401845127344
70568.0,-6888.436061620712
70569.0,-6888.47027811408
70570.0,-6888.504494607449
70571.0,-6888.538711100817
70572.0,-6888.572927594185
70573.0,-6888.607144087553
70574.0,-6888.641360580921
70575.0,-6888.675577074289
70576.0,-6888.7097935676575
70577.0,-6888.744010061026
70578.0,-6888.778226554394
70579.0,-6888.812443047762
70580.0,-6888.84665954113
70581.0,-6888.880876034498
70582.0,-6888.915092527866
70583.0,-6888.9493090212345
70584.0,-6888.983525514603
70585.0,-6889.017742007971
70586.0,-6889.051958501339
70587.0,-6889.086174994707
70588.0,-6889.120391488075
70589.0,-6889.154607981443
70590.0,-6889.188824474812
70591.0,-6889.22304096818
70592.0,-6889.257257461548
70593.0,-6889.291473954916
70594.0,-6889.325690448284
70595.0,-6889.359906941652
70596.0,-6889.39412343502
70597.0,-6889.428339928389
70598.0,-6889.462556421757
70599.0,-6889.496772915125
70600.0,-6889.530989408493
70601.0,-6889.565205901861
70602.0,-6889.599422395229
70603.0,-6889.6336388885975
70604.0,-6889.667855381966
70605.0,-6889.702071875334
70606.0,-6889.736288368702
70607.0,-6889.77050486207
70608.0,-6889.804721355438
70609.0,-6889.838937848806
70610.0,-6889.8731543421745
70611.0,-6889.907370835543
70612.0,-6889.941587328911
70613.0,-6889.975803822279
70614.0,-6890.010020315647
70615.0,-6890.044236809015
70616.0,-6890.078453302383
70617.0,-6890.112669795752
70618.0,-6890.14688628912
70619.0,-6890.181102782488
70620.0,-6890.215319275856
70621.0,-6890.249535769224
70622.0,-6890.283752262592
70623.0,-6890.3179687559605
70624.0,-6890.352185249329
70625.0,-6890.386401742697
70626.0,-6890.420618236065
70627.0,-6890.454834729433
70628.0,-6890.489051222801
70629.0,-6890.523267716169
70630.0,-6890.5574842095375
70631.0,-6890.591700702906
70632.0,-6890.625917196274
70633.0,-6890.660133689642
70634.0,-6890.69435018301
70635.0,-6890.728566676378
70636.0,-6890.762783169746
70637.0,-6890.796999663115
70638.0,-6890.831216156483
70639.0,-6890.865432649851
70640.0,-6890.899649143219
70641.0,-6890.933865636587
70642.0,-6890.968082129955
70643.0,-6891.002298623323
70644.0,-6891.036515116692
70645.0,-6891.07073161006
70646.0,-6891.104948103428
70647.0,-6891.139164596796
70648.0,-6891.173381090164
70649.0,-6891.207597583532
70650.0,-6891.2418140769005
70651.0,-6891.276030570269
70652.0,-6891.310247063637
70653.0,-6891.344463557005
70654.0,-6891.378680050373
70655.0,-6891.412896543741
70656.0,-6891.447113037109
70657.0,-6891.408167252938
70658.0,-6891.369221468766
70659.0,-6891.330275684595
70660.0,-6891.291329900424
70661.0,-6891.252384116252
70662.0,-6891.213438332081
70663.0,-6891.17449254791
70664.0,-6891.135546763738
70665.0,-6891.096600979567
70666.0,-6891.0576551953955
70667.0,-6891.018709411223
70668.0,-6890.979763627052
70669.0,-6890.940817842881
70670.0,-6890.901872058709
70671.0,-6890.862926274538
70672.0,-6890.823980490367
70673.0,-6890.785034706195
70674.0,-6890.746088922024
70675.0,-6890.707143137853
70676.0,-6890.668197353681
70677.0,-6890.6292515695095
70678.0,-6890.590305785338
70679.0,-6890.551360001166
70680.0,-6890.512414216995
70681.0,-6890.473468432824
70682.0,-6890.434522648652
70683.0,-6890.395576864481
70684.0,-6890.35663108031
70685.0,-6890.317685296138
70686.0,-6890.278739511967
70687.0,-6890.239793727796
70688.0,-6890.200847943624
70689.0,-6890.161902159452
70690.0,-6890.122956375281
70691.0,-6890.084010591109
70692.0,-6890.045064806938
70693.0,-6890.006119022767
70694.0,-6889.967173238595
70695.0,-6889.928227454424
70696.0,-6889.889281670253
70697.0,-6889.850335886081
70698.0,-6889.81139010191
70699.0,-6889.7724443177385
70700.0,-6889.7334985335665
70701.0,-6889.694552749395
70702.0,-6889.655606965224
70703.0,-6889.616661181052
70704.0,-6889.577715396881
70705.0,-6889.53876961271
70706.0,-6889.499823828538
70707.0,-6889.460878044367
70708.0,-6889.421932260196
70709.0,-6889.382986476024
70710.0,-6889.344040691853
70711.0,-6889.305094907681
70712.0,-6889.266149123509
70713.0,-6889.227203339338
70714.0,-6889.188257555167
70715.0,-6889.149311770995
70716.0,-6889.110365986824
70717.0,-6889.071420202653
70718.0,-6889.032474418481
70719.0,-6888.99352863431
70720.0,-6888.954582850139
70721.0,-6888.915637065967
70722.0,-6888.8766912817955
70723.0,-6888.837745497624
70724.0,-6888.798799713452
70725.0,-6888.759853929281
70726.0,-6888.72090814511
70727.0,-6888.681962360938
70728.0,-6888.643016576767
70729.0,-6888.604070792596
70730.0,-6888.565125008424
70731.0,-6888.526179224253
70732.0,-6888.487233440082
70733.0,-6888.44828765591
70734.0,-6888.409341871738
70735.0,-6888.370396087567
70736.0,-6888.331450303395
70737.0,-6888.292504519224
70738.0,-6888.253558735053
70739.0,-6888.214612950881
70740.0,-6888.17566716671
70741.0,-6888.136721382539
70742.0,-6888.097775598367
70743.0,-6888.058829814196
70744.0,-6888.0198840300245
70745.0,-6887.9809382458525
70746.0,-6887.941992461681
70747.0,-6887.90304667751
70748.0,-6887.864100893338
70749.0,-6887.825155109167
70750.0,-6887.786209324996
70751.0,-6887.747263540824
70752.0,-6887.708317756653
70753.0,-6887.669371972482
70754.0,-6887.63042618831
70755.0,-6887.591480404139
70756.0,-6887.552534619967
70757.0,-6887.513588835795
70758.0,-6887.474643051624
70759.0,-6887.435697267453
70760.0,-6887.396751483281
70761.0,-6887.35780569911
70762.0,-6887.318859914939
70763.0,-6887.279914130767
70764.0,-6887.240968346596
70765.0,-6887.202022562425
70766.0,-6887.163076778253
70767.0,-6887.1241309940815
70768.0,-6887.08518520991
70769.0,-6887.046239425738
70770.0,-6887.007293641567
70771.0,-6886.968347857396
70772.0,-6886.929402073224
70773.0,-6886.890456289053
70774.0,-6886.851510504882
70775.0,-6886.81256472071
70776.0,-6886.773618936539
70777.0,-6886.734673152368
70778.0,-6886.695727368196
70779.0,-6886.656781584024
70780.0,-6886.617835799853
70781.0,-6886.578890015681
70782.0,-6886.53994423151
70783.0,-6886.500998447339
70784.0,-6886.462052663167
70785.0,-6886.423106878996
70786.0,-6886.384161094825
70787.0,-6886.345215310653
70788.0,-6886.306269526482
70789.0,-6886.2673237423105
70790.0,-6886.2283779581385
70791.0,-6886.189432173967
70792.0,-6886.150486389796
70793.0,-6886.111540605624
70794.0,-6886.072594821453
70795.0,-6886.033649037282
70796.0,-6885.99470325311
70797.0,-6885.955757468939
70798.0,-6885.916811684768
70799.0,-6885.877865900596
70800.0,-6885.838920116425
70801.0,-6885.799974332253
70802.0,-6885.761028548081
70803.0,-6885.72208276391
70804.0,-6885.683136979739
70805.0,-6885.644191195567
70806.0,-6885.605245411396
70807.0,-6885.566299627225
70808.0,-6885.527353843053
70809.0,-6885.488408058882
70810.0,-6885.449462274711
70811.0,-6885.410516490539
70812.0,-6885.3715707063675
70813.0,-6885.332624922196
70814.0,-6885.293679138024
70815.0,-6885.254733353853
70816.0,-6885.215787569682
70817.0,-6885.17684178551
70818.0,-6885.137896001339
70819.0,-6885.098950217168
70820.0,-6885.060004432996
70821.0,-6885.021058648825
70822.0,-6884.982112864654
70823.0,-6884.9431670804815
70824.0,-6884.90422129631
70825.0,-6884.865275512139
70826.0,-6884.826329727967
70827.0,-6884.787383943796
70828.0,-6884.748438159625
70829.0,-6884.709492375453
70830.0,-6884.670546591282
70831.0,-6884.631600807111
70832.0,-6884.592655022939
70833.0,-6884.553709238768
70834.0,-6884.5147634545965
70835.0,-6884.4758176704245
70836.0,-6884.436871886253
70837.0,-6884.397926102082
70838.0,-6884.35898031791
70839.0,-6884.320034533739
70840.0,-6884.281088749568
70841.0,-6884.242142965396
70842.0,-6884.203197181225
70843.0,-6884.164251397054
70844.0,-6884.125305612882
70845.0,-6884.086359828711
70846.0,-6884.047414044539
70847.0,-6884.008468260367
70848.0,-6883.969522476196
70849.0,-6883.930576692025
70850.0,-6883.891630907853
70851.0,-6883.852685123682
70852.0,-6883.813739339511
70853.0,-6883.774793555339
70854.0,-6883.735847771168
70855.0,-6883.696901986997
70856.0,-6883.657956202825
70857.0,-6883.6190104186535
70858.0,-6883.580064634482
70859.0,-6883.54111885031
70860.0,-6883.502173066139
70861.0,-6883.463227281968
70862.0,-6883.424281497796
70863.0,-6883.385335713625
70864.0,-6883.346389929454
70865.0,-6883.307444145282
70866.0,-6883.268498361111
70867.0,-6883.22955257694
70868.0,-6883.1906067927675
70869.0,-6883.151661008596
70870.0,-6883.112715224425
70871.0,-6883.073769440253
70872.0,-6883.034823656082
70873.0,-6882.995877871911
70874.0,-6882.956932087739
70875.0,-6882.917986303568
70876.0,-6882.879040519397
70877.0,-6882.840094735225
70878.0,-6882.801148951054
70879.0,-6882.7622031668825
70880.0,-6882.7232573827105
70881.0,-6882.684311598539
70882.0,-6882.645365814368
70883.0,-6882.606420030196
70884.0,-6882.567474246025
70885.0,-6882.528528461854
70886.0,-6882.489582677682
70887.0,-6882.450636893511
70888.0,-6882.41169110934
70889.0,-6882.372745325168
70890.0,-6882.333799540997
70891.0,-6882.294853756825
70892.0,-6882.255907972653
70893.0,-6882.216962188482
70894.0,-6882.178016404311
70895.0,-6882.139070620139
70896.0,-6882.100124835968
70897.0,-6882.061179051797
70898.0,-6882.022233267625
70899.0,-6881.983287483454
70900.0,-6881.944341699283
70901.0,-6881.905395915111
70902.0,-6881.8664501309395
70903.0,-6881.827504346768
70904.0,-6881.788558562596
70905.0,-6881.749612778425
70906.0,-6881.710666994254
70907.0,-6881.671721210082
70908.0,-6881.632775425911
70909.0,-6881.59382964174
70910.0,-6881.554883857568
70911.0,-6881.515938073397
70912.0,-6881.476992289226
70913.0,-6881.4380465050535
70914.0,-6881.399100720882
70915.0,-6881.360154936711
70916.0,-6881.321209152539
70917.0,-6881.282263368368
70918.0,-6881.243317584197
70919.0,-6881.204371800025
70920.0,-6881.165426015854
70921.0,-6881.126480231683
70922.0,-6881.087534447511
70923.0,-6881.04858866334
70924.0,-6881.0096428791685
70925.0,-6880.9706970949965
70926.0,-6880.931751310825
70927.0,-6880.892805526654
70928.0,-6880.853859742482
70929.0,-6880.814913958311
70930.0,-6880.77596817414
70931.0,-6880.737022389968
70932.0,-6880.698076605797
70933.0,-6880.659130821626
70934.0,-6880.620185037454
70935.0,-6880.581239253283
70936.0,-6880.542293469111
70937.0,-6880.503347684939
70938.0,-6880.464401900768
70939.0,-6880.425456116597
70940.0,-6880.386510332425
70941.0,-6880.347564548254
70942.0,-6880.308618764083
70943.0,-6880.269672979911
70944.0,-6880.23072719574
70945.0,-6880.191781411569
70946.0,-6880.152835627397
70947.0,-6880.1138898432255
70948.0,-6880.074944059054
70949.0,-6880.035998274882
70950.0,-6879.997052490711
70951.0,-6879.95810670654
70952.0,-6879.919160922368
70953.0,-6879.880215138197
70954.0,-6879.841269354026
70955.0,-6879.802323569854
70956.0,-6879.763377785683
70957.0,-6879.724432001512
70958.0,-6879.6854862173395
70959.0,-6879.646540433168
70960.0,-6879.607594648997
70961.0,-6879.568648864825
70962.0,-6879.529703080654
70963.0,-6879.490757296483
70964.0,-6879.451811512311
70965.0,-6879.41286572814
70966.0,-6879.373919943969
70967.0,-6879.334974159797
70968.0,-6879.296028375626
70969.0,-6879.2570825914545
70970.0,-6879.2181368072825
70971.0,-6879.179191023111
70972.0,-6879.14024523894
70973.0,-6879.101299454768
70974.0,-6879.062353670597
70975.0,-6879.023407886426
70976.0,-6878.984462102254
70977.0,-6878.945516318083
70978.0,-6878.906570533912
70979.0,-6878.86762474974
70980.0,-6878.8286789655685
70981.0,-6878.789733181397
70982.0,-6878.750787397225
70983.0,-6878.711841613054
70984.0,-6878.672895828883
70985.0,-6878.633950044711
70986.0,-6878.59500426054
70987.0,-6878.556058476369
70988.0,-6878.517112692197
70989.0,-6878.478166908026
70990.0,-6878.439221123855
70991.0,-6878.400275339683
70992.0,-6878.3613295555115
70993.0,-6878.32238377134
70994.0,-6878.283437987168
70995.0,-6878.244492202997
70996.0,-6878.205546418826
70997.0,-6878.166600634654
70998.0,-6878.127654850483
70999.0,-6878.088709066312
71000.0,-6878.04976328214
71001.0,-6878.010817497969
71002.0,-6877.971871713798
71003.0,-6877.9329259296255
71004.0,-6877.893980145454
71005.0,-6877.855034361283
71006.0,-6877.816088577111
71007.0,-6877.77714279294
71008.0,-6877.738197008769
71009.0,-6877.699251224597
71010.0,-6877.660305440426
71011.0,-6877.621359656255
71012.0,-6877.582413872083
71013.0,-6877.543468087912
71014.0,-6877.5045223037405
71015.0,-6877.4655765195685
71016.0,-6877.426630735397
71017.0,-6877.387684951226
71018.0,-6877.348739167054
71019.0,-6877.309793382883
71020.0,-6877.270847598712
71021.0,-6877.23190181454
71022.0,-6877.192956030369
71023.0,-6877.154010246198
71024.0,-6877.115064462026
71025.0,-6877.0761186778545
71026.0,-6877.037172893683
71027.0,-6876.998227109511
71028.0,-6876.95928132534
71029.0,-6876.920335541169
71030.0,-6876.881389756997
71031.0,-6876.842443972826
71032.0,-6876.803498188655
71033.0,-6876.764552404483
71034.0,-6876.725606620312
71035.0,-6876.686660836141
71036.0,-6876.647715051969
71037.0,-6876.6087692677975
71038.0,-6876.569823483626
71039.0,-6876.530877699454
71040.0,-6876.491931915283
71041.0,-6876.452986131112
71042.0,-6876.41404034694
71043.0,-6876.375094562769
71044.0,-6876.336148778598
71045.0,-6876.297202994426
71046.0,-6876.258257210255
71047.0,-6876.219311426084
71048.0,-6876.1803656419115
71049.0,-6876.14141985774
71050.0,-6876.102474073569
71051.0,-6876.063528289397
71052.0,-6876.024582505226
71053.0,-6875.985636721055
71054.0,-6875.946690936883
71055.0,-6875.907745152712
71056.0,-6875.868799368541
71057.0,-6875.829853584369
71058.0,-6875.790907800198
71059.0,-6875.7519620160265
71060.0,-6875.713016231854
71061.0,-6875.674070447683
71062.0,-6875.635124663512
71063.0,-6875.59617887934
71064.0,-6875.557233095169
71065.0,-6875.518287310998
71066.0,-6875.479341526826
71067.0,-6875.440395742655
71068.0,-6875.401449958484
71069.0,-6875.362504174312
71070.0,-6875.3235583901405
71071.0,-6875.284612605969
71072.0,-6875.245666821797
71073.0,-6875.206721037626
71074.0,-6875.167775253455
71075.0,-6875.128829469283
71076.0,-6875.089883685112
71077.0,-6875.050937900941
71078.0,-6875.011992116769
71079.0,-6874.973046332598
71080.0,-6874.934100548427
71081.0,-6874.895154764255
71082.0,-6874.8562089800835
71083.0,-6874.817263195912
71084.0,-6874.77831741174
71085.0,-6874.739371627569
71086.0,-6874.700425843398
71087.0,-6874.661480059226
71088.0,-6874.622534275055
71089.0,-6874.583588490884
71090.0,-6874.544642706712
71091.0,-6874.505696922541
71092.0,-6874.46675113837
71093.0,-6874.4278053541975
71094.0,-6874.388859570026
71095.0,-6874.349913785855
71096.0,-6874.310968001683
71097.0,-6874.272022217512
71098.0,-6874.233076433341
71099.0,-6874.194130649169
71100.0,-6874.155184864998
71101.0,-6874.116239080827
71102.0,-6874.077293296655
71103.0,-6874.038347512484
71104.0,-6873.9994017283125
71105.0,-6873.96045594414
71106.0,-6873.921510159969
71107.0,-6873.882564375798
71108.0,-6873.843618591626
71109.0,-6873.804672807455
71110.0,-6873.765727023284
71111.0,-6873.726781239112
71112.0,-6873.687835454941
71113.0,-6873.64888967077
71114.0,-6873.609943886598
71115.0,-6873.5709981024265
71116.0,-6873.532052318255
71117.0,-6873.493106534083
71118.0,-6873.454160749912
71119.0,-6873.415214965741
71120.0,-6873.376269181569
71121.0,-6873.337323397398
71122.0,-6873.298377613227
71123.0,-6873.259431829055
71124.0,-6873.220486044884
71125.0,-6873.181540260713
71126.0,-6873.142594476541
71127.0,-6873.1036486923695
71128.0,-6873.064702908198
71129.0,-6873.025757124026
71130.0,-6872.986811339855
71131.0,-6872.947865555684
71132.0,-6872.908919771512
71133.0,-6872.869973987341
71134.0,-6872.83102820317
71135.0,-6872.792082418998
71136.0,-6872.753136634827
71137.0,-6872.7141908506555
71138.0,-6872.6752450664835
71139.0,-6872.636299282312
71140.0,-6872.597353498141
71141.0,-6872.558407713969
71142.0,-6872.519461929798
71143.0,-6872.480516145627
71144.0,-6872.441570361455
71145.0,-6872.402624577284
71146.0,-6872.363678793113
71147.0,-6872.324733008941
71148.0,-6872.28578722477
71149.0,-6872.2468414405985
71150.0,-6872.207895656426
71151.0,-6872.168949872255
71152.0,-6872.130004088084
71153.0,-6872.091058303912
71154.0,-6872.052112519741
71155.0,-6872.01316673557
71156.0,-6871.974220951398
71157.0,-6871.935275167227
71158.0,-6871.896329383056
71159.0,-6871.857383598884
71160.0,-6871.8184378147125
71161.0,-6871.779492030541
71162.0,-6871.740546246369
71163.0,-6871.701600462198
71164.0,-6871.662654678027
71165.0,-6871.623708893855
71166.0,-6871.584763109684
71167.0,-6871.545817325513
71168.0,-6871.506871541341
71169.0,-6871.46792575717
71170.0,-6871.428979972999
71171.0,-6871.390034188827
71172.0,-6871.3510884046555
71173.0,-6871.312142620484
71174.0,-6871.273196836312
71175.0,-6871.234251052141
71176.0,-6871.19530526797
71177.0,-6871.156359483798
71178.0,-6871.117413699627
71179.0,-6871.078467915456
71180.0,-6871.039522131284
71181.0,-6871.000576347113
71182.0,-6870.9616305629415
71183.0,-6870.9226847787695
71184.0,-6870.883738994598
71185.0,-6870.844793210427
71186.0,-6870.805847426255
71187.0,-6870.766901642084
71188.0,-6870.727955857913
71189.0,-6870.689010073741
71190.0,-6870.65006428957
71191.0,-6870.611118505399
71192.0,-6870.572172721227
71193.0,-6870.533226937056
71194.0,-6870.4942811528845
71195.0,-6870.455335368712
71196.0,-6870.416389584541
71197.0,-6870.37744380037
71198.0,-6870.338498016198
71199.0,-6870.299552232027
71200.0,-6870.260606447856
71201.0,-6870.221660663684
71202.0,-6870.182714879513
71203.0,-6870.143769095342
71204.0,-6870.10482331117
71205.0,-6870.0658775269985
71206.0,-6870.026931742827
71207.0,-6869.987985958655
71208.0,-6869.949040174484
71209.0,-6869.910094390313
71210.0,-6869.871148606141
71211.0,-6869.83220282197
71212.0,-6869.793257037799
71213.0,-6869.754311253627
71214.0,-6869.715365469456
71215.0,-6869.676419685285
71216.0,-6869.637473901113
71217.0,-6869.598528116941
71218.0,-6869.55958233277
71219.0,-6869.520636548598
71220.0,-6869.481690764427
71221.0,-6869.442744980256
71222.0,-6869.403799196084
71223.0,-6869.364853411913
71224.0,-6869.325907627742
71225.0,-6869.28696184357
71226.0,-6869.248016059399
71227.0,-6869.2090702752275
71228.0,-6869.1701244910555
71229.0,-6869.131178706884
71230.0,-6869.092232922713
71231.0,-6869.053287138541
71232.0,-6869.01434135437
71233.0,-6868.975395570199
71234.0,-6868.936449786027
71235.0,-6868.897504001856
71236.0,-6868.858558217685
71237.0,-6868.819612433513
71238.0,-6868.780666649342
71239.0,-6868.7417208651705
71240.0,-6868.702775080998
71241.0,-6868.663829296827
71242.0,-6868.624883512656
71243.0,-6868.585937728484
71244.0,-6868.546991944313
71245.0,-6868.508046160142
71246.0,-6868.46910037597
71247.0,-6868.430154591799
71248.0,-6868.391208807628
71249.0,-6868.352263023456
71250.0,-6868.3133172392845
71251.0,-6868.274371455113
71252.0,-6868.235425670941
71253.0,-6868.19647988677
71254.0,-6868.157534102599
71255.0,-6868.118588318427
71256.0,-6868.079642534256
71257.0,-6868.040696750085
71258.0,-6868.001750965913
71259.0,-6867.962805181742
71260.0,-6867.923859397571
71261.0,-6867.884913613399
71262.0,-6867.845967829227
71263.0,-6867.807022045056
71264.0,-6867.768076260884
71265.0,-6867.729130476713
71266.0,-6867.690184692542
71267.0,-6867.65123890837
71268.0,-6867.612293124199
71269.0,-6867.573347340028
71270.0,-6867.534401555856
71271.0,-6867.495455771685
71272.0,-6867.4565099875135
71273.0,-6867.4175642033415
71274.0,-6867.37861841917
71275.0,-6867.339672634999
71276.0,-6867.300726850827
71277.0,-6867.261781066656
71278.0,-6867.222835282485
71279.0,-6867.183889498313
71280.0,-6867.144943714142
71281.0,-6867.105997929971
71282.0,-6867.067052145799
71283.0,-6867.028106361628
71284.0,-6866.9891605774565
71285.0,-6866.950214793284
71286.0,-6866.911269009113
71287.0,-6866.872323224942
71288.0,-6866.83337744077
71289.0,-6866.794431656599
71290.0,-6866.755485872428
71291.0,-6866.716540088256
71292.0,-6866.677594304085
71293.0,-6866.638648519914
71294.0,-6866.599702735742
71295.0,-6866.5607569515705
71296.0,-6866.521811167399
71297.0,-6866.482865383227
71298.0,-6866.443919599056
71299.0,-6866.404973814885
71300.0,-6866.366028030713
71301.0,-6866.327082246542
71302.0,-6866.288136462371
71303.0,-6866.249190678199
71304.0,-6866.210244894028
71305.0,-6866.171299109857
71306.0,-6866.132353325685
71307.0,-6866.093407541513
71308.0,-6866.054461757342
71309.0,-6866.01551597317
71310.0,-6865.976570188999
71311.0,-6865.937624404828
71312.0,-6865.898678620656
71313.0,-6865.859732836485
71314.0,-6865.820787052314
71315.0,-6865.781841268142
71316.0,-6865.742895483971
71317.0,-6865.7039496997995
71318.0,-6865.6650039156275
71319.0,-6865.626058131456
71320.0,-6865.587112347285
71321.0,-6865.548166563113
71322.0,-6865.509220778942
71323.0,-6865.470274994771
71324.0,-6865.431329210599
71325.0,-6865.392383426428
71326.0,-6865.353437642257
71327.0,-6865.314491858085
71328.0,-6865.275546073914
71329.0,-6865.2366002897425
71330.0,-6865.19765450557
71331.0,-6865.158708721399
71332.0,-6865.119762937228
71333.0,-6865.080817153056
71334.0,-6865.041871368885
71335.0,-6865.002925584714
71336.0,-6864.963979800542
71337.0,-6864.925034016371
71338.0,-6864.8860882322
71339.0,-6864.847142448028
71340.0,-6864.8081966638565
71341.0,-6864.769250879685
71342.0,-6864.730305095513
71343.0,-6864.691359311342
71344.0,-6864.652413527171
71345.0,-6864.613467742999
71346.0,-6864.574521958828
71347.0,-6864.535576174657
71348.0,-6864.496630390485
71349.0,-6864.457684606314
71350.0,-6864.418738822143
71351.0,-6864.379793037971
71352.0,-6864.340847253799
71353.0,-6864.301901469628
71354.0,-6864.262955685456
71355.0,-6864.224009901285
71356.0,-6864.185064117114
71357.0,-6864.146118332942
71358.0,-6864.107172548771
71359.0,-6864.0682267646
71360.0,-6864.029280980428
71361.0,-6863.990335196257
71362.0,-6863.9513894120855
71363.0,-6863.9124436279135
71364.0,-6863.873497843742
71365.0,-6863.834552059571
71366.0,-6863.795606275399
71367.0,-6863.756660491228
71368.0,-6863.717714707057
71369.0,-6863.678768922885
71370.0,-6863.639823138714
71371.0,-6863.600877354543
71372.0,-6863.561931570371
71373.0,-6863.5229857862
71374.0,-6863.484040002028
71375.0,-6863.445094217856
71376.0,-6863.406148433685
71377.0,-6863.367202649514
71378.0,-6863.328256865342
71379.0,-6863.289311081171
71380.0,-6863.250365297
71381.0,-6863.211419512828
71382.0,-6863.172473728657
71383.0,-6863.133527944486
71384.0,-6863.094582160314
71385.0,-6863.0556363761425
71386.0,-6863.016690591971
71387.0,-6862.977744807799
71388.0,-6862.938799023628
71389.0,-6862.899853239457
71390.0,-6862.860907455285
71391.0,-6862.821961671114
71392.0,-6862.783015886943
71393.0,-6862.744070102771
71394.0,-6862.7051243186
71395.0,-6862.666178534429
71396.0,-6862.627232750257
71397.0,-6862.588286966085
71398.0,-6862.549341181914
71399.0,-6862.510395397742
71400.0,-6862.471449613571
71401.0,-6862.4325038294
71402.0,-6862.393558045228
71403.0,-6862.354612261057
71404.0,-6862.315666476886
71405.0,-6862.276720692714
71406.0,-6862.237774908543
71407.0,-6862.1988291243715
71408.0,-6862.1598833401995
71409.0,-6862.120937556028
71410.0,-6862.081991771857
71411.0,-6862.043045987685
71412.0,-6862.004100203514
71413.0,-6861.965154419343
71414.0,-6861.926208635171
71415.0,-6861.887262851
71416.0,-6861.848317066829
71417.0,-6861.809371282657
71418.0,-6861.770425498486
71419.0,-6861.731479714314
71420.0,-6861.692533930142
71421.0,-6861.653588145971
71422.0,-6861.6146423618
71423.0,-6861.575696577628
71424.0,-6861.536750793457
71425.0,-6861.497805009286
71426.0,-6861.458859225114
71427.0,-6861.419913440943
71428.0,-6861.380967656772
71429.0,-6861.3420218726
71430.0,-6861.3030760884285
71431.0,-6861.264130304257
71432.0,-6861.225184520085
71433.0,-6861.186238735914
71434.0,-6861.147292951743
71435.0,-6861.108347167571
71436.0,-6861.0694013834
71437.0,-6861.030455599229
71438.0,-6860.991509815057
71439.0,-6860.952564030886
71440.0,-6860.913618246715
71441.0,-6860.874672462543
71442.0,-6860.835726678371
71443.0,-6860.7967808942
71444.0,-6860.757835110028
71445.0,-6860.718889325857
71446.0,-6860.679943541686
71447.0,-6860.640997757514
71448.0,-6860.602051973343
71449.0,-6860.563106189172
71450.0,-6860.524160405
71451.0,-6860.485214620829
71452.0,-6860.4462688366575
71453.0,-6860.4073230524855
71454.0,-6860.368377268314
71455.0,-6860.329431484143
71456.0,-6860.290485699971
71457.0,-6860.2515399158
71458.0,-6860.212594131629
71459.0,-6860.173648347457
71460.0,-6860.134702563286
71461.0,-6860.095756779115
71462.0,-6860.056810994943
71463.0,-6860.017865210772
71464.0,-6859.9789194266
71465.0,-6859.939973642428
71466.0,-6859.901027858257
71467.0,-6859.862082074086
71468.0,-6859.823136289914
71469.0,-6859.784190505743
71470.0,-6859.745244721572
71471.0,-6859.7062989374
71472.0,-6859.667353153229
71473.0,-6859.628407369058
71474.0,-6859.589461584886
71475.0,-6859.5505158007145
71476.0,-6859.511570016543
71477.0,-6859.472624232371
71478.0,-6859.4336784482
71479.0,-6859.394732664029
71480.0,-6859.355786879857
71481.0,-6859.316841095686
71482.0,-6859.277895311515
71483.0,-6859.238949527343
71484.0,-6859.200003743172
71485.0,-6859.161057959001
71486.0,-6859.1221121748285
71487.0,-6859.083166390657
71488.0,-6859.044220606486
71489.0,-6859.005274822314
71490.0,-6858.966329038143
71491.0,-6858.927383253972
71492.0,-6858.8884374698
71493.0,-6858.849491685629
71494.0,-6858.810545901458
71495.0,-6858.771600117286
71496.0,-6858.732654333115
71497.0,-6858.6937085489435
71498.0,-6858.6547627647715
71499.0,-6858.6158169806
71500.0,-6858.576871196429
71501.0,-6858.537925412257
71502.0,-6858.498979628086
71503.0,-6858.460033843915
71504.0,-6858.421088059743
71505.0,-6858.382142275572
71506.0,-6858.343196491401
71507.0,-6858.304250707229
71508.0,-6858.265304923058
71509.0,-6858.226359138886
71510.0,-6858.187413354714
71511.0,-6858.148467570543
71512.0,-6858.109521786372
71513.0,-6858.0705760022
71514.0,-6858.031630218029
71515.0,-6857.992684433858
71516.0,-6857.953738649686
71517.0,-6857.914792865515
71518.0,-6857.875847081344
71519.0,-6857.836901297172
71520.0,-6857.7979555130005
71521.0,-6857.759009728829
71522.0,-6857.720063944657
71523.0,-6857.681118160486
71524.0,-6857.642172376315
71525.0,-6857.603226592143
71526.0,-6857.564280807972
71527.0,-6857.525335023801
71528.0,-6857.486389239629
71529.0,-6857.447443455458
71530.0,-6857.408497671287
71531.0,-6857.3695518871145
71532.0,-6857.330606102943
71533.0,-6857.291660318772
71534.0,-6857.2527145346
71535.0,-6857.213768750429
71536.0,-6857.174822966258
71537.0,-6857.135877182086
71538.0,-6857.096931397915
71539.0,-6857.057985613744
71540.0,-6857.019039829572
71541.0,-6856.980094045401
71542.0,-6856.9411482612295
71543.0,-6856.9022024770575
71544.0,-6856.863256692886
71545.0,-6856.824310908715
71546.0,-6856.785365124543
71547.0,-6856.746419340372
71548.0,-6856.707473556201
71549.0,-6856.668527772029
71550.0,-6856.629581987858
71551.0,-6856.590636203687
71552.0,-6856.551690419515
71553.0,-6856.512744635344
71554.0,-6856.473798851172
71555.0,-6856.434853067
71556.0,-6856.395907282829
71557.0,-6856.356961498658
71558.0,-6856.318015714486
71559.0,-6856.279069930315
71560.0,-6856.240124146144
71561.0,-6856.201178361972
71562.0,-6856.162232577801
71563.0,-6856.12328679363
71564.0,-6856.084341009458
71565.0,-6856.0453952252865
71566.0,-6856.006449441115
71567.0,-6855.967503656943
71568.0,-6855.928557872772
71569.0,-6855.889612088601
71570.0,-6855.850666304429
71571.0,-6855.811720520258
71572.0,-6855.772774736087
71573.0,-6855.733828951915
71574.0,-6855.694883167744
71575.0,-6855.655937383573
71576.0,-6855.6169915994005
71577.0,-6855.578045815229
71578.0,-6855.539100031058
71579.0,-6855.500154246886
71580.0,-6855.461208462715
71581.0,-6855.422262678544
71582.0,-6855.383316894372
71583.0,-6855.344371110201
71584.0,-6855.30542532603
71585.0,-6855.266479541858
71586.0,-6855.227533757687
71587.0,-6855.1885879735155
71588.0,-6855.1496421893435
71589.0,-6855.110696405172
71590.0,-6855.071750621001
71591.0,-6855.032804836829
71592.0,-6854.993859052658
71593.0,-6854.954913268487
71594.0,-6854.915967484315
71595.0,-6854.877021700144
71596.0,-6854.838075915973
71597.0,-6854.799130131801
71598.0,-6854.76018434763
71599.0,-6854.721238563458
71600.0,-6854.682292779286
71601.0,-6854.643346995115
71602.0,-6854.604401210944
71603.0,-6854.565455426772
71604.0,-6854.526509642601
71605.0,-6854.48756385843
71606.0,-6854.448618074258
71607.0,-6854.409672290087
71608.0,-6854.370726505916
71609.0,-6854.331780721744
71610.0,-6854.2928349375725
71611.0,-6854.253889153401
71612.0,-6854.214943369229
71613.0,-6854.175997585058
71614.0,-6854.137051800887
71615.0,-6854.098106016715
71616.0,-6854.059160232544
71617.0,-6854.020214448373
71618.0,-6853.981268664201
71619.0,-6853.94232288003
71620.0,-6853.903377095859
71621.0,-6853.8644313116865
71622.0,-6853.825485527515
71623.0,-6853.786539743344
71624.0,-6853.747593959172
71625.0,-6853.708648175001
71626.0,-6853.66970239083
71627.0,-6853.630756606658
71628.0,-6853.591810822487
71629.0,-6853.552865038316
71630.0,-6853.513919254144
71631.0,-6853.474973469973
71632.0,-6853.4360276858015
71633.0,-6853.3970819016295
71634.0,-6853.358136117458
71635.0,-6853.319190333287
71636.0,-6853.280244549115
71637.0,-6853.241298764944
71638.0,-6853.202352980773
71639.0,-6853.163407196601
71640.0,-6853.12446141243
71641.0,-6853.085515628259
71642.0,-6853.046569844087
71643.0,-6853.0076240599155
71644.0,-6852.968678275744
71645.0,-6852.929732491572
71646.0,-6852.890786707401
71647.0,-6852.85184092323
71648.0,-6852.812895139058
71649.0,-6852.773949354887
71650.0,-6852.735003570716
71651.0,-6852.696057786544
71652.0,-6852.657112002373
71653.0,-6852.618166218202
71654.0,-6852.57922043403
71655.0,-6852.5402746498585
71656.0,-6852.501328865687
71657.0,-6852.462383081515
71658.0,-6852.423437297344
71659.0,-6852.384491513173
71660.0,-6852.345545729001
71661.0,-6852.30659994483
71662.0,-6852.267654160659
71663.0,-6852.228708376487
71664.0,-6852.189762592316
71665.0,-6852.150816808145
71666.0,-6852.1118710239725
71667.0,-6852.072925239801
71668.0,-6852.03397945563
71669.0,-6851.995033671458
71670.0,-6851.956087887287
71671.0,-6851.917142103116
71672.0,-6851.878196318944
71673.0,-6851.839250534773
71674.0,-6851.800304750602
71675.0,-6851.76135896643
71676.0,-6851.722413182259
71677.0,-6851.6834673980875
71678.0,-6851.6445216139155
71679.0,-6851.605575829744
71680.0,-6851.566630045573
71681.0,-6851.5834801495075
71682.0,-6851.600330253442
71683.0,-6851.617180357377
71684.0,-6851.634030461311
71685.0,-6851.650880565246
71686.0,-6851.667730669181
71687.0,-6851.684580773115
71688.0,-6851.7014308770495
71689.0,-6851.718280980985
71690.0,-6851.735131084919
71691.0,-6851.751981188853
71692.0,-6851.7688312927885
71693.0,-6851.785681396723
71694.0,-6851.802531500657
71695.0,-6851.819381604592
71696.0,-6851.836231708527
71697.0,-6851.853081812461
71698.0,-6851.869931916396
71699.0,-6851.88678202033
71700.0,-6851.903632124265
71701.0,-6851.9204822282
71702.0,-6851.937332332134
71703.0,-6851.954182436069
71704.0,-6851.971032540004
71705.0,-6851.987882643938
71706.0,-6852.004732747872
71707.0,-6852.021582851808
71708.0,-6852.038432955742
71709.0,-6852.055283059676
71710.0,-6852.072133163611
71711.0,-6852.088983267546
71712.0,-6852.10583337148
71713.0,-6852.122683475415
71714.0,-6852.1395335793495
71715.0,-6852.156383683284
71716.0,-6852.173233787219
71717.0,-6852.190083891153
71718.0,-6852.206933995088
71719.0,-6852.223784099023
71720.0,-6852.240634202957
71721.0,-6852.2574843068915
71722.0,-6852.274334410827
71723.0,-6852.291184514761
71724.0,-6852.308034618695
71725.0,-6852.3248847226305
71726.0,-6852.341734826565
71727.0,-6852.358584930499
71728.0,-6852.375435034434
71729.0,-6852.392285138369
71730.0,-6852.409135242303
71731.0,-6852.425985346238
71732.0,-6852.442835450172
71733.0,-6852.459685554107
71734.0,-6852.476535658042
71735.0,-6852.493385761976
71736.0,-6852.5102358659105
71737.0,-6852.527085969846
71738.0,-6852.54393607378
71739.0,-6852.560786177714
71740.0,-6852.57763628165
71741.0,-6852.594486385584
71742.0,-6852.611336489518
71743.0,-6852.628186593453
71744.0,-6852.645036697388
71745.0,-6852.661886801322
71746.0,-6852.678736905257
71747.0,-6852.6955870091915
71748.0,-6852.712437113126
71749.0,-6852.729287217061
71750.0,-6852.746137320995
71751.0,-6852.76298742493
71752.0,-6852.779837528865
71753.0,-6852.796687632799
71754.0,-6852.813537736733
71755.0,-6852.830387840669
71756.0,-6852.847237944603
71757.0,-6852.864088048537
71758.0,-6852.8809381524725
71759.0,-6852.897788256407
71760.0,-6852.914638360341
71761.0,-6852.931488464276
71762.0,-6852.948338568211
71763.0,-6852.965188672145
71764.0,-6852.98203877608
71765.0,-6852.998888880014
71766.0,-6853.015738983949
71767.0,-6853.032589087884
71768.0,-6853.049439191818
71769.0,-6853.0662892957525
71770.0,-6853.083139399688
71771.0,-6853.099989503622
71772.0,-6853.116839607556
71773.0,-6853.133689711492
71774.0,-6853.150539815426
71775.0,-6853.16738991936
71776.0,-6853.184240023295
71777.0,-6853.20109012723
71778.0,-6853.217940231164
71779.0,-6853.234790335099
71780.0,-6853.2516404390335
71781.0,-6853.268490542968
71782.0,-6853.285340646903
71783.0,-6853.302190750837
71784.0,-6853.319040854772
71785.0,-6853.335890958707
71786.0,-6853.352741062641
71787.0,-6853.369591166575
71788.0,-6853.386441270511
71789.0,-6853.403291374445
71790.0,-6853.420141478379
71791.0,-6853.4369915823145
71792.0,-6853.453841686249
71793.0,-6853.470691790183
71794.0,-6853.487541894118
71795.0,-6853.504391998053
71796.0,-6853.521242101987
71797.0,-6853.538092205922
71798.0,-6853.554942309856
71799.0,-6853.571792413791
71800.0,-6853.588642517726
71801.0,-6853.60549262166
71802.0,-6853.6223427255945
71803.0,-6853.63919282953
71804.0,-6853.656042933464
71805.0,-6853.672893037398
71806.0,-6853.689743141334
71807.0,-6853.706593245268
71808.0,-6853.723443349202
71809.0,-6853.740293453137
71810.0,-6853.757143557072
71811.0,-6853.773993661006
71812.0,-6853.790843764941
71813.0,-6853.8076938688755
71814.0,-6853.82454397281
71815.0,-6853.841394076745
71816.0,-6853.858244180679
71817.0,-6853.875094284614
71818.0,-6853.891944388549
71819.0,-6853.908794492483
71820.0,-6853.925644596417
71821.0,-6853.942494700353
71822.0,-6853.959344804287
71823.0,-6853.976194908221
71824.0,-6853.9930450121565
71825.0,-6854.009895116091
71826.0,-6854.026745220025
71827.0,-6854.04359532396
71828.0,-6854.060445427895
71829.0,-6854.077295531829
71830.0,-6854.094145635764
71831.0,-6854.110995739698
71832.0,-6854.127845843633
71833.0,-6854.144695947568
71834.0,-6854.161546051502
71835.0,-6854.1783961554365
71836.0,-6854.195246259372
71837.0,-6854.212096363306
71838.0,-6854.22894646724
71839.0,-6854.245796571176
71840.0,-6854.26264667511
71841.0,-6854.279496779044
71842.0,-6854.296346882979
71843.0,-6854.313196986914
71844.0,-6854.330047090848
71845.0,-6854.346897194783
71846.0,-6854.3637472987175
71847.0,-6854.380597402652
71848.0,-6854.397447506587
71849.0,-6854.414297610521
71850.0,-6854.431147714456
71851.0,-6854.447997818391
71852.0,-6854.464847922325
71853.0,-6854.481698026259
71854.0,-6854.498548130195
71855.0,-6854.515398234129
71856.0,-6854.532248338063
71857.0,-6854.5490984419985
71858.0,-6854.565948545933
71859.0,-6854.582798649867
71860.0,-6854.599648753802
71861.0,-6854.616498857737
71862.0,-6854.633348961671
71863.0,-6854.650199065606
71864.0,-6854.66704916954
71865.0,-6854.683899273475
71866.0,-6854.70074937741
71867.0,-6854.717599481344
71868.0,-6854.7344495852785
71869.0,-6854.751299689214
71870.0,-6854.768149793148
71871.0,-6854.784999897082
71872.0,-6854.801850001018
71873.0,-6854.818700104952
71874.0,-6854.835550208886
71875.0,-6854.852400312821
71876.0,-6854.869250416756
71877.0,-6854.88610052069
71878.0,-6854.902950624625
71879.0,-6854.9198007285595
71880.0,-6854.936650832494
71881.0,-6854.953500936429
71882.0,-6854.970351040363
71883.0,-6854.987201144298
71884.0,-6855.004051248233
71885.0,-6855.020901352167
71886.0,-6855.037751456101
71887.0,-6855.054601560037
71888.0,-6855.071451663971
71889.0,-6855.088301767905
71890.0,-6855.1051518718405
71891.0,-6855.122001975775
71892.0,-6855.138852079709
71893.0,-6855.155702183644
71894.0,-6855.172552287579
71895.0,-6855.189402391513
71896.0,-6855.206252495448
71897.0,-6855.223102599382
71898.0,-6855.239952703317
71899.0,-6855.256802807252
71900.0,-6855.273652911186
71901.0,-6855.2905030151205
71902.0,-6855.307353119056
71903.0,-6855.32420322299
71904.0,-6855.341053326924
71905.0,-6855.35790343086
71906.0,-6855.374753534794
71907.0,-6855.391603638728
71908.0,-6855.408453742663
71909.0,-6855.425303846598
71910.0,-6855.442153950532
71911.0,-6855.459004054467
71912.0,-6855.4758541584015
71913.0,-6855.492704262336
71914.0,-6855.509554366271
71915.0,-6855.526404470205
71916.0,-6855.54325457414
71917.0,-6855.560104678075
71918.0,-6855.576954782009
71919.0,-6855.593804885943
71920.0,-6855.610654989879
71921.0,-6855.627505093813
71922.0,-6855.644355197747
71923.0,-6855.6612053016825
71924.0,-6855.678055405617
71925.0,-6855.694905509551
71926.0,-6855.711755613486
71927.0,-6855.728605717421
71928.0,-6855.745455821355
71929.0,-6855.76230592529
71930.0,-6855.779156029224
71931.0,-6855.796006133159
71932.0,-6855.812856237094
71933.0,-6855.829706341028
71934.0,-6855.8465564449625
71935.0,-6855.863406548898
71936.0,-6855.880256652832
71937.0,-6855.897106756766
71938.0,-6855.913956860702
71939.0,-6855.930806964636
71940.0,-6855.94765706857
71941.0,-6855.964507172505
71942.0,-6855.98135727644
71943.0,-6855.998207380374
71944.0,-6856.015057484309
71945.0,-6856.0319075882435
71946.0,-6856.048757692178
71947.0,-6856.065607796113
71948.0,-6856.082457900047
71949.0,-6856.099308003982
71950.0,-6856.116158107917
71951.0,-6856.133008211851
71952.0,-6856.149858315785
71953.0,-6856.166708419721
71954.0,-6856.183558523655
71955.0,-6856.200408627589
71956.0,-6856.217258731524
71957.0,-6856.234108835459
71958.0,-6856.250958939393
71959.0,-6856.267809043328
71960.0,-6856.284659147263
71961.0,-6856.301509251197
71962.0,-6856.318359355132
71963.0,-6856.335209459066
71964.0,-6856.352059563001
71965.0,-6856.368909666936
71966.0,-6856.38575977087
71967.0,-6856.4026098748045
71968.0,-6856.41945997874
71969.0,-6856.436310082674
71970.0,-6856.453160186608
71971.0,-6856.4700102905435
71972.0,-6856.486860394478
71973.0,-6856.503710498412
71974.0,-6856.520560602347
71975.0,-6856.537410706282
71976.0,-6856.554260810216
71977.0,-6856.571110914151
71978.0,-6856.5879610180855
71979.0,-6856.60481112202
71980.0,-6856.621661225955
71981.0,-6856.638511329889
71982.0,-6856.655361433824
71983.0,-6856.672211537759
71984.0,-6856.689061641693
71985.0,-6856.705911745627
71986.0,-6856.722761849563
71987.0,-6856.739611953497
71988.0,-6856.756462057431
71989.0,-6856.773312161366
71990.0,-6856.790162265301
71991.0,-6856.807012369235
71992.0,-6856.82386247317
71993.0,-6856.840712577105
71994.0,-6856.857562681039
71995.0,-6856.874412784974
71996.0,-6856.891262888908
71997.0,-6856.908112992843
71998.0,-6856.924963096778
71999.0,-6856.941813200712
72000.0,-6856.9586633046465
72001.0,-6856.975513408582
72002.0,-6856.992363512516
72003.0,-6857.00921361645
72004.0,-6857.0260637203855
72005.0,-6857.04291382432
72006.0,-6857.059763928254
72007.0,-6857.076614032189
72008.0,-6857.093464136124
72009.0,-6857.110314240058
72010.0,-6857.127164343993
72011.0,-6857.1440144479275
72012.0,-6857.160864551862
72013.0,-6857.177714655797
72014.0,-6857.194564759731
72015.0,-6857.211414863666
72016.0,-6857.228264967601
72017.0,-6857.245115071535
72018.0,-6857.261965175469
72019.0,-6857.278815279405
72020.0,-6857.295665383339
72021.0,-6857.312515487273
72022.0,-6857.329365591208
72023.0,-6857.346215695143
72024.0,-6857.363065799077
72025.0,-6857.379915903012
72026.0,-6857.396766006947
72027.0,-6857.413616110881
72028.0,-6857.430466214816
72029.0,-6857.44731631875
72030.0,-6857.464166422685
72031.0,-6857.48101652662
72032.0,-6857.497866630554
72033.0,-6857.5147167344885
72034.0,-6857.531566838424
72035.0,-6857.548416942358
72036.0,-6857.565267046292
72037.0,-6857.5821171502275
72038.0,-6857.598967254162
72039.0,-6857.615817358096
72040.0,-6857.632667462031
72041.0,-6857.649517565966
72042.0,-6857.6663676699
72043.0,-6857.683217773835
72044.0,-6857.7000678777695
72045.0,-6857.716917981704
72046.0,-6857.733768085639
72047.0,-6857.750618189573
72048.0,-6857.767468293508
72049.0,-6857.784318397443
72050.0,-6857.801168501377
72051.0,-6857.818018605311
72052.0,-6857.834868709247
72053.0,-6857.851718813181
72054.0,-6857.868568917115
72055.0,-6857.88541902105
72056.0,-6857.902269124985
72057.0,-6857.919119228919
72058.0,-6857.935969332854
72059.0,-6857.952819436789
72060.0,-6857.969669540723
72061.0,-6857.986519644658
72062.0,-6858.003369748592
72063.0,-6858.020219852527
72064.0,-6858.037069956462
72065.0,-6858.053920060396
72066.0,-6858.0707701643305
72067.0,-6858.087620268266
72068.0,-6858.1044703722
72069.0,-6858.121320476134
72070.0,-6858.1381705800695
72071.0,-6858.155020684004
72072.0,-6858.171870787938
72073.0,-6858.188720891873
72074.0,-6858.205570995808
72075.0,-6858.222421099742
72076.0,-6858.239271203677
72077.0,-6858.2561213076115
72078.0,-6858.272971411546
72079.0,-6858.289821515481
72080.0,-6858.306671619415
72081.0,-6858.32352172335
72082.0,-6858.340371827285
72083.0,-6858.357221931219
72084.0,-6858.374072035153
72085.0,-6858.390922139089
72086.0,-6858.407772243023
72087.0,-6858.424622346957
72088.0,-6858.441472450892
72089.0,-6858.458322554827
72090.0,-6858.475172658761
72091.0,-6858.492022762696
72092.0,-6858.508872866631
72093.0,-6858.525722970565
72094.0,-6858.5425730745
72095.0,-6858.559423178434
72096.0,-6858.576273282369
72097.0,-6858.593123386304
72098.0,-6858.609973490238
72099.0,-6858.6268235941725
72100.0,-6858.643673698108
72101.0,-6858.660523802042
72102.0,-6858.677373905976
72103.0,-6858.6942240099115
72104.0,-6858.711074113846
72105.0,-6858.72792421778
72106.0,-6858.744774321715
72107.0,-6858.76162442565
72108.0,-6858.778474529584
72109.0,-6858.795324633519
72110.0,-6858.8121747374535
72111.0,-6858.829024841388
72112.0,-6858.845874945323
72113.0,-6858.862725049257
72114.0,-6858.879575153192
72115.0,-6858.896425257127
72116.0,-6858.913275361061
72117.0,-6858.930125464995
72118.0,-6858.946975568931
72119.0,-6858.963825672865
72120.0,-6858.980675776799
72121.0,-6858.997525880734
72122.0,-6859.014375984669
72123.0,-6859.031226088603
72124.0,-6859.048076192538
72125.0,-6859.064926296473
72126.0,-6859.081776400407
72127.0,-6859.098626504342
72128.0,-6859.115476608276
72129.0,-6859.132326712211
72130.0,-6859.149176816146
72131.0,-6859.16602692008
72132.0,-6859.1828770240145
72133.0,-6859.19972712795
72134.0,-6859.216577231884
72135.0,-6859.233427335818
72136.0,-6859.2502774397535
72137.0,-6859.267127543688
72138.0,-6859.283977647622
72139.0,-6859.300827751557
72140.0,-6859.317677855492
72141.0,-6859.334527959426
72142.0,-6859.351378063361
72143.0,-6859.3682281672955
72144.0,-6859.38507827123
72145.0,-6859.401928375165
72146.0,-6859.418778479099
72147.0,-6859.435628583034
72148.0,-6859.452478686969
72149.0,-6859.469328790903
72150.0,-6859.486178894837
72151.0,-6859.503028998773
72152.0,-6859.519879102707
72153.0,-6859.536729206641
72154.0,-6859.553579310576
72155.0,-6859.570429414511
72156.0,-6859.587279518445
72157.0,-6859.60412962238
72158.0,-6859.6209797263145
72159.0,-6859.637829830249
72160.0,-6859.654679934184
72161.0,-6859.671530038118
72162.0,-6859.688380142053
72163.0,-6859.705230245988
72164.0,-6859.722080349922
72165.0,-6859.7389304538565
72166.0,-6859.755780557792
72167.0,-6859.772630661726
72168.0,-6859.78948076566
72169.0,-6859.8063308695955
72170.0,-6859.82318097353
72171.0,-6859.840031077464
72172.0,-6859.856881181399
72173.0,-6859.873731285334
72174.0,-6859.890581389268
72175.0,-6859.907431493203
72176.0,-6859.924281597137
72177.0,-6859.941131701072
72178.0,-6859.957981805007
72179.0,-6859.974831908941
72180.0,-6859.991682012876
72181.0,-6860.008532116811
72182.0,-6860.025382220745
72183.0,-6860.042232324679
72184.0,-6860.059082428615
72185.0,-6860.075932532549
72186.0,-6860.092782636483
72187.0,-6860.109632740418
72188.0,-6860.126482844353
72189.0,-6860.143332948287
72190.0,-6860.160183052222
72191.0,-6860.1770331561565
72192.0,-6860.193883260091
72193.0,-6860.210733364026
72194.0,-6860.22758346796
72195.0,-6860.244433571895
72196.0,-6860.26128367583
72197.0,-6860.278133779764
72198.0,-6860.2949838836985
72199.0,-6860.311833987634
72200.0,-6860.328684091568
72201.0,-6860.345534195502
72202.0,-6860.3623842994375
72203.0,-6860.379234403372
72204.0,-6860.396084507306
72205.0,-6860.412934611241
72206.0,-6860.429784715176
72207.0,-6860.44663481911
72208.0,-6860.463484923045
72209.0,-6860.480335026979
72210.0,-6860.497185130914
72211.0,-6860.514035234849
72212.0,-6860.530885338783
72213.0,-6860.547735442718
72214.0,-6860.564585546653
72215.0,-6860.581435650587
72216.0,-6860.598285754521
72217.0,-6860.615135858457
72218.0,-6860.631985962391
72219.0,-6860.648836066325
72220.0,-6860.66568617026
72221.0,-6860.682536274195
72222.0,-6860.699386378129
72223.0,-6860.716236482064
72224.0,-6860.7330865859985
72225.0,-6860.749936689933
72226.0,-6860.766786793868
72227.0,-6860.783636897802
72228.0,-6860.800487001737
72229.0,-6860.817337105672
72230.0,-6860.834187209606
72231.0,-6860.8510373135405
72232.0,-6860.867887417476
72233.0,-6860.88473752141
72234.0,-6860.901587625344
72235.0,-6860.9184377292795
72236.0,-6860.935287833214
72237.0,-6860.952137937148
72238.0,-6860.968988041083
72239.0,-6860.985838145018
72240.0,-6861.002688248952
72241.0,-6861.019538352887
72242.0,-6861.036388456821
72243.0,-6861.053238560756
72244.0,-6861.070088664691
72245.0,-6861.086938768625
72246.0,-6861.10378887256
72247.0,-6861.120638976495
72248.0,-6861.137489080429
72249.0,-6861.154339184363
72250.0,-6861.171189288299
72251.0,-6861.188039392233
72252.0,-6861.204889496167
72253.0,-6861.221739600102
72254.0,-6861.238589704037
72255.0,-6861.255439807971
72256.0,-6861.272289911906
72257.0,-6861.2891400158405
72258.0,-6861.305990119775
72259.0,-6861.32284022371
72260.0,-6861.339690327644
72261.0,-6861.356540431579
72262.0,-6861.373390535514
72263.0,-6861.390240639448
72264.0,-6861.4070907433825
72265.0,-6861.423940847318
72266.0,-6861.440790951252
72267.0,-6861.457641055186
72268.0,-6861.4744911591215
72269.0,-6861.491341263056
72270.0,-6861.50819136699
72271.0,-6861.525041470925
72272.0,-6861.54189157486
72273.0,-6861.558741678794
72274.0,-6861.575591782729
72275.0,-6861.592441886663
72276.0,-6861.609291990598
72277.0,-6861.626142094533
72278.0,-6861.642992198467
72279.0,-6861.659842302402
72280.0,-6861.676692406337
72281.0,-6861.693542510271
72282.0,-6861.710392614205
72283.0,-6861.727242718141
72284.0,-6861.744092822075
72285.0,-6861.760942926009
72286.0,-6861.777793029944
72287.0,-6861.794643133879
72288.0,-6861.811493237813
72289.0,-6861.828343341748
72290.0,-6861.8451934456825
72291.0,-6861.862043549617
72292.0,-6861.878893653552
72293.0,-6861.895743757486
72294.0,-6861.912593861421
72295.0,-6861.929443965356
72296.0,-6861.94629406929
72297.0,-6861.9631441732245
72298.0,-6861.97999427716
72299.0,-6861.996844381094
72300.0,-6862.013694485028
72301.0,-6862.0305445889635
72302.0,-6862.047394692898
72303.0,-6862.064244796832
72304.0,-6862.081094900767
72305.0,-6862.097945004702
72306.0,-6862.114795108636
72307.0,-6862.131645212571
72308.0,-6862.148495316505
72309.0,-6862.16534542044
72310.0,-6862.182195524375
72311.0,-6862.199045628309
72312.0,-6862.215895732244
72313.0,-6862.232745836179
72314.0,-6862.249595940113
72315.0,-6862.266446044047
72316.0,-6862.283296147983
72317.0,-6862.300146251917
72318.0,-6862.316996355851
72319.0,-6862.333846459786
72320.0,-6862.350696563721
72321.0,-6862.367546667655
72322.0,-6862.38439677159
72323.0,-6862.4012468755245
72324.0,-6862.418096979459
72325.0,-6862.434947083394
72326.0,-6862.451797187328
72327.0,-6862.468647291263
72328.0,-6862.485497395198
72329.0,-6862.502347499132
72330.0,-6862.5191976030665
72331.0,-6862.536047707002
72332.0,-6862.552897810936
72333.0,-6862.56974791487
72334.0,-6862.5865980188055
72335.0,-6862.60344812274
72336.0,-6862.620298226674
72337.0,-6862.637148330609
72338.0,-6862.653998434544
72339.0,-6862.670848538478
72340.0,-6862.687698642413
72341.0,-6862.704548746347
72342.0,-6862.721398850282
72343.0,-6862.738248954217
72344.0,-6862.755099058151
72345.0,-6862.771949162086
72346.0,-6862.788799266021
72347.0,-6862.805649369955
72348.0,-6862.822499473889
72349.0,-6862.839349577825
72350.0,-6862.856199681759
72351.0,-6862.873049785693
72352.0,-6862.889899889628
72353.0,-6862.906749993563
72354.0,-6862.923600097497
72355.0,-6862.940450201432
72356.0,-6862.9573003053665
72357.0,-6862.974150409301
72358.0,-6862.991000513236
72359.0,-6863.00785061717
72360.0,-6863.024700721105
72361.0,-6863.04155082504
72362.0,-6863.058400928974
72363.0,-6863.075251032908
72364.0,-6863.092101136844
72365.0,-6863.108951240778
72366.0,-6863.125801344712
72367.0,-6863.1426514486475
72368.0,-6863.159501552582
72369.0,-6863.176351656516
72370.0,-6863.193201760451
72371.0,-6863.210051864386
72372.0,-6863.22690196832
72373.0,-6863.243752072255
72374.0,-6863.260602176189
72375.0,-6863.277452280124
72376.0,-6863.294302384059
72377.0,-6863.311152487993
72378.0,-6863.3280025919275
72379.0,-6863.344852695863
72380.0,-6863.361702799797
72381.0,-6863.378552903731
72382.0,-6863.395403007667
72383.0,-6863.412253111601
72384.0,-6863.429103215535
72385.0,-6863.44595331947
72386.0,-6863.462803423405
72387.0,-6863.479653527339
72388.0,-6863.496503631274
72389.0,-6863.5133537352085
72390.0,-6863.530203839143
72391.0,-6863.547053943078
72392.0,-6863.563904047012
72393.0,-6863.580754150947
72394.0,-6863.597604254882
72395.0,-6863.614454358816
72396.0,-6863.63130446275
72397.0,-6863.648154566686
72398.0,-6863.66500467062
72399.0,-6863.681854774554
72400.0,-6863.6987048784895
72401.0,-6863.715554982424
72402.0,-6863.732405086358
72403.0,-6863.749255190293
72404.0,-6863.766105294228
72405.0,-6863.782955398162
72406.0,-6863.799805502097
72407.0,-6863.816655606031
72408.0,-6863.833505709966
72409.0,-6863.850355813901
72410.0,-6863.867205917835
72411.0,-6863.8840560217695
72412.0,-6863.900906125705
72413.0,-6863.917756229639
72414.0,-6863.934606333573
72415.0,-6863.951456437509
72416.0,-6863.968306541443
72417.0,-6863.985156645377
72418.0,-6864.002006749312
72419.0,-6864.018856853247
72420.0,-6864.035706957181
72421.0,-6864.052557061116
72422.0,-6864.0694071650505
72423.0,-6864.086257268985
72424.0,-6864.10310737292
72425.0,-6864.119957476854
72426.0,-6864.136807580789
72427.0,-6864.153657684724
72428.0,-6864.170507788658
72429.0,-6864.187357892592
72430.0,-6864.204207996528
72431.0,-6864.221058100462
72432.0,-6864.237908204396
72433.0,-6864.2547583083315
72434.0,-6864.271608412266
72435.0,-6864.2884585162
72436.0,-6864.305308620135
72437.0,-6864.32215872407
72438.0,-6864.339008828004
72439.0,-6864.355858931939
72440.0,-6864.372709035873
72441.0,-6864.389559139808
72442.0,-6864.406409243743
72443.0,-6864.423259347677
72444.0,-6864.4401094516115
72445.0,-6864.456959555547
72446.0,-6864.473809659481
72447.0,-6864.490659763415
72448.0,-6864.507509867351
72449.0,-6864.524359971285
72450.0,-6864.541210075219
72451.0,-6864.558060179154
72452.0,-6864.574910283089
72453.0,-6864.591760387023
72454.0,-6864.608610490958
72455.0,-6864.6254605948925
72456.0,-6864.642310698827
72457.0,-6864.659160802762
72458.0,-6864.676010906696
72459.0,-6864.692861010631
72460.0,-6864.709711114566
72461.0,-6864.7265612185
72462.0,-6864.743411322434
72463.0,-6864.76026142637
72464.0,-6864.777111530304
72465.0,-6864.793961634238
72466.0,-6864.8108117381735
72467.0,-6864.827661842108
72468.0,-6864.844511946042
72469.0,-6864.861362049977
72470.0,-6864.878212153912
72471.0,-6864.895062257846
72472.0,-6864.911912361781
72473.0,-6864.928762465715
72474.0,-6864.94561256965
72475.0,-6864.962462673585
72476.0,-6864.979312777519
72477.0,-6864.9961628814535
72478.0,-6865.013012985389
72479.0,-6865.029863089323
72480.0,-6865.046713193257
72481.0,-6865.063563297193
72482.0,-6865.080413401127
72483.0,-6865.097263505061
72484.0,-6865.114113608996
72485.0,-6865.130963712931
72486.0,-6865.147813816865
72487.0,-6865.1646639208
72488.0,-6865.1815140247345
72489.0,-6865.198364128669
72490.0,-6865.215214232604
72491.0,-6865.232064336538
72492.0,-6865.248914440473
72493.0,-6865.265764544408
72494.0,-6865.282614648342
72495.0,-6865.299464752276
72496.0,-6865.316314856212
72497.0,-6865.333164960146
72498.0,-6865.35001506408
72499.0,-6865.3668651680155
72500.0,-6865.38371527195
72501.0,-6865.400565375884
72502.0,-6865.417415479819
72503.0,-6865.434265583754
72504.0,-6865.451115687688
72505.0,-6865.467965791623
72506.0,-6865.484815895557
72507.0,-6865.501665999492
72508.0,-6865.518516103427
72509.0,-6865.535366207361
72510.0,-6865.5522163112955
72511.0,-6865.569066415231
72512.0,-6865.585916519165
72513.0,-6865.602766623099
72514.0,-6865.619616727035
72515.0,-6865.636466830969
72516.0,-6865.653316934903
72517.0,-6865.670167038838
72518.0,-6865.687017142773
72519.0,-6865.703867246707
72520.0,-6865.720717350642
72521.0,-6865.7375674545765
72522.0,-6865.754417558511
72523.0,-6865.771267662446
72524.0,-6865.78811776638
72525.0,-6865.804967870315
72526.0,-6865.82181797425
72527.0,-6865.838668078184
72528.0,-6865.855518182118
72529.0,-6865.872368286054
72530.0,-6865.889218389988
72531.0,-6865.906068493922
72532.0,-6865.9229185978575
72533.0,-6865.939768701792
72534.0,-6865.956618805726
72535.0,-6865.973468909661
72536.0,-6865.990319013596
72537.0,-6866.00716911753
72538.0,-6866.024019221465
72539.0,-6866.040869325399
72540.0,-6866.057719429334
72541.0,-6866.074569533269
72542.0,-6866.091419637203
72543.0,-6866.1082697411375
72544.0,-6866.125119845073
72545.0,-6866.141969949007
72546.0,-6866.158820052941
72547.0,-6866.175670156877
72548.0,-6866.192520260811
72549.0,-6866.209370364745
72550.0,-6866.22622046868
72551.0,-6866.243070572615
72552.0,-6866.259920676549
72553.0,-6866.276770780484
72554.0,-6866.2936208844185
72555.0,-6866.310470988353
72556.0,-6866.327321092288
72557.0,-6866.344171196222
72558.0,-6866.361021300157
72559.0,-6866.377871404092
72560.0,-6866.394721508026
72561.0,-6866.41157161196
72562.0,-6866.428421715896
72563.0,-6866.44527181983
72564.0,-6866.462121923764
72565.0,-6866.4789720276995
72566.0,-6866.495822131634
72567.0,-6866.512672235568
72568.0,-6866.529522339503
72569.0,-6866.546372443438
72570.0,-6866.563222547372
72571.0,-6866.580072651307
72572.0,-6866.596922755241
72573.0,-6866.613772859176
72574.0,-6866.630622963111
72575.0,-6866.647473067045
72576.0,-6866.6643231709795
72577.0,-6866.681173274915
72578.0,-6866.698023378849
72579.0,-6866.714873482783
72580.0,-6866.7317235867185
72581.0,-6866.748573690653
72582.0,-6866.765423794587
72583.0,-6866.782273898522
72584.0,-6866.799124002457
72585.0,-6866.815974106391
72586.0,-6866.832824210326
72587.0,-6866.8496743142605
72588.0,-6866.866524418195
72589.0,-6866.88337452213
72590.0,-6866.900224626064
72591.0,-6866.917074729999
72592.0,-6866.933924833934
72593.0,-6866.950774937868
72594.0,-6866.967625041802
72595.0,-6866.984475145738
72596.0,-6867.001325249672
72597.0,-6867.018175353606
72598.0,-6867.035025457541
72599.0,-6867.051875561476
72600.0,-6867.06872566541
72601.0,-6867.085575769345
72602.0,-6867.10242587328
72603.0,-6867.119275977214
72604.0,-6867.136126081149
72605.0,-6867.152976185083
72606.0,-6867.169826289018
72607.0,-6867.186676392953
72608.0,-6867.203526496887
72609.0,-6867.2203766008215
72610.0,-6867.237226704757
72611.0,-6867.254076808691
72612.0,-6867.270926912625
72613.0,-6867.2877770165605
72614.0,-6867.304627120495
72615.0,-6867.321477224429
72616.0,-6867.338327328364
72617.0,-6867.355177432299
72618.0,-6867.372027536233
72619.0,-6867.388877640168
72620.0,-6867.4057277441025
72621.0,-6867.422577848037
72622.0,-6867.439427951972
72623.0,-6867.456278055906
72624.0,-6867.473128159841
72625.0,-6867.489978263776
72626.0,-6867.50682836771
72627.0,-6867.523678471644
72628.0,-6867.54052857558
72629.0,-6867.557378679514
72630.0,-6867.574228783448
72631.0,-6867.591078887383
72632.0,-6867.607928991318
72633.0,-6867.624779095252
72634.0,-6867.641629199187
72635.0,-6867.658479303122
72636.0,-6867.675329407056
72637.0,-6867.692179510991
72638.0,-6867.709029614925
72639.0,-6867.72587971886
72640.0,-6867.742729822795
72641.0,-6867.759579926729
72642.0,-6867.7764300306635
72643.0,-6867.793280134599
72644.0,-6867.810130238533
72645.0,-6867.826980342467
72646.0,-6867.8438304464025
72647.0,-6867.860680550337
72648.0,-6867.877530654271
72649.0,-6867.894380758206
72650.0,-6867.911230862141
72651.0,-6867.928080966075
72652.0,-6867.94493107001
72653.0,-6867.9617811739445
72654.0,-6867.978631277879
72655.0,-6867.995481381814
72656.0,-6868.012331485748
72657.0,-6868.029181589683
72658.0,-6868.046031693618
72659.0,-6868.062881797552
72660.0,-6868.079731901486
72661.0,-6868.096582005422
72662.0,-6868.113432109356
72663.0,-6868.13028221329
72664.0,-6868.147132317225
72665.0,-6868.16398242116
72666.0,-6868.180832525094
72667.0,-6868.197682629029
72668.0,-6868.214532732964
72669.0,-6868.231382836898
72670.0,-6868.248232940833
72671.0,-6868.265083044767
72672.0,-6868.281933148702
72673.0,-6868.298783252637
72674.0,-6868.315633356571
72675.0,-6868.3324834605055
72676.0,-6868.349333564441
72677.0,-6868.366183668375
72678.0,-6868.383033772309
72679.0,-6868.3998838762445
72680.0,-6868.416733980179
72681.0,-6868.433584084113
72682.0,-6868.450434188048
72683.0,-6868.467284291983
72684.0,-6868.484134395917
72685.0,-6868.500984499852
72686.0,-6868.5178346037865
72687.0,-6868.534684707721
72688.0,-6868.551534811656
72689.0,-6868.56838491559
72690.0,-6868.585235019525
72691.0,-6868.60208512346
72692.0,-6868.618935227394
72693.0,-6868.635785331328
72694.0,-6868.652635435264
72695.0,-6868.669485539198
72696.0,-6868.686335643132
72697.0,-6868.703185747067
72698.0,-6868.720035851002
72699.0,-6868.736885954936
72700.0,-6868.753736058871
72701.0,-6868.770586162806
72702.0,-6868.78743626674
72703.0,-6868.804286370675
72704.0,-6868.821136474609
72705.0,-6868.832593093316
72706.0,-6868.844049712022
72707.0,-6868.8555063307285
72708.0,-6868.866962949435
72709.0,-6868.878419568141
72710.0,-6868.889876186848
72711.0,-6868.901332805554
72712.0,-6868.91278942426
72713.0,-6868.924246042967
72714.0,-6868.9357026616735
72715.0,-6868.947159280379
72716.0,-6868.958615899086
72717.0,-6868.970072517793
72718.0,-6868.9815291364985
72719.0,-6868.992985755205
72720.0,-6869.004442373912
72721.0,-6869.015898992618
72722.0,-6869.027355611324
72723.0,-6869.038812230031
72724.0,-6869.050268848737
72725.0,-6869.0617254674435
72726.0,-6869.07318208615
72727.0,-6869.084638704856
72728.0,-6869.096095323563
72729.0,-6869.107551942269
72730.0,-6869.119008560975
72731.0,-6869.130465179682
72732.0,-6869.1419217983885
72733.0,-6869.153378417094
72734.0,-6869.164835035801
72735.0,-6869.176291654508
72736.0,-6869.187748273213
72737.0,-6869.19920489192
72738.0,-6869.210661510627
72739.0,-6869.222118129333
72740.0,-6869.233574748039
72741.0,-6869.245031366746
72742.0,-6869.256487985452
72743.0,-6869.267944604158
72744.0,-6869.279401222865
72745.0,-6869.290857841571
72746.0,-6869.302314460278
72747.0,-6869.313771078984
72748.0,-6869.32522769769
72749.0,-6869.336684316397
72750.0,-6869.348140935103
72751.0,-6869.359597553809
72752.0,-6869.371054172516
72753.0,-6869.382510791223
72754.0,-6869.393967409928
72755.0,-6869.405424028635
72756.0,-6869.416880647342
72757.0,-6869.4283372660475
72758.0,-6869.439793884754
72759.0,-6869.451250503461
72760.0,-6869.462707122167
72761.0,-6869.474163740873
72762.0,-6869.48562035958
72763.0,-6869.497076978286
72764.0,-6869.5085335969925
72765.0,-6869.519990215699
72766.0,-6869.531446834405
72767.0,-6869.542903453112
72768.0,-6869.554360071818
72769.0,-6869.565816690524
72770.0,-6869.577273309231
72771.0,-6869.5887299279375
72772.0,-6869.600186546643
72773.0,-6869.61164316535
72774.0,-6869.623099784057
72775.0,-6869.634556402762
72776.0,-6869.646013021469
72777.0,-6869.657469640176
72778.0,-6869.668926258882
72779.0,-6869.680382877588
72780.0,-6869.691839496295
72781.0,-6869.703296115001
72782.0,-6869.714752733707
72783.0,-6869.726209352414
72784.0,-6869.73766597112
72785.0,-6869.749122589827
72786.0,-6869.760579208533
72787.0,-6869.772035827239
72788.0,-6869.783492445946
72789.0,-6869.794949064652
72790.0,-6869.806405683358
72791.0,-6869.817862302065
72792.0,-6869.829318920772
72793.0,-6869.840775539477
72794.0,-6869.852232158184
72795.0,-6869.863688776891
72796.0,-6869.8751453955965
72797.0,-6869.886602014303
72798.0,-6869.89805863301
72799.0,-6869.909515251716
72800.0,-6869.920971870422
72801.0,-6869.932428489129
72802.0,-6869.943885107835
72803.0,-6869.9553417265415
72804.0,-6869.966798345248
72805.0,-6869.978254963954
72806.0,-6869.989711582661
72807.0,-6870.001168201367
72808.0,-6870.012624820073
72809.0,-6870.02408143878
72810.0,-6870.0355380574865
72811.0,-6870.046994676192
72812.0,-6870.058451294899
72813.0,-6870.069907913606
72814.0,-6870.081364532311
72815.0,-6870.092821151018
72816.0,-6870.104277769725
72817.0,-6870.115734388431
72818.0,-6870.127191007137
72819.0,-6870.138647625844
72820.0,-6870.15010424455
72821.0,-6870.161560863256
72822.0,-6870.173017481963
72823.0,-6870.184474100669
72824.0,-6870.195930719376
72825.0,-6870.207387338082
72826.0,-6870.218843956788
72827.0,-6870.230300575495
72828.0,-6870.241757194201
72829.0,-6870.253213812907
72830.0,-6870.264670431614
72831.0,-6870.276127050321
72832.0,-6870.287583669026
72833.0,-6870.299040287733
72834.0,-6870.31049690644
72835.0,-6870.321953525146
72836.0,-6870.333410143852
72837.0,-6870.344866762559
72838.0,-6870.356323381265
72839.0,-6870.367779999971
72840.0,-6870.379236618678
72841.0,-6870.390693237384
72842.0,-6870.402149856091
72843.0,-6870.413606474797
72844.0,-6870.425063093503
72845.0,-6870.43651971221
72846.0,-6870.447976330916
72847.0,-6870.459432949622
72848.0,-6870.470889568329
72849.0,-6870.482346187036
72850.0,-6870.493802805741
72851.0,-6870.505259424448
72852.0,-6870.516716043155
72853.0,-6870.5281726618605
72854.0,-6870.539629280567
72855.0,-6870.551085899274
72856.0,-6870.56254251798
72857.0,-6870.573999136686
72858.0,-6870.585455755393
72859.0,-6870.596912374099
72860.0,-6870.6083689928055
72861.0,-6870.619825611512
72862.0,-6870.631282230218
72863.0,-6870.642738848925
72864.0,-6870.654195467631
72865.0,-6870.665652086337
72866.0,-6870.677108705044
72867.0,-6870.6885653237505
72868.0,-6870.700021942456
72869.0,-6870.711478561163
72870.0,-6870.72293517987
72871.0,-6870.734391798575
72872.0,-6870.745848417282
72873.0,-6870.757305035989
72874.0,-6870.768761654695
72875.0,-6870.780218273401
72876.0,-6870.791674892108
72877.0,-6870.803131510814
72878.0,-6870.81458812952
72879.0,-6870.826044748227
72880.0,-6870.837501366933
72881.0,-6870.84895798564
72882.0,-6870.860414604346
72883.0,-6870.871871223052
72884.0,-6870.883327841759
72885.0,-6870.894784460465
72886.0,-6870.906241079171
72887.0,-6870.917697697878
72888.0,-6870.929154316585
72889.0,-6870.94061093529
72890.0,-6870.952067553997
72891.0,-6870.963524172704
72892.0,-6870.9749807914095
72893.0,-6870.986437410116
72894.0,-6870.997894028823
72895.0,-6871.009350647529
72896.0,-6871.020807266235
72897.0,-6871.032263884942
72898.0,-6871.043720503648
72899.0,-6871.0551771223545
72900.0,-6871.066633741061
72901.0,-6871.078090359767
72902.0,-6871.089546978474
72903.0,-6871.10100359718
72904.0,-6871.112460215886
72905.0,-6871.123916834593
72906.0,-6871.1353734532995
72907.0,-6871.146830072005
72908.0,-6871.158286690712
72909.0,-6871.169743309419
72910.0,-6871.181199928124
72911.0,-6871.192656546831
72912.0,-6871.204113165538
72913.0,-6871.215569784244
72914.0,-6871.22702640295
72915.0,-6871.238483021657
72916.0,-6871.249939640363
72917.0,-6871.261396259069
72918.0,-6871.272852877776
72919.0,-6871.284309496482
72920.0,-6871.295766115189
72921.0,-6871.307222733895
72922.0,-6871.318679352601
72923.0,-6871.330135971308
72924.0,-6871.341592590014
72925.0,-6871.35304920872
72926.0,-6871.364505827427
72927.0,-6871.375962446134
72928.0,-6871.387419064839
72929.0,-6871.398875683546
72930.0,-6871.410332302253
72931.0,-6871.4217889209585
72932.0,-6871.433245539665
72933.0,-6871.444702158372
72934.0,-6871.456158777078
72935.0,-6871.467615395784
72936.0,-6871.479072014491
72937.0,-6871.490528633197
72938.0,-6871.5019852519035
72939.0,-6871.51344187061
72940.0,-6871.524898489316
72941.0,-6871.536355108023
72942.0,-6871.547811726729
72943.0,-6871.559268345435
72944.0,-6871.570724964142
72945.0,-6871.5821815828485
72946.0,-6871.593638201554
72947.0,-6871.605094820261
72948.0,-6871.616551438968
72949.0,-6871.6280080576735
72950.0,-6871.63946467638
72951.0,-6871.650921295087
72952.0,-6871.662377913793
72953.0,-6871.673834532499
72954.0,-6871.685291151206
72955.0,-6871.696747769912
72956.0,-6871.7082043886185
72957.0,-6871.719661007325
72958.0,-6871.731117626031
72959.0,-6871.742574244738
72960.0,-6871.754030863444
72961.0,-6871.76548748215
72962.0,-6871.776944100857
72963.0,-6871.7884007195635
72964.0,-6871.799857338269
72965.0,-6871.811313956976
72966.0,-6871.822770575683
72967.0,-6871.834227194388
72968.0,-6871.845683813095
72969.0,-6871.857140431802
72970.0,-6871.868597050508
72971.0,-6871.880053669214
72972.0,-6871.891510287921
72973.0,-6871.902966906627
72974.0,-6871.914423525333
72975.0,-6871.92588014404
72976.0,-6871.937336762746
72977.0,-6871.948793381453
72978.0,-6871.960250000159
72979.0,-6871.971706618865
72980.0,-6871.983163237572
72981.0,-6871.994619856278
72982.0,-6872.006076474984
72983.0,-6872.017533093691
72984.0,-6872.028989712398
72985.0,-6872.040446331103
72986.0,-6872.05190294981
72987.0,-6872.063359568517
72988.0,-6872.0748161872225
72989.0,-6872.086272805929
72990.0,-6872.097729424636
72991.0,-6872.109186043342
72992.0,-6872.120642662048
72993.0,-6872.132099280755
72994.0,-6872.143555899461
72995.0,-6872.1550125181675
72996.0,-6872.166469136874
72997.0,-6872.17792575558
72998.0,-6872.189382374287
72999.0,-6872.200838992993
73000.0,-6872.212295611699
73001.0,-6872.223752230406
73002.0,-6872.2352088491125
73003.0,-6872.246665467818
73004.0,-6872.258122086525
73005.0,-6872.269578705232
73006.0,-6872.281035323937
73007.0,-6872.292491942644
73008.0,-6872.303948561351
73009.0,-6872.315405180057
73010.0,-6872.326861798763
73011.0,-6872.33831841747
73012.0,-6872.349775036176
73013.0,-6872.361231654882
73014.0,-6872.372688273589
73015.0,-6872.384144892295
73016.0,-6872.395601511002
73017.0,-6872.407058129708
73018.0,-6872.418514748414
73019.0,-6872.429971367121
73020.0,-6872.441427985827
73021.0,-6872.452884604533
73022.0,-6872.46434122324
73023.0,-6872.475797841947
73024.0,-6872.487254460652
73025.0,-6872.498711079359
73026.0,-6872.510167698066
73027.0,-6872.5216243167715
73028.0,-6872.533080935478
73029.0,-6872.544537554185
73030.0,-6872.555994172891
73031.0,-6872.567450791597
73032.0,-6872.578907410304
73033.0,-6872.59036402901
73034.0,-6872.6018206477165
73035.0,-6872.613277266423
73036.0,-6872.624733885129
73037.0,-6872.636190503836
73038.0,-6872.647647122542
73039.0,-6872.659103741248
73040.0,-6872.670560359955
73041.0,-6872.6820169786615
73042.0,-6872.693473597367
73043.0,-6872.704930216074
73044.0,-6872.716386834781
73045.0,-6872.7278434534865
73046.0,-6872.739300072193
73047.0,-6872.7507566909
73048.0,-6872.762213309606
73049.0,-6872.773669928312
73050.0,-6872.785126547019
73051.0,-6872.796583165725
73052.0,-6872.8080397844315
73053.0,-6872.819496403138
73054.0,-6872.830953021844
73055.0,-6872.842409640551
73056.0,-6872.853866259257
73057.0,-6872.865322877963
73058.0,-6872.87677949667
73059.0,-6872.8882361153765
73060.0,-6872.899692734082
73061.0,-6872.911149352789
73062.0,-6872.922605971496
73063.0,-6872.934062590201
73064.0,-6872.945519208908
73065.0,-6872.956975827615
73066.0,-6872.968432446321
73067.0,-6872.979889065027
73068.0,-6872.991345683734
73069.0,-6873.00280230244
73070.0,-6873.014258921146
73071.0,-6873.025715539853
73072.0,-6873.037172158559
73073.0,-6873.048628777266
73074.0,-6873.060085395972
73075.0,-6873.071542014678
73076.0,-6873.082998633385
73077.0,-6873.094455252091
73078.0,-6873.105911870797
73079.0,-6873.117368489504
73080.0,-6873.128825108211
73081.0,-6873.140281726916
73082.0,-6873.151738345623
73083.0,-6873.16319496433
73084.0,-6873.1746515830355
73085.0,-6873.186108201742
73086.0,-6873.197564820449
73087.0,-6873.209021439155
73088.0,-6873.220478057861
73089.0,-6873.231934676568
73090.0,-6873.243391295274
73091.0,-6873.2548479139805
73092.0,-6873.266304532687
73093.0,-6873.277761151393
73094.0,-6873.2892177701
73095.0,-6873.300674388806
73096.0,-6873.312131007512
73097.0,-6873.323587626219
73098.0,-6873.3350442449255
73099.0,-6873.346500863631
73100.0,-6873.357957482338
73101.0,-6873.369414101045
73102.0,-6873.38087071975
73103.0,-6873.392327338457
73104.0,-6873.403783957164
73105.0,-6873.41524057587
73106.0,-6873.426697194576
73107.0,-6873.438153813283
73108.0,-6873.449610431989
73109.0,-6873.461067050695
73110.0,-6873.472523669402
73111.0,-6873.483980288108
73112.0,-6873.495436906815
73113.0,-6873.506893525521
73114.0,-6873.518350144227
73115.0,-6873.529806762934
73116.0,-6873.54126338164
73117.0,-6873.552720000346
73118.0,-6873.564176619053
73119.0,-6873.57563323776
73120.0,-6873.587089856465
73121.0,-6873.598546475172
73122.0,-6873.610003093879
73123.0,-6873.6214597125845
73124.0,-6873.632916331291
73125.0,-6873.644372949998
73126.0,-6873.655829568704
73127.0,-6873.66728618741
73128.0,-6873.678742806117
73129.0,-6873.690199424823
73130.0,-6873.7016560435295
73131.0,-6873.713112662236
73132.0,-6873.724569280942
73133.0,-6873.736025899649
73134.0,-6873.747482518355
73135.0,-6873.758939137061
73136.0,-6873.770395755768
73137.0,-6873.7818523744745
73138.0,-6873.79330899318
73139.0,-6873.804765611887
73140.0,-6873.816222230594
73141.0,-6873.827678849299
73142.0,-6873.839135468006
73143.0,-6873.850592086713
73144.0,-6873.862048705419
73145.0,-6873.873505324125
73146.0,-6873.884961942832
73147.0,-6873.896418561538
73148.0,-6873.907875180244
73149.0,-6873.919331798951
73150.0,-6873.930788417657
73151.0,-6873.942245036364
73152.0,-6873.95370165507
73153.0,-6873.965158273776
73154.0,-6873.976614892483
73155.0,-6873.988071511189
73156.0,-6873.999528129895
73157.0,-6874.010984748602
73158.0,-6874.022441367309
73159.0,-6874.033897986014
73160.0,-6874.045354604721
73161.0,-6874.056811223428
73162.0,-6874.0682678421335
73163.0,-6874.07972446084
73164.0,-6874.091181079547
73165.0,-6874.102637698253
73166.0,-6874.114094316959
73167.0,-6874.125550935666
73168.0,-6874.137007554372
73169.0,-6874.1484641730785
73170.0,-6874.159920791785
73171.0,-6874.171377410491
73172.0,-6874.182834029198
73173.0,-6874.194290647904
73174.0,-6874.20574726661
73175.0,-6874.217203885317
73176.0,-6874.2286605040235
73177.0,-6874.240117122729
73178.0,-6874.251573741436
73179.0,-6874.263030360143
73180.0,-6874.2744869788485
73181.0,-6874.285943597555
73182.0,-6874.297400216262
73183.0,-6874.308856834968
73184.0,-6874.320313453674
73185.0,-6874.331770072381
73186.0,-6874.343226691087
73187.0,-6874.3546833097935
73188.0,-6874.3661399285
73189.0,-6874.377596547206
73190.0,-6874.389053165913
73191.0,-6874.400509784619
73192.0,-6874.411966403325
73193.0,-6874.423423022032
73194.0,-6874.4348796407385
73195.0,-6874.446336259444
73196.0,-6874.457792878151
73197.0,-6874.469249496858
73198.0,-6874.480706115563
73199.0,-6874.49216273427
73200.0,-6874.503619352977
73201.0,-6874.515075971683
73202.0,-6874.526532590389
73203.0,-6874.537989209096
73204.0,-6874.549445827802
73205.0,-6874.560902446508
73206.0,-6874.572359065215
73207.0,-6874.583815683921
73208.0,-6874.595272302628
73209.0,-6874.606728921334
73210.0,-6874.61818554004
73211.0,-6874.629642158747
73212.0,-6874.641098777453
73213.0,-6874.652555396159
73214.0,-6874.664012014866
73215.0,-6874.675468633573
73216.0,-6874.686925252278
73217.0,-6874.698381870985
73218.0,-6874.709838489692
73219.0,-6874.7212951083975
73220.0,-6874.732751727104
73221.0,-6874.744208345811
73222.0,-6874.755664964517
73223.0,-6874.767121583223
73224.0,-6874.77857820193
73225.0,-6874.790034820636
73226.0,-6874.8014914393425
73227.0,-6874.812948058049
73228.0,-6874.824404676755
73229.0,-6874.835861295462
73230.0,-6874.847317914168
73231.0,-6874.858774532874
73232.0,-6874.870231151581
73233.0,-6874.8816877702875
73234.0,-6874.893144388993
73235.0,-6874.9046010077
73236.0,-6874.916057626407
73237.0,-6874.927514245112
73238.0,-6874.938970863819
73239.0,-6874.950427482526
73240.0,-6874.961884101232
73241.0,-6874.973340719938
73242.0,-6874.984797338645
73243.0,-6874.996253957351
73244.0,-6875.007710576057
73245.0,-6875.019167194764
73246.0,-6875.03062381347
73247.0,-6875.042080432177
73248.0,-6875.053537050883
73249.0,-6875.064993669589
73250.0,-6875.076450288296
73251.0,-6875.087906907002
73252.0,-6875.099363525708
73253.0,-6875.110820144415
73254.0,-6875.122276763122
73255.0,-6875.133733381827
73256.0,-6875.145190000534
73257.0,-6875.156646619241
73258.0,-6875.1681032379465
73259.0,-6875.179559856653
73260.0,-6875.19101647536
73261.0,-6875.202473094066
73262.0,-6875.213929712772
73263.0,-6875.225386331479
73264.0,-6875.236842950185
73265.0,-6875.2482995688915
73266.0,-6875.259756187598
73267.0,-6875.271212806304
73268.0,-6875.282669425011
73269.0,-6875.294126043717
73270.0,-6875.305582662423
73271.0,-6875.31703928113
73272.0,-6875.3284958998365
73273.0,-6875.339952518542
73274.0,-6875.351409137249
73275.0,-6875.362865755956
73276.0,-6875.3743223746615
73277.0,-6875.385778993368
73278.0,-6875.397235612075
73279.0,-6875.408692230781
73280.0,-6875.420148849487
73281.0,-6875.431605468194
73282.0,-6875.4430620869
73283.0,-6875.4545187056065
73284.0,-6875.465975324313
73285.0,-6875.477431943019
73286.0,-6875.488888561726
73287.0,-6875.500345180432
73288.0,-6875.511801799138
73289.0,-6875.523258417845
73290.0,-6875.5347150365515
73291.0,-6875.546171655257
73292.0,-6875.557628273964
73293.0,-6875.569084892671
73294.0,-6875.580541511376
73295.0,-6875.591998130083
73296.0,-6875.60345474879
73297.0,-6875.614911367496
73298.0,-6875.626367986202
73299.0,-6875.637824604909
73300.0,-6875.649281223615
73301.0,-6875.660737842321
73302.0,-6875.672194461028
73303.0,-6875.683651079734
73304.0,-6875.695107698441
73305.0,-6875.706564317147
73306.0,-6875.718020935853
73307.0,-6875.72947755456
73308.0,-6875.740934173266
73309.0,-6875.752390791972
73310.0,-6875.763847410679
73311.0,-6875.775304029386
73312.0,-6875.786760648091
73313.0,-6875.798217266798
73314.0,-6875.809673885505
73315.0,-6875.8211305042105
73316.0,-6875.832587122917
73317.0,-6875.844043741624
73318.0,-6875.85550036033
73319.0,-6875.866956979036
73320.0,-6875.878413597743
73321.0,-6875.889870216449
73322.0,-6875.9013268351555
73323.0,-6875.912783453862
73324.0,-6875.924240072568
73325.0,-6875.935696691275
73326.0,-6875.947153309981
73327.0,-6875.958609928687
73328.0,-6875.970066547394
73329.0,-6875.9815231661005
73330.0,-6875.992979784806
73331.0,-6876.004436403513
73332.0,-6876.01589302222
73333.0,-6876.027349640925
73334.0,-6876.038806259632
73335.0,-6876.050262878339
73336.0,-6876.061719497045
73337.0,-6876.073176115751
73338.0,-6876.084632734458
73339.0,-6876.096089353164
73340.0,-6876.10754597187
73341.0,-6876.119002590577
73342.0,-6876.130459209283
73343.0,-6876.14191582799
73344.0,-6876.153372446696
73345.0,-6876.164829065402
73346.0,-6876.176285684109
73347.0,-6876.187742302815
73348.0,-6876.199198921521
73349.0,-6876.210655540228
73350.0,-6876.222112158935
73351.0,-6876.23356877764
73352.0,-6876.245025396347
73353.0,-6876.256482015054
73354.0,-6876.2679386337595
73355.0,-6876.279395252466
73356.0,-6876.290851871173
73357.0,-6876.302308489879
73358.0,-6876.313765108585
73359.0,-6876.325221727292
73360.0,-6876.336678345998
73361.0,-6876.3481349647045
73362.0,-6876.359591583411
73363.0,-6876.371048202117
73364.0,-6876.382504820824
73365.0,-6876.39396143953
73366.0,-6876.405418058236
73367.0,-6876.416874676943
73368.0,-6876.4283312956495
73369.0,-6876.439787914355
73370.0,-6876.451244533062
73371.0,-6876.462701151769
73372.0,-6876.474157770474
73373.0,-6876.485614389181
73374.0,-6876.497071007888
73375.0,-6876.508527626594
73376.0,-6876.5199842453
73377.0,-6876.531440864007
73378.0,-6876.542897482713
73379.0,-6876.554354101419
73380.0,-6876.565810720126
73381.0,-6876.577267338832
73382.0,-6876.588723957539
73383.0,-6876.600180576245
73384.0,-6876.611637194951
73385.0,-6876.623093813658
73386.0,-6876.634550432364
73387.0,-6876.64600705107
73388.0,-6876.657463669777
73389.0,-6876.668920288484
73390.0,-6876.680376907189
73391.0,-6876.691833525896
73392.0,-6876.703290144603
73393.0,-6876.7147467633085
73394.0,-6876.726203382015
73395.0,-6876.737660000722
73396.0,-6876.749116619428
73397.0,-6876.760573238134
73398.0,-6876.772029856841
73399.0,-6876.783486475547
73400.0,-6876.7949430942535
73401.0,-6876.80639971296
73402.0,-6876.817856331666
73403.0,-6876.829312950373
73404.0,-6876.840769569079
73405.0,-6876.852226187785
73406.0,-6876.863682806492
73407.0,-6876.8751394251985
73408.0,-6876.886596043904
73409.0,-6876.898052662611
73410.0,-6876.909509281318
73411.0,-6876.9209659000235
73412.0,-6876.93242251873
73413.0,-6876.943879137437
73414.0,-6876.955335756143
73415.0,-6876.966792374849
73416.0,-6876.978248993556
73417.0,-6876.989705612262
73418.0,-6877.0011622309685
73419.0,-6877.012618849675
73420.0,-6877.024075468381
73421.0,-6877.035532087088
73422.0,-6877.046988705794
73423.0,-6877.0584453245
73424.0,-6877.069901943207
73425.0,-6877.0813585619135
73426.0,-6877.092815180619
73427.0,-6877.104271799326
73428.0,-6877.115728418033
73429.0,-6877.127185036738
73430.0,-6877.138641655445
73431.0,-6877.150098274152
73432.0,-6877.161554892858
73433.0,-6877.173011511564
73434.0,-6877.184468130271
73435.0,-6877.195924748977
73436.0,-6877.207381367683
73437.0,-6877.21883798639
73438.0,-6877.230294605096
73439.0,-6877.241751223803
73440.0,-6877.253207842509
73441.0,-6877.264664461215
73442.0,-6877.276121079922
73443.0,-6877.287577698628
73444.0,-6877.299034317334
73445.0,-6877.310490936041
73446.0,-6877.321947554748
73447.0,-6877.333404173453
73448.0,-6877.34486079216
73449.0,-6877.356317410867
73450.0,-6877.3677740295725
73451.0,-6877.379230648279
73452.0,-6877.390687266986
73453.0,-6877.402143885692
73454.0,-6877.413600504398
73455.0,-6877.425057123105
73456.0,-6877.436513741811
73457.0,-6877.4479703605175
73458.0,-6877.459426979224
73459.0,-6877.47088359793
73460.0,-6877.482340216637
73461.0,-6877.493796835343
73462.0,-6877.505253454049
73463.0,-6877.516710072756
73464.0,-6877.5281666914625
73465.0,-6877.539623310168
73466.0,-6877.551079928875
73467.0,-6877.562536547582
73468.0,-6877.573993166287
73469.0,-6877.585449784994
73470.0,-6877.596906403701
73471.0,-6877.608363022407
73472.0,-6877.619819641113
73473.0,-6877.63127625982
73474.0,-6877.642732878526
73475.0,-6877.654189497232
73476.0,-6877.665646115939
73477.0,-6877.677102734645
73478.0,-6877.688559353352
73479.0,-6877.700015972058
73480.0,-6877.711472590764
73481.0,-6877.722929209471
73482.0,-6877.734385828177
73483.0,-6877.745842446883
73484.0,-6877.75729906559
73485.0,-6877.768755684297
73486.0,-6877.780212303002
73487.0,-6877.791668921709
73488.0,-6877.803125540416
73489.0,-6877.8145821591215
73490.0,-6877.826038777828
73491.0,-6877.837495396535
73492.0,-6877.848952015241
73493.0,-6877.860408633947
73494.0,-6877.871865252654
73495.0,-6877.88332187136
73496.0,-6877.8947784900665
73497.0,-6877.906235108773
73498.0,-6877.917691727479
73499.0,-6877.929148346186
73500.0,-6877.940604964892
73501.0,-6877.952061583598
73502.0,-6877.963518202305
73503.0,-6877.9749748210115
73504.0,-6877.986431439717
73505.0,-6877.997888058424
73506.0,-6878.009344677131
73507.0,-6878.0208012958365
73508.0,-6878.032257914543
73509.0,-6878.04371453325
73510.0,-6878.055171151956
73511.0,-6878.066627770662
73512.0,-6878.078084389369
73513.0,-6878.089541008075
73514.0,-6878.1009976267815
73515.0,-6878.112454245488
73516.0,-6878.123910864194
73517.0,-6878.135367482901
73518.0,-6878.146824101607
73519.0,-6878.158280720313
73520.0,-6878.16973733902
73521.0,-6878.1811939577265
73522.0,-6878.192650576432
73523.0,-6878.204107195139
73524.0,-6878.215563813846
73525.0,-6878.227020432551
73526.0,-6878.238477051258
73527.0,-6878.249933669965
73528.0,-6878.261390288671
73529.0,-6878.272846907377
73530.0,-6878.284303526084
73531.0,-6878.29576014479
73532.0,-6878.307216763496
73533.0,-6878.318673382203
73534.0,-6878.330130000909
73535.0,-6878.341586619616
73536.0,-6878.353043238322
73537.0,-6878.364499857028
73538.0,-6878.375956475735
73539.0,-6878.387413094441
73540.0,-6878.398869713147
73541.0,-6878.410326331854
73542.0,-6878.421782950561
73543.0,-6878.433239569266
73544.0,-6878.444696187973
73545.0,-6878.45615280668
73546.0,-6878.4676094253855
73547.0,-6878.479066044092
73548.0,-6878.490522662799
73549.0,-6878.501979281505
73550.0,-6878.513435900211
73551.0,-6878.524892518918
73552.0,-6878.536349137624
73553.0,-6878.5478057563305
73554.0,-6878.559262375037
73555.0,-6878.570718993743
73556.0,-6878.58217561245
73557.0,-6878.593632231156
73558.0,-6878.605088849862
73559.0,-6878.616545468569
73560.0,-6878.6280020872755
73561.0,-6878.639458705981
73562.0,-6878.650915324688
73563.0,-6878.662371943395
73564.0,-6878.6738285621
73565.0,-6878.685285180807
73566.0,-6878.696741799514
73567.0,-6878.70819841822
73568.0,-6878.719655036926
73569.0,-6878.731111655633
73570.0,-6878.742568274339
73571.0,-6878.754024893045
73572.0,-6878.765481511752
73573.0,-6878.776938130458
73574.0,-6878.788394749165
73575.0,-6878.799851367871
73576.0,-6878.811307986577
73577.0,-6878.822764605284
73578.0,-6878.83422122399
73579.0,-6878.845677842696
73580.0,-6878.857134461403
73581.0,-6878.86859108011
73582.0,-6878.880047698815
73583.0,-6878.891504317522
73584.0,-6878.902960936229
73585.0,-6878.9144175549345
73586.0,-6878.925874173641
73587.0,-6878.937330792348
73588.0,-6878.948787411054
73589.0,-6878.96024402976
73590.0,-6878.971700648467
73591.0,-6878.983157267173
73592.0,-6878.9946138858795
73593.0,-6879.006070504586
73594.0,-6879.017527123292
73595.0,-6879.028983741999
73596.0,-6879.040440360705
73597.0,-6879.051896979411
73598.0,-6879.063353598118
73599.0,-6879.0748102168245
73600.0,-6879.08626683553
73601.0,-6879.097723454237
73602.0,-6879.109180072944
73603.0,-6879.120636691649
73604.0,-6879.132093310356
73605.0,-6879.143549929063
73606.0,-6879.155006547769
73607.0,-6879.166463166475
73608.0,-6879.177919785182
73609.0,-6879.189376403888
73610.0,-6879.200833022594
73611.0,-6879.212289641301
73612.0,-6879.223746260007
73613.0,-6879.235202878714
73614.0,-6879.24665949742
73615.0,-6879.258116116126
73616.0,-6879.269572734833
73617.0,-6879.281029353539
73618.0,-6879.292485972245
73619.0,-6879.303942590952
73620.0,-6879.315399209659
73621.0,-6879.326855828364
73622.0,-6879.338312447071
73623.0,-6879.349769065778
73624.0,-6879.3612256844835
73625.0,-6879.37268230319
73626.0,-6879.384138921897
73627.0,-6879.395595540603
73628.0,-6879.407052159309
73629.0,-6879.418508778016
73630.0,-6879.429965396722
73631.0,-6879.4414220154285
73632.0,-6879.452878634135
73633.0,-6879.464335252841
73634.0,-6879.475791871548
73635.0,-6879.487248490254
73636.0,-6879.49870510896
73637.0,-6879.510161727667
73638.0,-6879.5216183463735
73639.0,-6879.533074965079
73640.0,-6879.544531583786
73641.0,-6879.555988202493
73642.0,-6879.5674448211985
73643.0,-6879.578901439905
73644.0,-6879.590358058612
73645.0,-6879.601814677318
73646.0,-6879.613271296024
73647.0,-6879.624727914731
73648.0,-6879.636184533437
73649.0,-6879.6476411521435
73650.0,-6879.65909777085
73651.0,-6879.670554389556
73652.0,-6879.682011008263
73653.0,-6879.693467626969
73654.0,-6879.704924245675
73655.0,-6879.716380864382
73656.0,-6879.7278374830885
73657.0,-6879.739294101794
73658.0,-6879.750750720501
73659.0,-6879.762207339208
73660.0,-6879.773663957913
73661.0,-6879.78512057662
73662.0,-6879.796577195327
73663.0,-6879.808033814033
73664.0,-6879.819490432739
73665.0,-6879.830947051446
73666.0,-6879.842403670152
73667.0,-6879.853860288858
73668.0,-6879.865316907565
73669.0,-6879.876773526271
73670.0,-6879.888230144978
73671.0,-6879.899686763684
73672.0,-6879.91114338239
73673.0,-6879.922600001097
73674.0,-6879.934056619803
73675.0,-6879.945513238509
73676.0,-6879.956969857216
73677.0,-6879.968426475923
73678.0,-6879.979883094628
73679.0,-6879.991339713335
73680.0,-6880.002796332042
73681.0,-6880.0142529507475
73682.0,-6880.025709569454
73683.0,-6880.037166188161
73684.0,-6880.048622806867
73685.0,-6880.060079425573
73686.0,-6880.07153604428
73687.0,-6880.082992662986
73688.0,-6880.0944492816925
73689.0,-6880.105905900399
73690.0,-6880.117362519105
73691.0,-6880.128819137812
73692.0,-6880.140275756518
73693.0,-6880.151732375224
73694.0,-6880.163188993931
73695.0,-6880.1746456126375
73696.0,-6880.186102231343
73697.0,-6880.19755885005
73698.0,-6880.209015468757
73699.0,-6880.220472087462
73700.0,-6880.231928706169
73701.0,-6880.243385324876
73702.0,-6880.254841943582
73703.0,-6880.266298562288
73704.0,-6880.277755180995
73705.0,-6880.289211799701
73706.0,-6880.300668418407
73707.0,-6880.312125037114
73708.0,-6880.32358165582
73709.0,-6880.335038274527
73710.0,-6880.346494893233
73711.0,-6880.357951511939
73712.0,-6880.369408130646
73713.0,-6880.380864749352
73714.0,-6880.392321368058
73715.0,-6880.403777986765
73716.0,-6880.415234605472
73717.0,-6880.426691224177
73718.0,-6880.438147842884
73719.0,-6880.449604461591
73720.0,-6880.4610610802965
73721.0,-6880.472517699003
73722.0,-6880.48397431771
73723.0,-6880.495430936416
73724.0,-6880.506887555122
73725.0,-6880.518344173829
73726.0,-6880.529800792535
73727.0,-6880.5412574112415
73728.0,-6880.552714029948
73729.0,-6880.547978108128
73730.0,-6880.543242186308
73731.0,-6880.538506264488
73732.0,-6880.533770342668
73733.0,-6880.529034420848
73734.0,-6880.524298499028
73735.0,-6880.519562577208
73736.0,-6880.514826655388
73737.0,-6880.510090733568
73738.0,-6880.505354811748
73739.0,-6880.500618889928
73740.0,-6880.495882968108
73741.0,-6880.491147046288
73742.0,-6880.486411124468
73743.0,-6880.481675202648
73744.0,-6880.4769392808275
73745.0,-6880.472203359008
73746.0,-6880.467467437188
73747.0,-6880.4627315153675
73748.0,-6880.457995593548
73749.0,-6880.453259671728
73750.0,-6880.4485237499075
73751.0,-6880.443787828088
73752.0,-6880.439051906268
73753.0,-6880.4343159844475
73754.0,-6880.429580062628
73755.0,-6880.424844140808
73756.0,-6880.4201082189875
73757.0,-6880.415372297168
73758.0,-6880.410636375348
73759.0,-6880.4059004535275
73760.0,-6880.401164531708
73761.0,-6880.396428609888
73762.0,-6880.391692688067
73763.0,-6880.386956766248
73764.0,-6880.382220844428
73765.0,-6880.377484922607
73766.0,-6880.372749000788
73767.0,-6880.368013078968
73768.0,-6880.363277157147
73769.0,-6880.358541235328
73770.0,-6880.353805313508
73771.0,-6880.349069391687
73772.0,-6880.344333469868
73773.0,-6880.339597548048
73774.0,-6880.334861626227
73775.0,-6880.330125704408
73776.0,-6880.325389782588
73777.0,-6880.320653860767
73778.0,-6880.315917938948
73779.0,-6880.311182017128
73780.0,-6880.306446095307
73781.0,-6880.301710173488
73782.0,-6880.296974251668
73783.0,-6880.292238329847
73784.0,-6880.287502408028
73785.0,-6880.282766486208
73786.0,-6880.278030564387
73787.0,-6880.273294642568
73788.0,-6880.268558720748
73789.0,-6880.263822798927
73790.0,-6880.259086877108
73791.0,-6880.254350955288
73792.0,-6880.249615033467
73793.0,-6880.244879111648
73794.0,-6880.240143189828
73795.0,-6880.235407268007
73796.0,-6880.230671346188
73797.0,-6880.225935424368
73798.0,-6880.221199502547
73799.0,-6880.216463580728
73800.0,-6880.211727658908
73801.0,-6880.206991737087
73802.0,-6880.202255815268
73803.0,-6880.197519893448
73804.0,-6880.192783971627
73805.0,-6880.188048049808
73806.0,-6880.183312127988
73807.0,-6880.178576206167
73808.0,-6880.1738402843475
73809.0,-6880.169104362528
73810.0,-6880.164368440707
73811.0,-6880.1596325188875
73812.0,-6880.154896597068
73813.0,-6880.150160675247
73814.0,-6880.1454247534275
73815.0,-6880.140688831608
73816.0,-6880.135952909787
73817.0,-6880.1312169879675
73818.0,-6880.126481066148
73819.0,-6880.121745144327
73820.0,-6880.1170092225075
73821.0,-6880.112273300688
73822.0,-6880.107537378867
73823.0,-6880.1028014570475
73824.0,-6880.098065535228
73825.0,-6880.093329613407
73826.0,-6880.088593691587
73827.0,-6880.083857769768
73828.0,-6880.079121847947
73829.0,-6880.074385926127
73830.0,-6880.069650004308
73831.0,-6880.064914082487
73832.0,-6880.060178160667
73833.0,-6880.055442238848
73834.0,-6880.050706317027
73835.0,-6880.045970395207
73836.0,-6880.041234473388
73837.0,-6880.036498551567
73838.0,-6880.031762629747
73839.0,-6880.027026707928
73840.0,-6880.022290786107
73841.0,-6880.017554864287
73842.0,-6880.012818942468
73843.0,-6880.008083020647
73844.0,-6880.003347098827
73845.0,-6879.998611177008
73846.0,-6879.993875255187
73847.0,-6879.989139333367
73848.0,-6879.984403411548
73849.0,-6879.979667489727
73850.0,-6879.974931567907
73851.0,-6879.970195646088
73852.0,-6879.965459724267
73853.0,-6879.960723802447
73854.0,-6879.955987880628
73855.0,-6879.951251958807
73856.0,-6879.946516036987
73857.0,-6879.941780115168
73858.0,-6879.937044193347
73859.0,-6879.932308271527
73860.0,-6879.927572349708
73861.0,-6879.922836427887
73862.0,-6879.918100506067
73863.0,-6879.913364584248
73864.0,-6879.908628662427
73865.0,-6879.903892740607
73866.0,-6879.899156818788
73867.0,-6879.894420896967
73868.0,-6879.889684975147
73869.0,-6879.884949053328
73870.0,-6879.880213131507
73871.0,-6879.875477209687
73872.0,-6879.8707412878675
73873.0,-6879.866005366047
73874.0,-6879.861269444227
73875.0,-6879.8565335224075
73876.0,-6879.851797600587
73877.0,-6879.847061678767
73878.0,-6879.8423257569475
73879.0,-6879.837589835127
73880.0,-6879.832853913307
73881.0,-6879.8281179914875
73882.0,-6879.823382069667
73883.0,-6879.818646147847
73884.0,-6879.8139102260275
73885.0,-6879.809174304207
73886.0,-6879.804438382387
73887.0,-6879.7997024605675
73888.0,-6879.794966538747
73889.0,-6879.790230616927
73890.0,-6879.785494695107
73891.0,-6879.780758773287
73892.0,-6879.776022851467
73893.0,-6879.771286929647
73894.0,-6879.766551007827
73895.0,-6879.761815086007
73896.0,-6879.757079164187
73897.0,-6879.752343242367
73898.0,-6879.747607320547
73899.0,-6879.742871398727
73900.0,-6879.738135476907
73901.0,-6879.733399555087
73902.0,-6879.728663633267
73903.0,-6879.723927711447
73904.0,-6879.719191789627
73905.0,-6879.714455867807
73906.0,-6879.709719945987
73907.0,-6879.704984024167
73908.0,-6879.700248102347
73909.0,-6879.695512180527
73910.0,-6879.690776258707
73911.0,-6879.686040336887
73912.0,-6879.681304415067
73913.0,-6879.676568493247
73914.0,-6879.671832571427
73915.0,-6879.667096649607
73916.0,-6879.662360727787
73917.0,-6879.657624805967
73918.0,-6879.652888884147
73919.0,-6879.648152962327
73920.0,-6879.643417040507
73921.0,-6879.638681118687
73922.0,-6879.633945196867
73923.0,-6879.629209275047
73924.0,-6879.624473353227
73925.0,-6879.619737431407
73926.0,-6879.615001509587
73927.0,-6879.610265587767
73928.0,-6879.605529665947
73929.0,-6879.600793744127
73930.0,-6879.596057822307
73931.0,-6879.591321900487
73932.0,-6879.586585978667
73933.0,-6879.581850056847
73934.0,-6879.577114135027
73935.0,-6879.572378213207
73936.0,-6879.567642291387
73937.0,-6879.562906369567
73938.0,-6879.558170447747
73939.0,-6879.553434525927
73940.0,-6879.548698604107
73941.0,-6879.543962682287
73942.0,-6879.539226760467
73943.0,-6879.534490838647
73944.0,-6879.529754916827
73945.0,-6879.525018995007
73946.0,-6879.520283073187
73947.0,-6879.515547151367
73948.0,-6879.510811229547
73949.0,-6879.506075307727
73950.0,-6879.501339385907
73951.0,-6879.496603464087
73952.0,-6879.491867542267
73953.0,-6879.487131620447
73954.0,-6879.4823956986265
73955.0,-6879.477659776807
73956.0,-6879.472923854987
73957.0,-6879.4681879331665
73958.0,-6879.463452011347
73959.0,-6879.458716089527
73960.0,-6879.4539801677065
73961.0,-6879.449244245887
73962.0,-6879.444508324067
73963.0,-6879.4397724022465
73964.0,-6879.435036480427
73965.0,-6879.430300558607
73966.0,-6879.4255646367865
73967.0,-6879.420828714967
73968.0,-6879.416092793147
73969.0,-6879.4113568713265
73970.0,-6879.406620949507
73971.0,-6879.401885027687
73972.0,-6879.397149105866
73973.0,-6879.392413184047
73974.0,-6879.387677262227
73975.0,-6879.382941340406
73976.0,-6879.378205418587
73977.0,-6879.373469496767
73978.0,-6879.368733574946
73979.0,-6879.363997653127
73980.0,-6879.359261731307
73981.0,-6879.354525809486
73982.0,-6879.349789887667
73983.0,-6879.345053965847
73984.0,-6879.340318044026
73985.0,-6879.335582122207
73986.0,-6879.330846200387
73987.0,-6879.326110278566
73988.0,-6879.321374356747
73989.0,-6879.316638434927
73990.0,-6879.311902513106
73991.0,-6879.307166591287
73992.0,-6879.302430669467
73993.0,-6879.297694747646
73994.0,-6879.292958825827
73995.0,-6879.288222904007
73996.0,-6879.283486982186
73997.0,-6879.278751060367
73998.0,-6879.274015138547
73999.0,-6879.269279216726
74000.0,-6879.264543294907
74001.0,-6879.259807373087
74002.0,-6879.255071451266
74003.0,-6879.250335529447
74004.0,-6879.245599607627
74005.0,-6879.240863685806
74006.0,-6879.236127763987
74007.0,-6879.231391842167
74008.0,-6879.226655920346
74009.0,-6879.221919998527
74010.0,-6879.217184076707
74011.0,-6879.212448154886
74012.0,-6879.207712233067
74013.0,-6879.202976311247
74014.0,-6879.198240389426
74015.0,-6879.1935044676065
74016.0,-6879.188768545787
74017.0,-6879.184032623966
74018.0,-6879.1792967021465
74019.0,-6879.174560780327
74020.0,-6879.169824858506
74021.0,-6879.1650889366865
74022.0,-6879.160353014867
74023.0,-6879.155617093046
74024.0,-6879.1508811712265
74025.0,-6879.146145249407
74026.0,-6879.141409327586
74027.0,-6879.1366734057665
74028.0,-6879.131937483947
74029.0,-6879.127201562126
74030.0,-6879.1224656403065
74031.0,-6879.117729718487
74032.0,-6879.112993796666
74033.0,-6879.1082578748465
74034.0,-6879.103521953027
74035.0,-6879.098786031206
74036.0,-6879.094050109386
74037.0,-6879.089314187567
74038.0,-6879.084578265746
74039.0,-6879.079842343926
74040.0,-6879.075106422107
74041.0,-6879.070370500286
74042.0,-6879.065634578466
74043.0,-6879.060898656647
74044.0,-6879.056162734826
74045.0,-6879.051426813006
74046.0,-6879.046690891187
74047.0,-6879.041954969366
74048.0,-6879.037219047546
74049.0,-6879.032483125727
74050.0,-6879.027747203906
74051.0,-6879.023011282086
74052.0,-6879.018275360267
74053.0,-6879.013539438446
74054.0,-6879.008803516626
74055.0,-6879.004067594807
74056.0,-6878.999331672986
74057.0,-6878.994595751166
74058.0,-6878.989859829347
74059.0,-6878.985123907526
74060.0,-6878.980387985706
74061.0,-6878.975652063887
74062.0,-6878.970916142066
74063.0,-6878.966180220246
74064.0,-6878.961444298427
74065.0,-6878.956708376606
74066.0,-6878.951972454786
74067.0,-6878.947236532967
74068.0,-6878.942500611146
74069.0,-6878.937764689326
74070.0,-6878.933028767507
74071.0,-6878.928292845686
74072.0,-6878.923556923866
74073.0,-6878.918821002047
74074.0,-6878.914085080226
74075.0,-6878.909349158406
74076.0,-6878.904613236587
74077.0,-6878.899877314766
74078.0,-6878.895141392946
74079.0,-6878.8904054711265
74080.0,-6878.885669549306
74081.0,-6878.880933627486
74082.0,-6878.8761977056665
74083.0,-6878.871461783846
74084.0,-6878.866725862026
74085.0,-6878.8619899402065
74086.0,-6878.857254018386
74087.0,-6878.852518096566
74088.0,-6878.8477821747465
74089.0,-6878.843046252926
74090.0,-6878.838310331106
74091.0,-6878.8335744092865
74092.0,-6878.828838487466
74093.0,-6878.824102565646
74094.0,-6878.8193666438265
74095.0,-6878.814630722006
74096.0,-6878.809894800186
74097.0,-6878.8051588783665
74098.0,-6878.800422956546
74099.0,-6878.795687034726
74100.0,-6878.790951112906
74101.0,-6878.786215191086
74102.0,-6878.781479269266
74103.0,-6878.776743347446
74104.0,-6878.772007425626
74105.0,-6878.767271503806
74106.0,-6878.762535581986
74107.0,-6878.757799660166
74108.0,-6878.753063738346
74109.0,-6878.748327816526
74110.0,-6878.743591894706
74111.0,-6878.738855972886
74112.0,-6878.734120051066
74113.0,-6878.729384129246
74114.0,-6878.724648207426
74115.0,-6878.719912285606
74116.0,-6878.715176363786
74117.0,-6878.710440441966
74118.0,-6878.705704520146
74119.0,-6878.700968598326
74120.0,-6878.696232676506
74121.0,-6878.691496754686
74122.0,-6878.686760832866
74123.0,-6878.682024911046
74124.0,-6878.677288989226
74125.0,-6878.672553067406
74126.0,-6878.667817145586
74127.0,-6878.663081223766
74128.0,-6878.658345301946
74129.0,-6878.653609380126
74130.0,-6878.648873458306
74131.0,-6878.644137536486
74132.0,-6878.639401614666
74133.0,-6878.634665692846
74134.0,-6878.629929771026
74135.0,-6878.625193849206
74136.0,-6878.620457927386
74137.0,-6878.615722005566
74138.0,-6878.610986083746
74139.0,-6878.606250161926
74140.0,-6878.601514240106
74141.0,-6878.596778318286
74142.0,-6878.592042396466
74143.0,-6878.587306474646
74144.0,-6878.582570552826
74145.0,-6878.577834631006
74146.0,-6878.573098709186
74147.0,-6878.568362787366
74148.0,-6878.563626865546
74149.0,-6878.558890943726
74150.0,-6878.554155021906
74151.0,-6878.549419100086
74152.0,-6878.544683178266
74153.0,-6878.539947256446
74154.0,-6878.535211334626
74155.0,-6878.530475412806
74156.0,-6878.525739490986
74157.0,-6878.521003569166
74158.0,-6878.516267647346
74159.0,-6878.511531725526
74160.0,-6878.506795803706
74161.0,-6878.5020598818855
74162.0,-6878.497323960066
74163.0,-6878.492588038246
74164.0,-6878.4878521164255
74165.0,-6878.483116194606
74166.0,-6878.478380272786
74167.0,-6878.4736443509655
74168.0,-6878.468908429146
74169.0,-6878.464172507326
74170.0,-6878.4594365855055
74171.0,-6878.454700663686
74172.0,-6878.449964741866
74173.0,-6878.4452288200455
74174.0,-6878.440492898226
74175.0,-6878.435756976406
74176.0,-6878.4310210545855
74177.0,-6878.426285132766
74178.0,-6878.421549210946
74179.0,-6878.4168132891255
74180.0,-6878.412077367306
74181.0,-6878.407341445486
74182.0,-6878.402605523665
74183.0,-6878.397869601846
74184.0,-6878.393133680026
74185.0,-6878.388397758205
74186.0,-6878.383661836386
74187.0,-6878.378925914566
74188.0,-6878.374189992745
74189.0,-6878.369454070926
74190.0,-6878.364718149106
74191.0,-6878.359982227285
74192.0,-6878.355246305466
74193.0,-6878.350510383646
74194.0,-6878.345774461825
74195.0,-6878.341038540006
74196.0,-6878.336302618186
74197.0,-6878.331566696365
74198.0,-6878.326830774546
74199.0,-6878.322094852726
74200.0,-6878.317358930905
74201.0,-6878.312623009086
74202.0,-6878.307887087266
74203.0,-6878.303151165445
74204.0,-6878.298415243626
74205.0,-6878.293679321806
74206.0,-6878.288943399985
74207.0,-6878.284207478166
74208.0,-6878.279471556346
74209.0,-6878.274735634525
74210.0,-6878.269999712706
74211.0,-6878.265263790886
74212.0,-6878.260527869065
74213.0,-6878.255791947246
74214.0,-6878.251056025426
74215.0,-6878.246320103605
74216.0,-6878.241584181786
74217.0,-6878.236848259966
74218.0,-6878.232112338145
74219.0,-6878.227376416326
74220.0,-6878.222640494506
74221.0,-6878.217904572685
74222.0,-6878.213168650866
74223.0,-6878.208432729046
74224.0,-6878.203696807225
74225.0,-6878.1989608854055
74226.0,-6878.194224963586
74227.0,-6878.189489041765
74228.0,-6878.1847531199455
74229.0,-6878.180017198126
74230.0,-6878.175281276305
74231.0,-6878.1705453544855
74232.0,-6878.165809432666
74233.0,-6878.161073510845
74234.0,-6878.1563375890255
74235.0,-6878.151601667206
74236.0,-6878.146865745385
74237.0,-6878.1421298235655
74238.0,-6878.137393901746
74239.0,-6878.132657979925
74240.0,-6878.1279220581055
74241.0,-6878.123186136286
74242.0,-6878.118450214465
74243.0,-6878.113714292645
74244.0,-6878.108978370826
74245.0,-6878.104242449005
74246.0,-6878.099506527185
74247.0,-6878.094770605366
74248.0,-6878.090034683545
74249.0,-6878.085298761725
74250.0,-6878.080562839906
74251.0,-6878.075826918085
74252.0,-6878.071090996265
74253.0,-6878.066355074446
74254.0,-6878.061619152625
74255.0,-6878.056883230805
74256.0,-6878.052147308986
74257.0,-6878.047411387165
74258.0,-6878.042675465345
74259.0,-6878.037939543526
74260.0,-6878.033203621705
74261.0,-6878.028467699885
74262.0,-6878.023731778066
74263.0,-6878.018995856245
74264.0,-6878.014259934425
74265.0,-6878.009524012606
74266.0,-6878.004788090785
74267.0,-6878.000052168965
74268.0,-6877.995316247146
74269.0,-6877.990580325325
74270.0,-6877.985844403505
74271.0,-6877.981108481686
74272.0,-6877.976372559865
74273.0,-6877.971636638045
74274.0,-6877.966900716226
74275.0,-6877.962164794405
74276.0,-6877.957428872585
74277.0,-6877.952692950766
74278.0,-6877.947957028945
74279.0,-6877.943221107125
74280.0,-6877.938485185306
74281.0,-6877.933749263485
74282.0,-6877.929013341665
74283.0,-6877.924277419846
74284.0,-6877.919541498025
74285.0,-6877.914805576205
74286.0,-6877.910069654386
74287.0,-6877.905333732565
74288.0,-6877.900597810745
74289.0,-6877.8958618889255
74290.0,-6877.891125967105
74291.0,-6877.886390045285
74292.0,-6877.8816541234655
74293.0,-6877.876918201645
74294.0,-6877.872182279825
74295.0,-6877.8674463580055
74296.0,-6877.862710436185
74297.0,-6877.857974514365
74298.0,-6877.8532385925455
74299.0,-6877.848502670725
74300.0,-6877.843766748905
74301.0,-6877.8390308270855
74302.0,-6877.834294905265
74303.0,-6877.829558983445
74304.0,-6877.8248230616255
74305.0,-6877.820087139805
74306.0,-6877.815351217985
74307.0,-6877.810615296165
74308.0,-6877.805879374345
74309.0,-6877.801143452525
74310.0,-6877.796407530705
74311.0,-6877.791671608885
74312.0,-6877.786935687065
74313.0,-6877.782199765245
74314.0,-6877.777463843425
74315.0,-6877.772727921605
74316.0,-6877.767991999785
74317.0,-6877.763256077965
74318.0,-6877.758520156145
74319.0,-6877.753784234325
74320.0,-6877.749048312505
74321.0,-6877.744312390685
74322.0,-6877.739576468865
74323.0,-6877.734840547045
74324.0,-6877.730104625225
74325.0,-6877.725368703405
74326.0,-6877.720632781585
74327.0,-6877.715896859765
74328.0,-6877.711160937945
74329.0,-6877.706425016125
74330.0,-6877.701689094305
74331.0,-6877.696953172485
74332.0,-6877.692217250665
74333.0,-6877.687481328845
74334.0,-6877.682745407025
74335.0,-6877.678009485205
74336.0,-6877.673273563385
74337.0,-6877.668537641565
74338.0,-6877.663801719745
74339.0,-6877.659065797925
74340.0,-6877.654329876105
74341.0,-6877.649593954285
74342.0,-6877.644858032465
74343.0,-6877.640122110645
74344.0,-6877.635386188825
74345.0,-6877.630650267005
74346.0,-6877.625914345185
74347.0,-6877.621178423365
74348.0,-6877.616442501545
74349.0,-6877.611706579725
74350.0,-6877.606970657905
74351.0,-6877.602234736085
74352.0,-6877.597498814265
74353.0,-6877.592762892445
74354.0,-6877.588026970625
74355.0,-6877.583291048805
74356.0,-6877.578555126985
74357.0,-6877.573819205165
74358.0,-6877.569083283345
74359.0,-6877.564347361525
74360.0,-6877.559611439705
74361.0,-6877.554875517885
74362.0,-6877.550139596065
74363.0,-6877.545403674245
74364.0,-6877.540667752425
74365.0,-6877.535931830605
74366.0,-6877.531195908785
74367.0,-6877.526459986965
74368.0,-6877.521724065145
74369.0,-6877.516988143325
74370.0,-6877.512252221505
74371.0,-6877.5075162996845
74372.0,-6877.502780377865
74373.0,-6877.498044456045
74374.0,-6877.4933085342245
74375.0,-6877.488572612405
74376.0,-6877.483836690585
74377.0,-6877.4791007687645
74378.0,-6877.474364846945
74379.0,-6877.469628925125
74380.0,-6877.4648930033045
74381.0,-6877.460157081485
74382.0,-6877.455421159665
74383.0,-6877.4506852378445
74384.0,-6877.445949316025
74385.0,-6877.441213394205
74386.0,-6877.4364774723845
74387.0,-6877.431741550565
74388.0,-6877.427005628745
74389.0,-6877.422269706924
74390.0,-6877.417533785105
74391.0,-6877.412797863285
74392.0,-6877.408061941464
74393.0,-6877.403326019645
74394.0,-6877.398590097825
74395.0,-6877.393854176004
74396.0,-6877.389118254185
74397.0,-6877.384382332365
74398.0,-6877.379646410544
74399.0,-6877.374910488725
74400.0,-6877.370174566905
74401.0,-6877.365438645084
74402.0,-6877.360702723265
74403.0,-6877.355966801445
74404.0,-6877.351230879624
74405.0,-6877.346494957805
74406.0,-6877.341759035985
74407.0,-6877.337023114164
74408.0,-6877.332287192345
74409.0,-6877.327551270525
74410.0,-6877.322815348704
74411.0,-6877.318079426885
74412.0,-6877.313343505065
74413.0,-6877.308607583244
74414.0,-6877.303871661425
74415.0,-6877.299135739605
74416.0,-6877.294399817784
74417.0,-6877.289663895965
74418.0,-6877.284927974145
74419.0,-6877.280192052324
74420.0,-6877.275456130505
74421.0,-6877.270720208685
74422.0,-6877.265984286864
74423.0,-6877.261248365045
74424.0,-6877.256512443225
74425.0,-6877.251776521404
74426.0,-6877.247040599585
74427.0,-6877.242304677765
74428.0,-6877.237568755944
74429.0,-6877.232832834125
74430.0,-6877.228096912305
74431.0,-6877.223360990484
74432.0,-6877.218625068665
74433.0,-6877.213889146845
74434.0,-6877.209153225024
74435.0,-6877.2044173032045
74436.0,-6877.199681381385
74437.0,-6877.194945459564
74438.0,-6877.1902095377445
74439.0,-6877.185473615925
74440.0,-6877.180737694104
74441.0,-6877.1760017722845
74442.0,-6877.171265850465
74443.0,-6877.166529928644
74444.0,-6877.1617940068245
74445.0,-6877.157058085005
74446.0,-6877.152322163184
74447.0,-6877.1475862413645
74448.0,-6877.142850319545
74449.0,-6877.138114397724
74450.0,-6877.1333784759045
74451.0,-6877.128642554085
74452.0,-6877.123906632264
74453.0,-6877.119170710444
74454.0,-6877.114434788625
74455.0,-6877.109698866804
74456.0,-6877.104962944984
74457.0,-6877.100227023165
74458.0,-6877.095491101344
74459.0,-6877.090755179524
74460.0,-6877.086019257705
74461.0,-6877.081283335884
74462.0,-6877.076547414064
74463.0,-6877.071811492245
74464.0,-6877.067075570424
74465.0,-6877.062339648604
74466.0,-6877.057603726785
74467.0,-6877.052867804964
74468.0,-6877.048131883144
74469.0,-6877.043395961325
74470.0,-6877.038660039504
74471.0,-6877.033924117684
74472.0,-6877.029188195865
74473.0,-6877.024452274044
74474.0,-6877.019716352224
74475.0,-6877.014980430405
74476.0,-6877.010244508584
74477.0,-6877.005508586764
74478.0,-6877.000772664945
74479.0,-6876.996036743124
74480.0,-6876.991300821304
74481.0,-6876.986564899485
74482.0,-6876.981828977664
74483.0,-6876.977093055844
74484.0,-6876.972357134025
74485.0,-6876.967621212204
74486.0,-6876.962885290384
74487.0,-6876.958149368565
74488.0,-6876.953413446744
74489.0,-6876.948677524924
74490.0,-6876.943941603105
74491.0,-6876.939205681284
74492.0,-6876.934469759464
74493.0,-6876.929733837645
74494.0,-6876.924997915824
74495.0,-6876.920261994004
74496.0,-6876.915526072185
74497.0,-6876.910790150364
74498.0,-6876.906054228544
74499.0,-6876.9013183067245
74500.0,-6876.896582384904
74501.0,-6876.891846463084
74502.0,-6876.8871105412645
74503.0,-6876.882374619444
74504.0,-6876.877638697624
74505.0,-6876.8729027758045
74506.0,-6876.868166853984
74507.0,-6876.863430932164
74508.0,-6876.8586950103445
74509.0,-6876.853959088524
74510.0,-6876.849223166704
74511.0,-6876.8444872448845
74512.0,-6876.839751323064
74513.0,-6876.835015401244
74514.0,-6876.8302794794245
74515.0,-6876.825543557604
74516.0,-6876.820807635784
74517.0,-6876.816071713964
74518.0,-6876.811335792144
74519.0,-6876.806599870324
74520.0,-6876.801863948504
74521.0,-6876.797128026684
74522.0,-6876.792392104864
74523.0,-6876.787656183044
74524.0,-6876.782920261224
74525.0,-6876.778184339404
74526.0,-6876.773448417584
74527.0,-6876.768712495764
74528.0,-6876.763976573944
74529.0,-6876.759240652124
74530.0,-6876.754504730304
74531.0,-6876.749768808484
74532.0,-6876.745032886664
74533.0,-6876.740296964844
74534.0,-6876.735561043024
74535.0,-6876.730825121204
74536.0,-6876.726089199384
74537.0,-6876.721353277564
74538.0,-6876.716617355744
74539.0,-6876.711881433924
74540.0,-6876.707145512104
74541.0,-6876.702409590284
74542.0,-6876.697673668464
74543.0,-6876.692937746644
74544.0,-6876.688201824824
74545.0,-6876.683465903004
74546.0,-6876.678729981184
74547.0,-6876.673994059364
74548.0,-6876.669258137544
74549.0,-6876.664522215724
74550.0,-6876.659786293904
74551.0,-6876.655050372084
74552.0,-6876.650314450264
74553.0,-6876.645578528444
74554.0,-6876.640842606624
74555.0,-6876.636106684804
74556.0,-6876.631370762984
74557.0,-6876.626634841164
74558.0,-6876.621898919344
74559.0,-6876.617162997524
74560.0,-6876.612427075704
74561.0,-6876.607691153884
74562.0,-6876.602955232064
74563.0,-6876.598219310244
74564.0,-6876.593483388424
74565.0,-6876.588747466604
74566.0,-6876.584011544784
74567.0,-6876.579275622964
74568.0,-6876.574539701144
74569.0,-6876.569803779324
74570.0,-6876.565067857504
74571.0,-6876.560331935684
74572.0,-6876.555596013864
74573.0,-6876.550860092044
74574.0,-6876.546124170224
74575.0,-6876.541388248404
74576.0,-6876.536652326584
74577.0,-6876.531916404764
74578.0,-6876.527180482944
74579.0,-6876.522444561124
74580.0,-6876.517708639304
74581.0,-6876.5129727174835
74582.0,-6876.508236795664
74583.0,-6876.503500873844
74584.0,-6876.4987649520235
74585.0,-6876.494029030204
74586.0,-6876.489293108384
74587.0,-6876.4845571865635
74588.0,-6876.479821264744
74589.0,-6876.475085342924
74590.0,-6876.4703494211035
74591.0,-6876.465613499284
74592.0,-6876.460877577464
74593.0,-6876.4561416556435
74594.0,-6876.451405733824
74595.0,-6876.446669812004
74596.0,-6876.4419338901835
74597.0,-6876.437197968364
74598.0,-6876.432462046544
74599.0,-6876.427726124723
74600.0,-6876.422990202904
74601.0,-6876.418254281084
74602.0,-6876.413518359263
74603.0,-6876.408782437444
74604.0,-6876.404046515624
74605.0,-6876.399310593803
74606.0,-6876.394574671984
74607.0,-6876.389838750164
74608.0,-6876.385102828343
74609.0,-6876.380366906524
74610.0,-6876.375630984704
74611.0,-6876.370895062883
74612.0,-6876.366159141064
74613.0,-6876.361423219244
74614.0,-6876.356687297423
74615.0,-6876.351951375604
74616.0,-6876.347215453784
74617.0,-6876.342479531963
74618.0,-6876.337743610144
74619.0,-6876.333007688324
74620.0,-6876.328271766503
74621.0,-6876.323535844684
74622.0,-6876.318799922864
74623.0,-6876.314064001043
74624.0,-6876.309328079224
74625.0,-6876.304592157404
74626.0,-6876.299856235583
74627.0,-6876.295120313764
74628.0,-6876.290384391944
74629.0,-6876.285648470123
74630.0,-6876.280912548304
74631.0,-6876.276176626484
74632.0,-6876.271440704663
74633.0,-6876.266704782844
74634.0,-6876.261968861024
74635.0,-6876.257232939203
74636.0,-6876.252497017384
74637.0,-6876.247761095564
74638.0,-6876.243025173743
74639.0,-6876.238289251924
74640.0,-6876.233553330104
74641.0,-6876.228817408283
74642.0,-6876.224081486464
74643.0,-6876.219345564644
74644.0,-6876.214609642823
74645.0,-6876.2098737210035
74646.0,-6876.205137799184
74647.0,-6876.200401877363
74648.0,-6876.1956659555435
74649.0,-6876.190930033724
74650.0,-6876.186194111903
74651.0,-6876.1814581900835
74652.0,-6876.176722268264
74653.0,-6876.171986346443
74654.0,-6876.1672504246235
74655.0,-6876.162514502804
74656.0,-6876.157778580983
74657.0,-6876.1530426591635
74658.0,-6876.148306737344
74659.0,-6876.143570815523
74660.0,-6876.1388348937035
74661.0,-6876.134098971884
74662.0,-6876.129363050063
74663.0,-6876.124627128243
74664.0,-6876.119891206424
74665.0,-6876.115155284603
74666.0,-6876.110419362783
74667.0,-6876.105683440964
74668.0,-6876.100947519143
74669.0,-6876.096211597323
74670.0,-6876.091475675504
74671.0,-6876.086739753683
74672.0,-6876.082003831863
74673.0,-6876.077267910044
74674.0,-6876.072531988223
74675.0,-6876.067796066403
74676.0,-6876.063060144584
74677.0,-6876.058324222763
74678.0,-6876.053588300943
74679.0,-6876.048852379124
74680.0,-6876.044116457303
74681.0,-6876.039380535483
74682.0,-6876.034644613664
74683.0,-6876.029908691843
74684.0,-6876.025172770023
74685.0,-6876.020436848204
74686.0,-6876.015700926383
74687.0,-6876.010965004563
74688.0,-6876.006229082744
74689.0,-6876.001493160923
74690.0,-6875.996757239103
74691.0,-6875.992021317284
74692.0,-6875.987285395463
74693.0,-6875.982549473643
74694.0,-6875.977813551824
74695.0,-6875.973077630003
74696.0,-6875.968341708183
74697.0,-6875.963605786364
74698.0,-6875.958869864543
74699.0,-6875.954133942723
74700.0,-6875.949398020904
74701.0,-6875.944662099083
74702.0,-6875.939926177263
74703.0,-6875.935190255444
74704.0,-6875.930454333623
74705.0,-6875.925718411803
74706.0,-6875.9209824899835
74707.0,-6875.916246568163
74708.0,-6875.911510646343
74709.0,-6875.9067747245235
74710.0,-6875.902038802703
74711.0,-6875.897302880883
74712.0,-6875.8925669590635
74713.0,-6875.887831037243
74714.0,-6875.883095115423
74715.0,-6875.8783591936035
74716.0,-6875.873623271783
74717.0,-6875.868887349963
74718.0,-6875.8641514281435
74719.0,-6875.859415506323
74720.0,-6875.854679584503
74721.0,-6875.8499436626835
74722.0,-6875.845207740863
74723.0,-6875.840471819043
74724.0,-6875.8357358972235
74725.0,-6875.830999975403
74726.0,-6875.826264053583
74727.0,-6875.821528131763
74728.0,-6875.816792209943
74729.0,-6875.812056288123
74730.0,-6875.807320366303
74731.0,-6875.802584444483
74732.0,-6875.797848522663
74733.0,-6875.793112600843
74734.0,-6875.788376679023
74735.0,-6875.783640757203
74736.0,-6875.778904835383
74737.0,-6875.774168913563
74738.0,-6875.769432991743
74739.0,-6875.764697069923
74740.0,-6875.759961148103
74741.0,-6875.755225226283
74742.0,-6875.750489304463
74743.0,-6875.745753382643
74744.0,-6875.741017460823
74745.0,-6875.736281539003
74746.0,-6875.731545617183
74747.0,-6875.726809695363
74748.0,-6875.722073773543
74749.0,-6875.717337851723
74750.0,-6875.712601929903
74751.0,-6875.707866008083
74752.0,-6875.703130086263
74753.0,-6875.691979601979
74754.0,-6875.680829117696
74755.0,-6875.669678633411
74756.0,-6875.658528149128
74757.0,-6875.6473776648445
74758.0,-6875.63622718056
74759.0,-6875.625076696277
74760.0,-6875.613926211993
74761.0,-6875.602775727709
74762.0,-6875.591625243425
74763.0,-6875.580474759142
74764.0,-6875.5693242748575
74765.0,-6875.558173790574
74766.0,-6875.547023306291
74767.0,-6875.535872822006
74768.0,-6875.524722337723
74769.0,-6875.513571853439
74770.0,-6875.502421369155
74771.0,-6875.4912708848715
74772.0,-6875.480120400588
74773.0,-6875.468969916304
74774.0,-6875.45781943202
74775.0,-6875.446668947737
74776.0,-6875.435518463452
74777.0,-6875.424367979169
74778.0,-6875.413217494885
74779.0,-6875.402067010601
74780.0,-6875.390916526318
74781.0,-6875.379766042034
74782.0,-6875.36861555775
74783.0,-6875.357465073466
74784.0,-6875.346314589183
74785.0,-6875.3351641048985
74786.0,-6875.324013620615
74787.0,-6875.3128631363315
74788.0,-6875.301712652047
74789.0,-6875.290562167764
74790.0,-6875.27941168348
74791.0,-6875.268261199196
74792.0,-6875.257110714912
74793.0,-6875.245960230629
74794.0,-6875.234809746345
74795.0,-6875.223659262061
74796.0,-6875.212508777778
74797.0,-6875.201358293493
74798.0,-6875.19020780921
74799.0,-6875.179057324926
74800.0,-6875.167906840642
74801.0,-6875.1567563563585
74802.0,-6875.145605872075
74803.0,-6875.134455387791
74804.0,-6875.123304903507
74805.0,-6875.112154419224
74806.0,-6875.101003934939
74807.0,-6875.089853450656
74808.0,-6875.0787029663725
74809.0,-6875.067552482088
74810.0,-6875.056401997805
74811.0,-6875.045251513521
74812.0,-6875.034101029237
74813.0,-6875.022950544953
74814.0,-6875.01180006067
74815.0,-6875.0006495763855
74816.0,-6874.989499092102
74817.0,-6874.978348607819
74818.0,-6874.967198123534
74819.0,-6874.956047639251
74820.0,-6874.944897154967
74821.0,-6874.933746670683
74822.0,-6874.9225961863995
74823.0,-6874.911445702116
74824.0,-6874.900295217832
74825.0,-6874.889144733548
74826.0,-6874.877994249265
74827.0,-6874.86684376498
74828.0,-6874.855693280697
74829.0,-6874.844542796413
74830.0,-6874.833392312129
74831.0,-6874.822241827846
74832.0,-6874.811091343562
74833.0,-6874.799940859278
74834.0,-6874.788790374994
74835.0,-6874.777639890711
74836.0,-6874.766489406426
74837.0,-6874.755338922143
74838.0,-6874.7441884378595
74839.0,-6874.733037953575
74840.0,-6874.721887469292
74841.0,-6874.710736985008
74842.0,-6874.699586500724
74843.0,-6874.68843601644
74844.0,-6874.677285532157
74845.0,-6874.666135047873
74846.0,-6874.654984563589
74847.0,-6874.643834079306
74848.0,-6874.632683595021
74849.0,-6874.621533110738
74850.0,-6874.610382626454
74851.0,-6874.59923214217
74852.0,-6874.5880816578865
74853.0,-6874.576931173603
74854.0,-6874.565780689319
74855.0,-6874.554630205035
74856.0,-6874.543479720752
74857.0,-6874.532329236467
74858.0,-6874.521178752184
74859.0,-6874.5100282679
74860.0,-6874.498877783616
74861.0,-6874.487727299333
74862.0,-6874.476576815049
74863.0,-6874.465426330765
74864.0,-6874.454275846481
74865.0,-6874.443125362198
74866.0,-6874.4319748779135
74867.0,-6874.42082439363
74868.0,-6874.409673909347
74869.0,-6874.398523425062
74870.0,-6874.387372940779
74871.0,-6874.376222456495
74872.0,-6874.365071972211
74873.0,-6874.353921487927
74874.0,-6874.342771003644
74875.0,-6874.33162051936
74876.0,-6874.320470035076
74877.0,-6874.309319550793
74878.0,-6874.298169066508
74879.0,-6874.287018582225
74880.0,-6874.275868097941
74881.0,-6874.264717613657
74882.0,-6874.253567129374
74883.0,-6874.24241664509
74884.0,-6874.231266160806
74885.0,-6874.220115676522
74886.0,-6874.208965192239
74887.0,-6874.197814707954
74888.0,-6874.186664223671
74889.0,-6874.1755137393875
74890.0,-6874.164363255103
74891.0,-6874.15321277082
74892.0,-6874.142062286536
74893.0,-6874.130911802252
74894.0,-6874.119761317968
74895.0,-6874.108610833685
74896.0,-6874.0974603494005
74897.0,-6874.086309865117
74898.0,-6874.075159380834
74899.0,-6874.064008896549
74900.0,-6874.052858412266
74901.0,-6874.041707927982
74902.0,-6874.030557443698
74903.0,-6874.0194069594145
74904.0,-6874.008256475131
74905.0,-6873.997105990847
74906.0,-6873.985955506563
74907.0,-6873.97480502228
74908.0,-6873.963654537995
74909.0,-6873.952504053712
74910.0,-6873.941353569428
74911.0,-6873.930203085144
74912.0,-6873.919052600861
74913.0,-6873.907902116577
74914.0,-6873.896751632293
74915.0,-6873.885601148009
74916.0,-6873.874450663726
74917.0,-6873.8633001794415
74918.0,-6873.852149695158
74919.0,-6873.8409992108745
74920.0,-6873.82984872659
74921.0,-6873.818698242307
74922.0,-6873.807547758023
74923.0,-6873.796397273739
74924.0,-6873.785246789455
74925.0,-6873.774096305172
74926.0,-6873.762945820888
74927.0,-6873.751795336604
74928.0,-6873.740644852321
74929.0,-6873.729494368036
74930.0,-6873.718343883753
74931.0,-6873.707193399469
74932.0,-6873.696042915185
74933.0,-6873.6848924309015
74934.0,-6873.673741946618
74935.0,-6873.662591462334
74936.0,-6873.65144097805
74937.0,-6873.640290493767
74938.0,-6873.629140009482
74939.0,-6873.617989525199
74940.0,-6873.6068390409155
74941.0,-6873.595688556631
74942.0,-6873.584538072348
74943.0,-6873.573387588064
74944.0,-6873.56223710378
74945.0,-6873.551086619496
74946.0,-6873.539936135213
74947.0,-6873.5287856509285
74948.0,-6873.517635166645
74949.0,-6873.506484682362
74950.0,-6873.495334198077
74951.0,-6873.484183713794
74952.0,-6873.47303322951
74953.0,-6873.461882745226
74954.0,-6873.4507322609425
74955.0,-6873.439581776659
74956.0,-6873.428431292375
74957.0,-6873.417280808091
74958.0,-6873.406130323808
74959.0,-6873.394979839523
74960.0,-6873.38382935524
74961.0,-6873.372678870956
74962.0,-6873.361528386672
74963.0,-6873.350377902389
74964.0,-6873.339227418105
74965.0,-6873.328076933821
74966.0,-6873.316926449537
74967.0,-6873.305775965254
74968.0,-6873.294625480969
74969.0,-6873.283474996686
74970.0,-6873.2723245124025
74971.0,-6873.261174028118
74972.0,-6873.250023543835
74973.0,-6873.238873059551
74974.0,-6873.227722575267
74975.0,-6873.216572090983
74976.0,-6873.2054216067
74977.0,-6873.194271122416
74978.0,-6873.183120638132
74979.0,-6873.171970153849
74980.0,-6873.160819669564
74981.0,-6873.149669185281
74982.0,-6873.138518700997
74983.0,-6873.127368216713
74984.0,-6873.1162177324295
74985.0,-6873.105067248146
74986.0,-6873.093916763862
74987.0,-6873.082766279578
74988.0,-6873.071615795295
74989.0,-6873.06046531101
74990.0,-6873.049314826727
74991.0,-6873.038164342443
74992.0,-6873.027013858159
74993.0,-6873.015863373876
74994.0,-6873.004712889592
74995.0,-6872.993562405308
74996.0,-6872.982411921024
74997.0,-6872.971261436741
74998.0,-6872.9601109524565
74999.0,-6872.948960468173
75000.0,-6872.93780998389
75001.0,-6872.926659499605
75002.0,-6872.915509015322
75003.0,-6872.904358531038
75004.0,-6872.893208046754
75005.0,-6872.88205756247
75006.0,-6872.870907078187
75007.0,-6872.859756593903
75008.0,-6872.848606109619
75009.0,-6872.837455625336
75010.0,-6872.826305141051
75011.0,-6872.815154656768
75012.0,-6872.804004172484
75013.0,-6872.7928536882
75014.0,-6872.781703203917
75015.0,-6872.770552719633
75016.0,-6872.759402235349
75017.0,-6872.748251751065
75018.0,-6872.737101266782
75019.0,-6872.725950782497
75020.0,-6872.714800298214
75021.0,-6872.7036498139305
75022.0,-6872.692499329646
75023.0,-6872.681348845363
75024.0,-6872.670198361079
75025.0,-6872.659047876795
75026.0,-6872.647897392511
75027.0,-6872.636746908228
75028.0,-6872.6255964239435
75029.0,-6872.61444593966
75030.0,-6872.603295455377
75031.0,-6872.592144971092
75032.0,-6872.580994486809
75033.0,-6872.569844002525
75034.0,-6872.558693518241
75035.0,-6872.5475430339575
75036.0,-6872.536392549674
75037.0,-6872.52524206539
75038.0,-6872.514091581106
75039.0,-6872.502941096823
75040.0,-6872.491790612538
75041.0,-6872.480640128255
75042.0,-6872.469489643971
75043.0,-6872.458339159687
75044.0,-6872.447188675404
75045.0,-6872.43603819112
75046.0,-6872.424887706836
75047.0,-6872.413737222552
75048.0,-6872.402586738269
75049.0,-6872.3914362539845
75050.0,-6872.380285769701
75051.0,-6872.3691352854175
75052.0,-6872.357984801133
75053.0,-6872.34683431685
75054.0,-6872.335683832566
75055.0,-6872.324533348282
75056.0,-6872.313382863998
75057.0,-6872.302232379715
75058.0,-6872.291081895431
75059.0,-6872.279931411147
75060.0,-6872.268780926864
75061.0,-6872.257630442579
75062.0,-6872.246479958296
75063.0,-6872.235329474012
75064.0,-6872.224178989728
75065.0,-6872.2130285054445
75066.0,-6872.201878021161
75067.0,-6872.190727536877
75068.0,-6872.179577052593
75069.0,-6872.16842656831
75070.0,-6872.157276084025
75071.0,-6872.146125599742
75072.0,-6872.1349751154585
75073.0,-6872.123824631174
75074.0,-6872.112674146891
75075.0,-6872.101523662607
75076.0,-6872.090373178323
75077.0,-6872.079222694039
75078.0,-6872.068072209756
75079.0,-6872.0569217254715
75080.0,-6872.045771241188
75081.0,-6872.034620756905
75082.0,-6872.02347027262
75083.0,-6872.012319788337
75084.0,-6872.001169304053
75085.0,-6871.990018819769
75086.0,-6871.9788683354855
75087.0,-6871.967717851202
75088.0,-6871.956567366918
75089.0,-6871.945416882634
75090.0,-6871.934266398351
75091.0,-6871.923115914066
75092.0,-6871.911965429783
75093.0,-6871.900814945499
75094.0,-6871.889664461215
75095.0,-6871.878513976932
75096.0,-6871.867363492648
75097.0,-6871.856213008364
75098.0,-6871.84506252408
75099.0,-6871.833912039797
75100.0,-6871.822761555512
75101.0,-6871.811611071229
75102.0,-6871.8004605869455
75103.0,-6871.789310102661
75104.0,-6871.778159618378
75105.0,-6871.767009134094
75106.0,-6871.75585864981
75107.0,-6871.744708165526
75108.0,-6871.733557681243
75109.0,-6871.722407196959
75110.0,-6871.711256712675
75111.0,-6871.700106228392
75112.0,-6871.688955744107
75113.0,-6871.677805259824
75114.0,-6871.66665477554
75115.0,-6871.655504291256
75116.0,-6871.6443538069725
75117.0,-6871.633203322689
75118.0,-6871.622052838405
75119.0,-6871.610902354121
75120.0,-6871.599751869838
75121.0,-6871.588601385553
75122.0,-6871.57745090127
75123.0,-6871.566300416986
75124.0,-6871.555149932702
75125.0,-6871.543999448419
75126.0,-6871.532848964135
75127.0,-6871.521698479851
75128.0,-6871.510547995567
75129.0,-6871.499397511284
75130.0,-6871.4882470269995
75131.0,-6871.477096542716
75132.0,-6871.465946058433
75133.0,-6871.454795574148
75134.0,-6871.443645089865
75135.0,-6871.432494605581
75136.0,-6871.421344121297
75137.0,-6871.410193637013
75138.0,-6871.39904315273
75139.0,-6871.387892668446
75140.0,-6871.376742184162
75141.0,-6871.365591699879
75142.0,-6871.354441215594
75143.0,-6871.343290731311
75144.0,-6871.332140247027
75145.0,-6871.320989762743
75146.0,-6871.30983927846
75147.0,-6871.298688794176
75148.0,-6871.287538309892
75149.0,-6871.276387825608
75150.0,-6871.265237341325
75151.0,-6871.25408685704
75152.0,-6871.242936372757
75153.0,-6871.2317858884735
75154.0,-6871.220635404189
75155.0,-6871.209484919906
75156.0,-6871.198334435622
75157.0,-6871.187183951338
75158.0,-6871.176033467054
75159.0,-6871.164882982771
75160.0,-6871.1537324984865
75161.0,-6871.142582014203
75162.0,-6871.13143152992
75163.0,-6871.120281045635
75164.0,-6871.109130561352
75165.0,-6871.097980077068
75166.0,-6871.086829592784
75167.0,-6871.0756791085005
75168.0,-6871.064528624217
75169.0,-6871.053378139933
75170.0,-6871.042227655649
75171.0,-6871.031077171366
75172.0,-6871.019926687081
75173.0,-6871.008776202798
75174.0,-6870.997625718514
75175.0,-6870.98647523423
75176.0,-6870.975324749947
75177.0,-6870.964174265663
75178.0,-6870.953023781379
75179.0,-6870.941873297095
75180.0,-6870.930722812812
75181.0,-6870.9195723285275
75182.0,-6870.908421844244
75183.0,-6870.8972713599605
75184.0,-6870.886120875676
75185.0,-6870.874970391393
75186.0,-6870.863819907109
75187.0,-6870.852669422825
75188.0,-6870.841518938541
75189.0,-6870.830368454258
75190.0,-6870.819217969974
75191.0,-6870.80806748569
75192.0,-6870.796917001407
75193.0,-6870.785766517122
75194.0,-6870.774616032839
75195.0,-6870.763465548555
75196.0,-6870.752315064271
75197.0,-6870.7411645799875
75198.0,-6870.730014095704
75199.0,-6870.71886361142
75200.0,-6870.707713127136
75201.0,-6870.696562642853
75202.0,-6870.685412158568
75203.0,-6870.674261674285
75204.0,-6870.6631111900015
75205.0,-6870.651960705717
75206.0,-6870.640810221434
75207.0,-6870.62965973715
75208.0,-6870.618509252866
75209.0,-6870.607358768582
75210.0,-6870.596208284299
75211.0,-6870.5850578000145
75212.0,-6870.573907315731
75213.0,-6870.562756831448
75214.0,-6870.551606347163
75215.0,-6870.54045586288
75216.0,-6870.529305378596
75217.0,-6870.518154894312
75218.0,-6870.5070044100285
75219.0,-6870.495853925745
75220.0,-6870.484703441461
75221.0,-6870.473552957177
75222.0,-6870.462402472894
75223.0,-6870.451251988609
75224.0,-6870.440101504326
75225.0,-6870.428951020042
75226.0,-6870.417800535758
75227.0,-6870.406650051475
75228.0,-6870.395499567191
75229.0,-6870.384349082907
75230.0,-6870.373198598623
75231.0,-6870.36204811434
75232.0,-6870.350897630055
75233.0,-6870.339747145772
75234.0,-6870.3285966614885
75235.0,-6870.317446177204
75236.0,-6870.306295692921
75237.0,-6870.295145208637
75238.0,-6870.283994724353
75239.0,-6870.272844240069
75240.0,-6870.261693755786
75241.0,-6870.250543271502
75242.0,-6870.239392787218
75243.0,-6870.228242302935
75244.0,-6870.21709181865
75245.0,-6870.205941334367
75246.0,-6870.194790850083
75247.0,-6870.183640365799
75248.0,-6870.1724898815155
75249.0,-6870.161339397232
75250.0,-6870.150188912948
75251.0,-6870.139038428664
75252.0,-6870.127887944381
75253.0,-6870.116737460096
75254.0,-6870.105586975813
75255.0,-6870.094436491529
75256.0,-6870.083286007245
75257.0,-6870.072135522962
75258.0,-6870.060985038678
75259.0,-6870.049834554394
75260.0,-6870.03868407011
75261.0,-6870.027533585827
75262.0,-6870.0163831015425
75263.0,-6870.005232617259
75264.0,-6869.994082132976
75265.0,-6869.982931648691
75266.0,-6869.971781164408
75267.0,-6869.960630680124
75268.0,-6869.94948019584
75269.0,-6869.938329711556
75270.0,-6869.927179227273
75271.0,-6869.916028742989
75272.0,-6869.904878258705
75273.0,-6869.893727774422
75274.0,-6869.882577290137
75275.0,-6869.871426805854
75276.0,-6869.86027632157
75277.0,-6869.849125837286
75278.0,-6869.837975353003
75279.0,-6869.826824868719
75280.0,-6869.815674384435
75281.0,-6869.804523900151
75282.0,-6869.793373415868
75283.0,-6869.782222931583
75284.0,-6869.7710724473
75285.0,-6869.7599219630165
75286.0,-6869.748771478732
75287.0,-6869.737620994449
75288.0,-6869.726470510165
75289.0,-6869.715320025881
75290.0,-6869.704169541597
75291.0,-6869.693019057314
75292.0,-6869.6818685730295
75293.0,-6869.670718088746
75294.0,-6869.659567604463
75295.0,-6869.648417120178
75296.0,-6869.637266635895
75297.0,-6869.626116151611
75298.0,-6869.614965667327
75299.0,-6869.6038151830435
75300.0,-6869.59266469876
75301.0,-6869.581514214476
75302.0,-6869.570363730192
75303.0,-6869.559213245909
75304.0,-6869.548062761624
75305.0,-6869.536912277341
75306.0,-6869.525761793057
75307.0,-6869.514611308773
75308.0,-6869.50346082449
75309.0,-6869.492310340206
75310.0,-6869.481159855922
75311.0,-6869.470009371638
75312.0,-6869.458858887355
75313.0,-6869.4477084030705
75314.0,-6869.436557918787
75315.0,-6869.4254074345035
75316.0,-6869.414256950219
75317.0,-6869.403106465936
75318.0,-6869.391955981652
75319.0,-6869.380805497368
75320.0,-6869.369655013084
75321.0,-6869.358504528801
75322.0,-6869.347354044517
75323.0,-6869.336203560233
75324.0,-6869.32505307595
75325.0,-6869.313902591665
75326.0,-6869.302752107382
75327.0,-6869.291601623098
75328.0,-6869.280451138814
75329.0,-6869.2693006545305
75330.0,-6869.258150170247
75331.0,-6869.246999685963
75332.0,-6869.235849201679
75333.0,-6869.224698717396
75334.0,-6869.213548233111
75335.0,-6869.202397748828
75336.0,-6869.1912472645445
75337.0,-6869.18009678026
75338.0,-6869.168946295977
75339.0,-6869.157795811693
75340.0,-6869.146645327409
75341.0,-6869.135494843125
75342.0,-6869.124344358842
75343.0,-6869.1131938745575
75344.0,-6869.102043390274
75345.0,-6869.090892905991
75346.0,-6869.079742421706
75347.0,-6869.068591937423
75348.0,-6869.057441453139
75349.0,-6869.046290968855
75350.0,-6869.0351404845715
75351.0,-6869.023990000288
75352.0,-6869.012839516004
75353.0,-6869.00168903172
75354.0,-6868.990538547437
75355.0,-6868.979388063152
75356.0,-6868.968237578869
75357.0,-6868.957087094585
75358.0,-6868.945936610301
75359.0,-6868.934786126018
75360.0,-6868.923635641734
75361.0,-6868.91248515745
75362.0,-6868.901334673166
75363.0,-6868.890184188883
75364.0,-6868.879033704598
75365.0,-6868.867883220315
75366.0,-6868.8567327360315
75367.0,-6868.845582251747
75368.0,-6868.834431767464
75369.0,-6868.82328128318
75370.0,-6868.812130798896
75371.0,-6868.800980314612
75372.0,-6868.789829830329
75373.0,-6868.778679346045
75374.0,-6868.767528861761
75375.0,-6868.756378377478
75376.0,-6868.745227893193
75377.0,-6868.73407740891
75378.0,-6868.722926924626
75379.0,-6868.711776440342
75380.0,-6868.7006259560585
75381.0,-6868.689475471775
75382.0,-6868.678324987491
75383.0,-6868.667174503207
75384.0,-6868.656024018924
75385.0,-6868.644873534639
75386.0,-6868.633723050356
75387.0,-6868.622572566072
75388.0,-6868.611422081788
75389.0,-6868.600271597505
75390.0,-6868.589121113221
75391.0,-6868.577970628937
75392.0,-6868.566820144653
75393.0,-6868.55566966037
75394.0,-6868.5445191760855
75395.0,-6868.533368691802
75396.0,-6868.522218207519
75397.0,-6868.511067723234
75398.0,-6868.499917238951
75399.0,-6868.488766754667
75400.0,-6868.477616270383
75401.0,-6868.466465786099
75402.0,-6868.455315301816
75403.0,-6868.444164817532
75404.0,-6868.433014333248
75405.0,-6868.421863848965
75406.0,-6868.41071336468
75407.0,-6868.399562880397
75408.0,-6868.388412396113
75409.0,-6868.377261911829
75410.0,-6868.366111427546
75411.0,-6868.354960943262
75412.0,-6868.343810458978
75413.0,-6868.332659974694
75414.0,-6868.321509490411
75415.0,-6868.310359006126
75416.0,-6868.299208521843
75417.0,-6868.2880580375595
75418.0,-6868.276907553275
75419.0,-6868.265757068992
75420.0,-6868.254606584708
75421.0,-6868.243456100424
75422.0,-6868.23230561614
75423.0,-6868.221155131857
75424.0,-6868.2100046475725
75425.0,-6868.198854163289
75426.0,-6868.187703679006
75427.0,-6868.176553194721
75428.0,-6868.165402710438
75429.0,-6868.154252226154
75430.0,-6868.14310174187
75431.0,-6868.1319512575865
75432.0,-6868.120800773303
75433.0,-6868.109650289019
75434.0,-6868.098499804735
75435.0,-6868.087349320452
75436.0,-6868.076198836167
75437.0,-6868.065048351884
75438.0,-6868.0538978676
75439.0,-6868.042747383316
75440.0,-6868.031596899033
75441.0,-6868.020446414749
75442.0,-6868.009295930465
75443.0,-6867.998145446181
75444.0,-6867.986994961898
75445.0,-6867.9758444776135
75446.0,-6867.96469399333
75447.0,-6867.9535435090465
75448.0,-6867.942393024762
75449.0,-6867.931242540479
75450.0,-6867.920092056195
75451.0,-6867.908941571911
75452.0,-6867.897791087627
75453.0,-6867.886640603344
75454.0,-6867.87549011906
75455.0,-6867.864339634776
75456.0,-6867.853189150493
75457.0,-6867.842038666208
75458.0,-6867.830888181925
75459.0,-6867.819737697641
75460.0,-6867.808587213357
75461.0,-6867.7974367290735
75462.0,-6867.78628624479
75463.0,-6867.775135760506
75464.0,-6867.763985276222
75465.0,-6867.752834791939
75466.0,-6867.741684307654
75467.0,-6867.730533823371
75468.0,-6867.7193833390875
75469.0,-6867.708232854803
75470.0,-6867.69708237052
75471.0,-6867.685931886236
75472.0,-6867.674781401952
75473.0,-6867.663630917668
75474.0,-6867.652480433385
75475.0,-6867.6413299491005
75476.0,-6867.630179464817
75477.0,-6867.619028980534
75478.0,-6867.607878496249
75479.0,-6867.596728011966
75480.0,-6867.585577527682
75481.0,-6867.574427043398
75482.0,-6867.5632765591145
75483.0,-6867.552126074831
75484.0,-6867.540975590547
75485.0,-6867.529825106263
75486.0,-6867.51867462198
75487.0,-6867.507524137695
75488.0,-6867.496373653412
75489.0,-6867.485223169128
75490.0,-6867.474072684844
75491.0,-6867.462922200561
75492.0,-6867.451771716277
75493.0,-6867.440621231993
75494.0,-6867.429470747709
75495.0,-6867.418320263426
75496.0,-6867.407169779141
75497.0,-6867.396019294858
75498.0,-6867.3848688105745
75499.0,-6867.37371832629
75500.0,-6867.362567842007
75501.0,-6867.351417357723
75502.0,-6867.340266873439
75503.0,-6867.329116389155
75504.0,-6867.317965904872
75505.0,-6867.306815420588
75506.0,-6867.295664936304
75507.0,-6867.284514452021
75508.0,-6867.273363967736
75509.0,-6867.262213483453
75510.0,-6867.251062999169
75511.0,-6867.239912514885
75512.0,-6867.2287620306015
75513.0,-6867.217611546318
75514.0,-6867.206461062034
75515.0,-6867.19531057775
75516.0,-6867.184160093467
75517.0,-6867.173009609182
75518.0,-6867.161859124899
75519.0,-6867.150708640615
75520.0,-6867.139558156331
75521.0,-6867.128407672048
75522.0,-6867.117257187764
75523.0,-6867.10610670348
75524.0,-6867.094956219196
75525.0,-6867.083805734913
75526.0,-6867.0726552506285
75527.0,-6867.061504766345
75528.0,-6867.050354282062
75529.0,-6867.039203797777
75530.0,-6867.028053313494
75531.0,-6867.01690282921
75532.0,-6867.005752344926
75533.0,-6866.994601860642
75534.0,-6866.983451376359
75535.0,-6866.972300892075
75536.0,-6866.961150407791
75537.0,-6866.949999923508
75538.0,-6866.938849439223
75539.0,-6866.92769895494
75540.0,-6866.916548470656
75541.0,-6866.905397986372
75542.0,-6866.894247502089
75543.0,-6866.883097017805
75544.0,-6866.871946533521
75545.0,-6866.860796049237
75546.0,-6866.849645564954
75547.0,-6866.838495080669
75548.0,-6866.827344596386
75549.0,-6866.8161941121025
75550.0,-6866.805043627818
75551.0,-6866.793893143535
75552.0,-6866.782742659251
75553.0,-6866.771592174967
75554.0,-6866.760441690683
75555.0,-6866.7492912064
75556.0,-6866.7381407221155
75557.0,-6866.726990237832
75558.0,-6866.715839753549
75559.0,-6866.704689269264
75560.0,-6866.693538784981
75561.0,-6866.682388300697
75562.0,-6866.671237816413
75563.0,-6866.6600873321295
75564.0,-6866.648936847846
75565.0,-6866.637786363562
75566.0,-6866.626635879278
75567.0,-6866.615485394995
75568.0,-6866.60433491071
75569.0,-6866.593184426427
75570.0,-6866.582033942143
75571.0,-6866.570883457859
75572.0,-6866.559732973576
75573.0,-6866.548582489292
75574.0,-6866.537432005008
75575.0,-6866.526281520724
75576.0,-6866.515131036441
75577.0,-6866.5039805521565
75578.0,-6866.492830067873
75579.0,-6866.4816795835895
75580.0,-6866.470529099305
75581.0,-6866.459378615022
75582.0,-6866.448228130738
75583.0,-6866.437077646454
75584.0,-6866.42592716217
75585.0,-6866.414776677887
75586.0,-6866.403626193603
75587.0,-6866.392475709319
75588.0,-6866.381325225036
75589.0,-6866.370174740751
75590.0,-6866.359024256468
75591.0,-6866.347873772184
75592.0,-6866.3367232879
75593.0,-6866.3255728036165
75594.0,-6866.314422319333
75595.0,-6866.303271835049
75596.0,-6866.292121350765
75597.0,-6866.280970866482
75598.0,-6866.269820382197
75599.0,-6866.258669897914
75600.0,-6866.2475194136305
75601.0,-6866.236368929346
75602.0,-6866.225218445063
75603.0,-6866.214067960779
75604.0,-6866.202917476495
75605.0,-6866.191766992211
75606.0,-6866.180616507928
75607.0,-6866.1694660236435
75608.0,-6866.15831553936
75609.0,-6866.147165055077
75610.0,-6866.136014570792
75611.0,-6866.124864086509
75612.0,-6866.113713602225
75613.0,-6866.102563117941
75614.0,-6866.0914126336575
75615.0,-6866.080262149374
75616.0,-6866.06911166509
75617.0,-6866.057961180806
75618.0,-6866.046810696523
75619.0,-6866.035660212238
75620.0,-6866.024509727955
75621.0,-6866.013359243671
75622.0,-6866.002208759387
75623.0,-6865.991058275104
75624.0,-6865.97990779082
75625.0,-6865.968757306536
75626.0,-6865.957606822252
75627.0,-6865.946456337969
75628.0,-6865.935305853684
75629.0,-6865.924155369401
75630.0,-6865.9130048851175
75631.0,-6865.901854400833
75632.0,-6865.89070391655
75633.0,-6865.879553432266
75634.0,-6865.868402947982
75635.0,-6865.857252463698
75636.0,-6865.846101979415
75637.0,-6865.834951495131
75638.0,-6865.823801010847
75639.0,-6865.812650526564
75640.0,-6865.801500042279
75641.0,-6865.790349557996
75642.0,-6865.779199073712
75643.0,-6865.768048589428
75644.0,-6865.7568981051445
75645.0,-6865.745747620861
75646.0,-6865.734597136577
75647.0,-6865.723446652293
75648.0,-6865.71229616801
75649.0,-6865.701145683725
75650.0,-6865.689995199442
75651.0,-6865.678844715158
75652.0,-6865.667694230874
75653.0,-6865.656543746591
75654.0,-6865.645393262307
75655.0,-6865.634242778023
75656.0,-6865.623092293739
75657.0,-6865.611941809456
75658.0,-6865.6007913251715
75659.0,-6865.589640840888
75660.0,-6865.578490356605
75661.0,-6865.56733987232
75662.0,-6865.556189388037
75663.0,-6865.545038903753
75664.0,-6865.533888419469
75665.0,-6865.522737935185
75666.0,-6865.511587450902
75667.0,-6865.500436966618
75668.0,-6865.489286482334
75669.0,-6865.478135998051
75670.0,-6865.466985513766
75671.0,-6865.455835029483
75672.0,-6865.444684545199
75673.0,-6865.433534060915
75674.0,-6865.422383576632
75675.0,-6865.411233092348
75676.0,-6865.400082608064
75677.0,-6865.38893212378
75678.0,-6865.377781639497
75679.0,-6865.366631155212
75680.0,-6865.355480670929
75681.0,-6865.3443301866455
75682.0,-6865.333179702361
75683.0,-6865.322029218078
75684.0,-6865.310878733794
75685.0,-6865.29972824951
75686.0,-6865.288577765226
75687.0,-6865.277427280943
75688.0,-6865.2662767966585
75689.0,-6865.255126312375
75690.0,-6865.243975828092
75691.0,-6865.232825343807
75692.0,-6865.221674859524
75693.0,-6865.21052437524
75694.0,-6865.199373890956
75695.0,-6865.1882234066725
75696.0,-6865.177072922389
75697.0,-6865.165922438105
75698.0,-6865.154771953821
75699.0,-6865.143621469538
75700.0,-6865.132470985253
75701.0,-6865.12132050097
75702.0,-6865.110170016686
75703.0,-6865.099019532402
75704.0,-6865.087869048119
75705.0,-6865.076718563835
75706.0,-6865.065568079551
75707.0,-6865.054417595267
75708.0,-6865.043267110984
75709.0,-6865.0321166266995
75710.0,-6865.020966142416
75711.0,-6865.0098156581325
75712.0,-6864.998665173848
75713.0,-6864.987514689565
75714.0,-6864.976364205281
75715.0,-6864.965213720997
75716.0,-6864.954063236713
75717.0,-6864.94291275243
75718.0,-6864.931762268146
75719.0,-6864.920611783862
75720.0,-6864.909461299579
75721.0,-6864.898310815294
75722.0,-6864.887160331011
75723.0,-6864.876009846727
75724.0,-6864.864859362443
75725.0,-6864.8537088781595
75726.0,-6864.842558393876
75727.0,-6864.831407909592
75728.0,-6864.820257425308
75729.0,-6864.809106941025
75730.0,-6864.79795645674
75731.0,-6864.786805972457
75732.0,-6864.7756554881735
75733.0,-6864.764505003889
75734.0,-6864.753354519606
75735.0,-6864.742204035322
75736.0,-6864.731053551038
75737.0,-6864.719903066754
75738.0,-6864.708752582471
75739.0,-6864.6976020981865
75740.0,-6864.686451613903
75741.0,-6864.67530112962
75742.0,-6864.664150645335
75743.0,-6864.653000161052
75744.0,-6864.641849676768
75745.0,-6864.630699192484
75746.0,-6864.6195487082
75747.0,-6864.608398223917
75748.0,-6864.597247739633
75749.0,-6864.586097255349
75750.0,-6864.574946771066
75751.0,-6864.563796286781
75752.0,-6864.552645802498
75753.0,-6864.541495318214
75754.0,-6864.53034483393
75755.0,-6864.519194349647
75756.0,-6864.508043865363
75757.0,-6864.496893381079
75758.0,-6864.485742896795
75759.0,-6864.474592412512
75760.0,-6864.463441928227
75761.0,-6864.452291443944
75762.0,-6864.4411409596605
75763.0,-6864.429990475376
75764.0,-6864.418839991093
75765.0,-6864.407689506809
75766.0,-6864.396539022525
75767.0,-6864.385388538241
75768.0,-6864.374238053958
75769.0,-6864.363087569674
75770.0,-6864.35193708539
75771.0,-6864.340786601107
75772.0,-6864.329636116822
75773.0,-6864.318485632539
75774.0,-6864.307335148255
75775.0,-6864.296184663971
75776.0,-6864.2850341796875
75777.0,-6864.258661478758
75778.0,-6864.232288777828
75779.0,-6864.205916076899
75780.0,-6864.179543375969
75781.0,-6864.153170675039
75782.0,-6864.12679797411
75783.0,-6864.10042527318
75784.0,-6864.07405257225
75785.0,-6864.047679871321
75786.0,-6864.021307170391
75787.0,-6863.994934469461
75788.0,-6863.968561768532
75789.0,-6863.942189067602
75790.0,-6863.9158163666725
75791.0,-6863.889443665743
75792.0,-6863.863070964813
75793.0,-6863.836698263884
75794.0,-6863.810325562954
75795.0,-6863.783952862024
75796.0,-6863.757580161095
75797.0,-6863.731207460165
75798.0,-6863.704834759235
75799.0,-6863.678462058306
75800.0,-6863.652089357376
75801.0,-6863.6257166564465
75802.0,-6863.599343955517
75803.0,-6863.572971254587
75804.0,-6863.5465985536575
75805.0,-6863.520225852728
75806.0,-6863.493853151798
75807.0,-6863.467480450869
75808.0,-6863.441107749939
75809.0,-6863.414735049009
75810.0,-6863.38836234808
75811.0,-6863.36198964715
75812.0,-6863.33561694622
75813.0,-6863.309244245291
75814.0,-6863.282871544361
75815.0,-6863.2564988434315
75816.0,-6863.230126142502
75817.0,-6863.203753441572
75818.0,-6863.177380740643
75819.0,-6863.151008039713
75820.0,-6863.124635338783
75821.0,-6863.098262637854
75822.0,-6863.071889936924
75823.0,-6863.045517235994
75824.0,-6863.019144535065
75825.0,-6862.992771834135
75826.0,-6862.966399133205
75827.0,-6862.940026432276
75828.0,-6862.913653731346
75829.0,-6862.8872810304165
75830.0,-6862.860908329487
75831.0,-6862.834535628557
75832.0,-6862.808162927628
75833.0,-6862.781790226698
75834.0,-6862.755417525768
75835.0,-6862.729044824839
75836.0,-6862.702672123909
75837.0,-6862.676299422979
75838.0,-6862.64992672205
75839.0,-6862.62355402112
75840.0,-6862.59718132019
75841.0,-6862.570808619261
75842.0,-6862.544435918331
75843.0,-6862.5180632174015
75844.0,-6862.491690516472
75845.0,-6862.465317815542
75846.0,-6862.438945114613
75847.0,-6862.412572413683
75848.0,-6862.386199712753
75849.0,-6862.359827011824
75850.0,-6862.333454310894
75851.0,-6862.307081609964
75852.0,-6862.280708909035
75853.0,-6862.254336208105
75854.0,-6862.227963507175
75855.0,-6862.201590806246
75856.0,-6862.175218105316
75857.0,-6862.1488454043865
75858.0,-6862.122472703457
75859.0,-6862.096100002527
75860.0,-6862.069727301598
75861.0,-6862.043354600668
75862.0,-6862.016981899738
75863.0,-6861.990609198809
75864.0,-6861.964236497879
75865.0,-6861.937863796949
75866.0,-6861.91149109602
75867.0,-6861.88511839509
75868.0,-6861.8587456941605
75869.0,-6861.832372993231
75870.0,-6861.806000292301
75871.0,-6861.7796275913715
75872.0,-6861.753254890442
75873.0,-6861.726882189512
75874.0,-6861.700509488583
75875.0,-6861.674136787653
75876.0,-6861.647764086723
75877.0,-6861.621391385794
75878.0,-6861.595018684864
75879.0,-6861.568645983934
75880.0,-6861.542273283005
75881.0,-6861.515900582075
75882.0,-6861.4895278811455
75883.0,-6861.463155180216
75884.0,-6861.436782479286
75885.0,-6861.410409778357
75886.0,-6861.384037077427
75887.0,-6861.357664376497
75888.0,-6861.331291675568
75889.0,-6861.304918974638
75890.0,-6861.278546273708
75891.0,-6861.252173572779
75892.0,-6861.225800871849
75893.0,-6861.199428170919
75894.0,-6861.17305546999
75895.0,-6861.14668276906
75896.0,-6861.1203100681305
75897.0,-6861.093937367201
75898.0,-6861.067564666271
75899.0,-6861.041191965342
75900.0,-6861.014819264412
75901.0,-6860.988446563482
75902.0,-6860.962073862553
75903.0,-6860.935701161623
75904.0,-6860.909328460693
75905.0,-6860.882955759764
75906.0,-6860.856583058834
75907.0,-6860.830210357904
75908.0,-6860.803837656975
75909.0,-6860.777464956045
75910.0,-6860.7510922551155
75911.0,-6860.724719554186
75912.0,-6860.698346853256
75913.0,-6860.671974152327
75914.0,-6860.645601451397
75915.0,-6860.619228750467
75916.0,-6860.592856049538
75917.0,-6860.566483348608
75918.0,-6860.540110647678
75919.0,-6860.513737946749
75920.0,-6860.487365245819
75921.0,-6860.460992544889
75922.0,-6860.43461984396
75923.0,-6860.40824714303
75924.0,-6860.3818744421005
75925.0,-6860.355501741171
75926.0,-6860.329129040241
75927.0,-6860.302756339312
75928.0,-6860.276383638382
75929.0,-6860.250010937452
75930.0,-6860.223638236523
75931.0,-6860.197265535593
75932.0,-6860.170892834663
75933.0,-6860.144520133734
75934.0,-6860.118147432804
75935.0,-6860.0917747318745
75936.0,-6860.065402030945
75937.0,-6860.039029330015
75938.0,-6860.0126566290855
75939.0,-6859.986283928156
75940.0,-6859.959911227226
75941.0,-6859.933538526297
75942.0,-6859.907165825367
75943.0,-6859.880793124437
75944.0,-6859.854420423508
75945.0,-6859.828047722578
75946.0,-6859.801675021648
75947.0,-6859.775302320719
75948.0,-6859.748929619789
75949.0,-6859.7225569188595
75950.0,-6859.69618421793
75951.0,-6859.669811517
75952.0,-6859.643438816071
75953.0,-6859.617066115141
75954.0,-6859.590693414211
75955.0,-6859.564320713282
75956.0,-6859.537948012352
75957.0,-6859.511575311422
75958.0,-6859.485202610493
75959.0,-6859.458829909563
75960.0,-6859.432457208633
75961.0,-6859.406084507704
75962.0,-6859.379711806774
75963.0,-6859.3533391058445
75964.0,-6859.326966404915
75965.0,-6859.300593703985
75966.0,-6859.274221003056
75967.0,-6859.247848302126
75968.0,-6859.221475601196
75969.0,-6859.195102900267
75970.0,-6859.168730199337
75971.0,-6859.142357498407
75972.0,-6859.115984797478
75973.0,-6859.089612096548
75974.0,-6859.063239395618
75975.0,-6859.036866694689
75976.0,-6859.010493993759
75977.0,-6858.9841212928295
75978.0,-6858.9577485919
75979.0,-6858.93137589097
75980.0,-6858.905003190041
75981.0,-6858.878630489111
75982.0,-6858.852257788181
75983.0,-6858.825885087252
75984.0,-6858.799512386322
75985.0,-6858.773139685392
75986.0,-6858.746766984463
75987.0,-6858.720394283533
75988.0,-6858.694021582603
75989.0,-6858.667648881674
75990.0,-6858.641276180744
75991.0,-6858.6149034798145
75992.0,-6858.588530778885
75993.0,-6858.562158077955
75994.0,-6858.535785377026
75995.0,-6858.509412676096
75996.0,-6858.483039975166
75997.0,-6858.456667274237
75998.0,-6858.430294573307
75999.0,-6858.403921872377
76000.0,-6858.377549171448
76001.0,-6858.351176470518
76002.0,-6858.3248037695885
76003.0,-6858.298431068659
76004.0,-6858.272058367729
76005.0,-6858.2456856668
76006.0,-6858.21931296587
76007.0,-6858.19294026494
76008.0,-6858.166567564011
76009.0,-6858.140194863081
76010.0,-6858.113822162151
76011.0,-6858.087449461222
76012.0,-6858.061076760292
76013.0,-6858.034704059362
76014.0,-6858.008331358433
76015.0,-6857.981958657503
76016.0,-6857.9555859565735
76017.0,-6857.929213255644
76018.0,-6857.902840554714
76019.0,-6857.876467853785
76020.0,-6857.850095152855
76021.0,-6857.823722451925
76022.0,-6857.797349750996
76023.0,-6857.770977050066
76024.0,-6857.744604349136
76025.0,-6857.718231648207
76026.0,-6857.691858947277
76027.0,-6857.665486246347
76028.0,-6857.639113545418
76029.0,-6857.612740844488
76030.0,-6857.5863681435585
76031.0,-6857.559995442629
76032.0,-6857.533622741699
76033.0,-6857.50725004077
76034.0,-6857.48087733984
76035.0,-6857.45450463891
76036.0,-6857.428131937981
76037.0,-6857.401759237051
76038.0,-6857.375386536121
76039.0,-6857.349013835192
76040.0,-6857.322641134262
76041.0,-6857.296268433332
76042.0,-6857.269895732403
76043.0,-6857.243523031473
76044.0,-6857.2171503305435
76045.0,-6857.190777629614
76046.0,-6857.164404928684
76047.0,-6857.138032227755
76048.0,-6857.111659526825
76049.0,-6857.085286825895
76050.0,-6857.058914124966
76051.0,-6857.032541424036
76052.0,-6857.006168723106
76053.0,-6856.979796022177
76054.0,-6856.953423321247
76055.0,-6856.9270506203175
76056.0,-6856.900677919388
76057.0,-6856.874305218458
76058.0,-6856.8479325175285
76059.0,-6856.821559816599
76060.0,-6856.795187115669
76061.0,-6856.76881441474
76062.0,-6856.74244171381
76063.0,-6856.71606901288
76064.0,-6856.689696311951
76065.0,-6856.663323611021
76066.0,-6856.636950910091
76067.0,-6856.610578209162
76068.0,-6856.584205508232
76069.0,-6856.5578328073025
76070.0,-6856.531460106373
76071.0,-6856.505087405443
76072.0,-6856.478714704514
76073.0,-6856.452342003584
76074.0,-6856.425969302654
76075.0,-6856.399596601725
76076.0,-6856.373223900795
76077.0,-6856.346851199865
76078.0,-6856.320478498936
76079.0,-6856.294105798006
76080.0,-6856.267733097076
76081.0,-6856.241360396147
76082.0,-6856.214987695217
76083.0,-6856.1886149942875
76084.0,-6856.162242293358
76085.0,-6856.135869592428
76086.0,-6856.109496891499
76087.0,-6856.083124190569
76088.0,-6856.056751489639
76089.0,-6856.03037878871
76090.0,-6856.00400608778
76091.0,-6855.97763338685
76092.0,-6855.951260685921
76093.0,-6855.924887984991
76094.0,-6855.898515284061
76095.0,-6855.872142583132
76096.0,-6855.845769882202
76097.0,-6855.8193971812725
76098.0,-6855.793024480343
76099.0,-6855.766651779413
76100.0,-6855.740279078484
76101.0,-6855.713906377554
76102.0,-6855.687533676624
76103.0,-6855.661160975695
76104.0,-6855.634788274765
76105.0,-6855.608415573835
76106.0,-6855.582042872906
76107.0,-6855.555670171976
76108.0,-6855.529297471046
76109.0,-6855.502924770117
76110.0,-6855.476552069187
76111.0,-6855.4501793682575
76112.0,-6855.423806667328
76113.0,-6855.397433966398
76114.0,-6855.371061265469
76115.0,-6855.344688564539
76116.0,-6855.318315863609
76117.0,-6855.29194316268
76118.0,-6855.26557046175
76119.0,-6855.23919776082
76120.0,-6855.212825059891
76121.0,-6855.186452358961
76122.0,-6855.1600796580315
76123.0,-6855.133706957102
76124.0,-6855.107334256172
76125.0,-6855.0809615552425
76126.0,-6855.054588854313
76127.0,-6855.028216153383
76128.0,-6855.001843452454
76129.0,-6854.975470751524
76130.0,-6854.949098050594
76131.0,-6854.922725349665
76132.0,-6854.896352648735
76133.0,-6854.869979947805
76134.0,-6854.843607246876
76135.0,-6854.817234545946
76136.0,-6854.7908618450165
76137.0,-6854.764489144087
76138.0,-6854.738116443157
76139.0,-6854.711743742228
76140.0,-6854.685371041298
76141.0,-6854.658998340368
76142.0,-6854.632625639439
76143.0,-6854.606252938509
76144.0,-6854.579880237579
76145.0,-6854.55350753665
76146.0,-6854.52713483572
76147.0,-6854.50076213479
76148.0,-6854.474389433861
76149.0,-6854.448016732931
76150.0,-6854.4216440320015
76151.0,-6854.395271331072
76152.0,-6854.368898630142
76153.0,-6854.342525929213
76154.0,-6854.316153228283
76155.0,-6854.289780527353
76156.0,-6854.263407826424
76157.0,-6854.237035125494
76158.0,-6854.210662424564
76159.0,-6854.184289723635
76160.0,-6854.157917022705
76161.0,-6854.131544321775
76162.0,-6854.105171620846
76163.0,-6854.078798919916
76164.0,-6854.0524262189865
76165.0,-6854.026053518057
76166.0,-6853.999680817127
76167.0,-6853.973308116198
76168.0,-6853.946935415268
76169.0,-6853.920562714338
76170.0,-6853.894190013409
76171.0,-6853.867817312479
76172.0,-6853.841444611549
76173.0,-6853.81507191062
76174.0,-6853.78869920969
76175.0,-6853.76232650876
76176.0,-6853.735953807831
76177.0,-6853.709581106901
76178.0,-6853.6832084059715
76179.0,-6853.656835705042
76180.0,-6853.630463004112
76181.0,-6853.604090303183
76182.0,-6853.577717602253
76183.0,-6853.551344901323
76184.0,-6853.524972200394
76185.0,-6853.498599499464
76186.0,-6853.472226798534
76187.0,-6853.445854097605
76188.0,-6853.419481396675
76189.0,-6853.3931086957455
76190.0,-6853.366735994816
76191.0,-6853.340363293886
76192.0,-6853.3139905929565
76193.0,-6853.287617892027
76194.0,-6853.261245191097
76195.0,-6853.234872490168
76196.0,-6853.208499789238
76197.0,-6853.182127088308
76198.0,-6853.155754387379
76199.0,-6853.129381686449
76200.0,-6853.103008985519
76201.0,-6853.07663628459
76202.0,-6853.05026358366
76203.0,-6853.0238908827305
76204.0,-6852.997518181801
76205.0,-6852.971145480871
76206.0,-6852.944772779942
76207.0,-6852.918400079012
76208.0,-6852.892027378082
76209.0,-6852.865654677153
76210.0,-6852.839281976223
76211.0,-6852.812909275293
76212.0,-6852.786536574364
76213.0,-6852.760163873434
76214.0,-6852.733791172504
76215.0,-6852.707418471575
76216.0,-6852.681045770645
76217.0,-6852.6546730697155
76218.0,-6852.628300368786
76219.0,-6852.601927667856
76220.0,-6852.575554966927
76221.0,-6852.549182265997
76222.0,-6852.522809565067
76223.0,-6852.496436864138
76224.0,-6852.470064163208
76225.0,-6852.443691462278
76226.0,-6852.417318761349
76227.0,-6852.390946060419
76228.0,-6852.364573359489
76229.0,-6852.33820065856
76230.0,-6852.31182795763
76231.0,-6852.2854552567005
76232.0,-6852.259082555771
76233.0,-6852.232709854841
76234.0,-6852.206337153912
76235.0,-6852.179964452982
76236.0,-6852.153591752052
76237.0,-6852.127219051123
76238.0,-6852.100846350193
76239.0,-6852.074473649263
76240.0,-6852.048100948334
76241.0,-6852.021728247404
76242.0,-6851.9953555464745
76243.0,-6851.968982845545
76244.0,-6851.942610144615
76245.0,-6851.9162374436855
76246.0,-6851.889864742756
76247.0,-6851.863492041826
76248.0,-6851.837119340897
76249.0,-6851.810746639967
76250.0,-6851.784373939037
76251.0,-6851.758001238108
76252.0,-6851.731628537178
76253.0,-6851.705255836248
76254.0,-6851.678883135319
76255.0,-6851.652510434389
76256.0,-6851.6261377334595
76257.0,-6851.59976503253
76258.0,-6851.5733923316
76259.0,-6851.547019630671
76260.0,-6851.520646929741
76261.0,-6851.494274228811
76262.0,-6851.467901527882
76263.0,-6851.441528826952
76264.0,-6851.415156126022
76265.0,-6851.388783425093
76266.0,-6851.362410724163
76267.0,-6851.336038023233
76268.0,-6851.309665322304
76269.0,-6851.283292621374
76270.0,-6851.2569199204445
76271.0,-6851.230547219515
76272.0,-6851.204174518585
76273.0,-6851.177801817656
76274.0,-6851.151429116726
76275.0,-6851.125056415796
76276.0,-6851.098683714867
76277.0,-6851.072311013937
76278.0,-6851.045938313007
76279.0,-6851.019565612078
76280.0,-6850.993192911148
76281.0,-6850.966820210218
76282.0,-6850.940447509289
76283.0,-6850.914074808359
76284.0,-6850.8877021074295
76285.0,-6850.8613294065
76286.0,-6850.83495670557
76287.0,-6850.808584004641
76288.0,-6850.782211303711
76289.0,-6850.755838602781
76290.0,-6850.729465901852
76291.0,-6850.703093200922
76292.0,-6850.676720499992
76293.0,-6850.650347799063
76294.0,-6850.623975098133
76295.0,-6850.597602397203
76296.0,-6850.571229696274
76297.0,-6850.544856995344
76298.0,-6850.5184842944145
76299.0,-6850.492111593485
76300.0,-6850.465738892555
76301.0,-6850.439366191626
76302.0,-6850.412993490696
76303.0,-6850.386620789766
76304.0,-6850.360248088837
76305.0,-6850.333875387907
76306.0,-6850.307502686977
76307.0,-6850.281129986048
76308.0,-6850.254757285118
76309.0,-6850.2283845841885
76310.0,-6850.202011883259
76311.0,-6850.175639182329
76312.0,-6850.1492664813995
76313.0,-6850.12289378047
76314.0,-6850.09652107954
76315.0,-6850.070148378611
76316.0,-6850.043775677681
76317.0,-6850.017402976751
76318.0,-6849.991030275822
76319.0,-6849.964657574892
76320.0,-6849.938284873962
76321.0,-6849.911912173033
76322.0,-6849.885539472103
76323.0,-6849.8591667711735
76324.0,-6849.832794070244
76325.0,-6849.806421369314
76326.0,-6849.780048668385
76327.0,-6849.753675967455
76328.0,-6849.727303266525
76329.0,-6849.700930565596
76330.0,-6849.674557864666
76331.0,-6849.648185163736
76332.0,-6849.621812462807
76333.0,-6849.595439761877
76334.0,-6849.569067060947
76335.0,-6849.542694360018
76336.0,-6849.516321659088
76337.0,-6849.4899489581585
76338.0,-6849.463576257229
76339.0,-6849.437203556299
76340.0,-6849.41083085537
76341.0,-6849.38445815444
76342.0,-6849.35808545351
76343.0,-6849.331712752581
76344.0,-6849.305340051651
76345.0,-6849.278967350721
76346.0,-6849.252594649792
76347.0,-6849.226221948862
76348.0,-6849.199849247932
76349.0,-6849.173476547003
76350.0,-6849.147103846073
76351.0,-6849.1207311451435
76352.0,-6849.094358444214
76353.0,-6849.067985743284
76354.0,-6849.041613042355
76355.0,-6849.015240341425
76356.0,-6848.988867640495
76357.0,-6848.962494939566
76358.0,-6848.936122238636
76359.0,-6848.909749537706
76360.0,-6848.883376836777
76361.0,-6848.857004135847
76362.0,-6848.830631434917
76363.0,-6848.804258733988
76364.0,-6848.777886033058
76365.0,-6848.7515133321285
76366.0,-6848.725140631199
76367.0,-6848.698767930269
76368.0,-6848.67239522934
76369.0,-6848.64602252841
76370.0,-6848.61964982748
76371.0,-6848.593277126551
76372.0,-6848.566904425621
76373.0,-6848.540531724691
76374.0,-6848.514159023762
76375.0,-6848.487786322832
76376.0,-6848.4614136219025
76377.0,-6848.435040920973
76378.0,-6848.408668220043
76379.0,-6848.3822955191135
76380.0,-6848.355922818184
76381.0,-6848.329550117254
76382.0,-6848.303177416325
76383.0,-6848.276804715395
76384.0,-6848.250432014465
76385.0,-6848.224059313536
76386.0,-6848.197686612606
76387.0,-6848.171313911676
76388.0,-6848.144941210747
76389.0,-6848.118568509817
76390.0,-6848.0921958088875
76391.0,-6848.065823107958
76392.0,-6848.039450407028
76393.0,-6848.013077706099
76394.0,-6847.986705005169
76395.0,-6847.960332304239
76396.0,-6847.93395960331
76397.0,-6847.90758690238
76398.0,-6847.88121420145
76399.0,-6847.854841500521
76400.0,-6847.828468799591
76401.0,-6847.802096098661
76402.0,-6847.775723397732
76403.0,-6847.749350696802
76404.0,-6847.7229779958725
76405.0,-6847.696605294943
76406.0,-6847.670232594013
76407.0,-6847.643859893084
76408.0,-6847.617487192154
76409.0,-6847.591114491224
76410.0,-6847.564741790295
76411.0,-6847.538369089365
76412.0,-6847.511996388435
76413.0,-6847.485623687506
76414.0,-6847.459250986576
76415.0,-6847.432878285646
76416.0,-6847.406505584717
76417.0,-6847.380132883787
76418.0,-6847.3537601828575
76419.0,-6847.327387481928
76420.0,-6847.301014780998
76421.0,-6847.274642080069
76422.0,-6847.248269379139
76423.0,-6847.221896678209
76424.0,-6847.19552397728
76425.0,-6847.16915127635
76426.0,-6847.14277857542
76427.0,-6847.116405874491
76428.0,-6847.090033173561
76429.0,-6847.063660472631
76430.0,-6847.037287771702
76431.0,-6847.010915070772
76432.0,-6846.9845423698425
76433.0,-6846.958169668913
76434.0,-6846.931796967983
76435.0,-6846.905424267054
76436.0,-6846.879051566124
76437.0,-6846.852678865194
76438.0,-6846.826306164265
76439.0,-6846.799933463335
76440.0,-6846.773560762405
76441.0,-6846.747188061476
76442.0,-6846.720815360546
76443.0,-6846.6944426596165
76444.0,-6846.668069958687
76445.0,-6846.641697257757
76446.0,-6846.6153245568275
76447.0,-6846.588951855898
76448.0,-6846.562579154968
76449.0,-6846.536206454039
76450.0,-6846.509833753109
76451.0,-6846.483461052179
76452.0,-6846.45708835125
76453.0,-6846.43071565032
76454.0,-6846.40434294939
76455.0,-6846.377970248461
76456.0,-6846.351597547531
76457.0,-6846.3252248466015
76458.0,-6846.298852145672
76459.0,-6846.272479444742
76460.0,-6846.246106743813
76461.0,-6846.219734042883
76462.0,-6846.193361341953
76463.0,-6846.166988641024
76464.0,-6846.140615940094
76465.0,-6846.114243239164
76466.0,-6846.087870538235
76467.0,-6846.061497837305
76468.0,-6846.035125136375
76469.0,-6846.008752435446
76470.0,-6845.982379734516
76471.0,-6845.9560070335865
76472.0,-6845.929634332657
76473.0,-6845.903261631727
76474.0,-6845.876888930798
76475.0,-6845.850516229868
76476.0,-6845.824143528938
76477.0,-6845.797770828009
76478.0,-6845.771398127079
76479.0,-6845.745025426149
76480.0,-6845.71865272522
76481.0,-6845.69228002429
76482.0,-6845.66590732336
76483.0,-6845.639534622431
76484.0,-6845.613161921501
76485.0,-6845.5867892205715
76486.0,-6845.560416519642
76487.0,-6845.534043818712
76488.0,-6845.507671117783
76489.0,-6845.481298416853
76490.0,-6845.454925715923
76491.0,-6845.428553014994
76492.0,-6845.402180314064
76493.0,-6845.375807613134
76494.0,-6845.349434912205
76495.0,-6845.323062211275
76496.0,-6845.2966895103455
76497.0,-6845.270316809416
76498.0,-6845.243944108486
76499.0,-6845.2175714075565
76500.0,-6845.191198706627
76501.0,-6845.164826005697
76502.0,-6845.138453304768
76503.0,-6845.112080603838
76504.0,-6845.085707902908
76505.0,-6845.059335201979
76506.0,-6845.032962501049
76507.0,-6845.006589800119
76508.0,-6844.98021709919
76509.0,-6844.95384439826
76510.0,-6844.9274716973305
76511.0,-6844.901098996401
76512.0,-6844.874726295471
76513.0,-6844.848353594542
76514.0,-6844.821980893612
76515.0,-6844.795608192682
76516.0,-6844.769235491753
76517.0,-6844.742862790823
76518.0,-6844.716490089893
76519.0,-6844.690117388964
76520.0,-6844.663744688034
76521.0,-6844.637371987104
76522.0,-6844.610999286175
76523.0,-6844.584626585245
76524.0,-6844.5582538843155
76525.0,-6844.531881183386
76526.0,-6844.505508482456
76527.0,-6844.479135781527
76528.0,-6844.452763080597
76529.0,-6844.426390379667
76530.0,-6844.400017678738
76531.0,-6844.373644977808
76532.0,-6844.347272276878
76533.0,-6844.320899575949
76534.0,-6844.294526875019
76535.0,-6844.268154174089
76536.0,-6844.24178147316
76537.0,-6844.21540877223
76538.0,-6844.1890360713005
76539.0,-6844.162663370371
76540.0,-6844.136290669441
76541.0,-6844.109917968512
76542.0,-6844.083545267582
76543.0,-6844.057172566652
76544.0,-6844.030799865723
76545.0,-6844.004427164793
76546.0,-6843.978054463863
76547.0,-6843.951681762934
76548.0,-6843.925309062004
76549.0,-6843.898936361074
76550.0,-6843.872563660145
76551.0,-6843.846190959215
76552.0,-6843.8198182582855
76553.0,-6843.793445557356
76554.0,-6843.767072856426
76555.0,-6843.740700155497
76556.0,-6843.714327454567
76557.0,-6843.687954753637
76558.0,-6843.661582052708
76559.0,-6843.635209351778
76560.0,-6843.608836650848
76561.0,-6843.582463949919
76562.0,-6843.556091248989
76563.0,-6843.5297185480595
76564.0,-6843.50334584713
76565.0,-6843.4769731462
76566.0,-6843.4506004452705
76567.0,-6843.424227744341
76568.0,-6843.397855043411
76569.0,-6843.371482342482
76570.0,-6843.345109641552
76571.0,-6843.318736940622
76572.0,-6843.292364239693
76573.0,-6843.265991538763
76574.0,-6843.239618837833
76575.0,-6843.213246136904
76576.0,-6843.186873435974
76577.0,-6843.1605007350445
76578.0,-6843.134128034115
76579.0,-6843.107755333185
76580.0,-6843.081382632256
76581.0,-6843.055009931326
76582.0,-6843.028637230396
76583.0,-6843.002264529467
76584.0,-6842.975891828537
76585.0,-6842.949519127607
76586.0,-6842.923146426678
76587.0,-6842.896773725748
76588.0,-6842.870401024818
76589.0,-6842.844028323889
76590.0,-6842.817655622959
76591.0,-6842.7912829220295
76592.0,-6842.7649102211
76593.0,-6842.73853752017
76594.0,-6842.712164819241
76595.0,-6842.685792118311
76596.0,-6842.659419417381
76597.0,-6842.633046716452
76598.0,-6842.606674015522
76599.0,-6842.580301314592
76600.0,-6842.553928613663
76601.0,-6842.527555912733
76602.0,-6842.501183211803
76603.0,-6842.474810510874
76604.0,-6842.448437809944
76605.0,-6842.4220651090145
76606.0,-6842.395692408085
76607.0,-6842.369319707155
76608.0,-6842.342947006226
76609.0,-6842.316574305296
76610.0,-6842.290201604366
76611.0,-6842.263828903437
76612.0,-6842.237456202507
76613.0,-6842.211083501577
76614.0,-6842.184710800648
76615.0,-6842.158338099718
76616.0,-6842.131965398788
76617.0,-6842.105592697859
76618.0,-6842.079219996929
76619.0,-6842.0528472959995
76620.0,-6842.02647459507
76621.0,-6842.00010189414
76622.0,-6841.973729193211
76623.0,-6841.947356492281
76624.0,-6841.920983791351
76625.0,-6841.894611090422
76626.0,-6841.868238389492
76627.0,-6841.841865688562
76628.0,-6841.815492987633
76629.0,-6841.789120286703
76630.0,-6841.7627475857735
76631.0,-6841.736374884844
76632.0,-6841.710002183914
76633.0,-6841.6836294829845
76634.0,-6841.657256782055
76635.0,-6841.630884081125
76636.0,-6841.604511380196
76637.0,-6841.578138679266
76638.0,-6841.551765978336
76639.0,-6841.525393277407
76640.0,-6841.499020576477
76641.0,-6841.472647875547
76642.0,-6841.446275174618
76643.0,-6841.419902473688
76644.0,-6841.3935297727585
76645.0,-6841.367157071829
76646.0,-6841.340784370899
76647.0,-6841.31441166997
76648.0,-6841.28803896904
76649.0,-6841.26166626811
76650.0,-6841.235293567181
76651.0,-6841.208920866251
76652.0,-6841.182548165321
76653.0,-6841.156175464392
76654.0,-6841.129802763462
76655.0,-6841.103430062532
76656.0,-6841.077057361603
76657.0,-6841.050684660673
76658.0,-6841.0243119597435
76659.0,-6840.997939258814
76660.0,-6840.971566557884
76661.0,-6840.945193856955
76662.0,-6840.918821156025
76663.0,-6840.892448455095
76664.0,-6840.866075754166
76665.0,-6840.839703053236
76666.0,-6840.813330352306
76667.0,-6840.786957651377
76668.0,-6840.760584950447
76669.0,-6840.734212249517
76670.0,-6840.707839548588
76671.0,-6840.681466847658
76672.0,-6840.6550941467285
76673.0,-6840.628721445799
76674.0,-6840.602348744869
76675.0,-6840.57597604394
76676.0,-6840.54960334301
76677.0,-6840.52323064208
76678.0,-6840.496857941151
76679.0,-6840.470485240221
76680.0,-6840.444112539291
76681.0,-6840.417739838362
76682.0,-6840.391367137432
76683.0,-6840.3649944365025
76684.0,-6840.338621735573
76685.0,-6840.312249034643
76686.0,-6840.2858763337135
76687.0,-6840.259503632784
76688.0,-6840.233130931854
76689.0,-6840.206758230925
76690.0,-6840.180385529995
76691.0,-6840.154012829065
76692.0,-6840.127640128136
76693.0,-6840.101267427206
76694.0,-6840.074894726276
76695.0,-6840.048522025347
76696.0,-6840.022149324417
76697.0,-6839.9957766234875
76698.0,-6839.969403922558
76699.0,-6839.943031221628
76700.0,-6839.916658520699
76701.0,-6839.890285819769
76702.0,-6839.863913118839
76703.0,-6839.83754041791
76704.0,-6839.81116771698
76705.0,-6839.78479501605
76706.0,-6839.758422315121
76707.0,-6839.732049614191
76708.0,-6839.705676913261
76709.0,-6839.679304212332
76710.0,-6839.652931511402
76711.0,-6839.6265588104725
76712.0,-6839.600186109543
76713.0,-6839.573813408613
76714.0,-6839.547440707684
76715.0,-6839.521068006754
76716.0,-6839.494695305824
76717.0,-6839.468322604895
76718.0,-6839.441949903965
76719.0,-6839.415577203035
76720.0,-6839.389204502106
76721.0,-6839.362831801176
76722.0,-6839.336459100246
76723.0,-6839.310086399317
76724.0,-6839.283713698387
76725.0,-6839.2573409974575
76726.0,-6839.230968296528
76727.0,-6839.204595595598
76728.0,-6839.178222894669
76729.0,-6839.151850193739
76730.0,-6839.125477492809
76731.0,-6839.09910479188
76732.0,-6839.07273209095
76733.0,-6839.04635939002
76734.0,-6839.019986689091
76735.0,-6838.993613988161
76736.0,-6838.967241287231
76737.0,-6838.940868586302
76738.0,-6838.914495885372
76739.0,-6838.8881231844425
76740.0,-6838.861750483513
76741.0,-6838.835377782583
76742.0,-6838.809005081654
76743.0,-6838.782632380724
76744.0,-6838.756259679794
76745.0,-6838.729886978865
76746.0,-6838.703514277935
76747.0,-6838.677141577005
76748.0,-6838.650768876076
76749.0,-6838.624396175146
76750.0,-6838.5980234742165
76751.0,-6838.571650773287
76752.0,-6838.545278072357
76753.0,-6838.5189053714275
76754.0,-6838.492532670498
76755.0,-6838.466159969568
76756.0,-6838.439787268639
76757.0,-6838.413414567709
76758.0,-6838.387041866779
76759.0,-6838.36066916585
76760.0,-6838.33429646492
76761.0,-6838.30792376399
76762.0,-6838.281551063061
76763.0,-6838.255178362131
76764.0,-6838.2288056612015
76765.0,-6838.202432960272
76766.0,-6838.176060259342
76767.0,-6838.149687558413
76768.0,-6838.123314857483
76769.0,-6838.096942156553
76770.0,-6838.070569455624
76771.0,-6838.044196754694
76772.0,-6838.017824053764
76773.0,-6837.991451352835
76774.0,-6837.965078651905
76775.0,-6837.938705950975
76776.0,-6837.912333250046
76777.0,-6837.885960549116
76778.0,-6837.8595878481865
76779.0,-6837.833215147257
76780.0,-6837.806842446327
76781.0,-6837.780469745398
76782.0,-6837.754097044468
76783.0,-6837.727724343538
76784.0,-6837.701351642609
76785.0,-6837.674978941679
76786.0,-6837.648606240749
76787.0,-6837.62223353982
76788.0,-6837.59586083889
76789.0,-6837.56948813796
76790.0,-6837.543115437031
76791.0,-6837.516742736101
76792.0,-6837.4903700351715
76793.0,-6837.463997334242
76794.0,-6837.437624633312
76795.0,-6837.411251932383
76796.0,-6837.384879231453
76797.0,-6837.358506530523
76798.0,-6837.332133829594
76799.0,-6837.305761128664
76800.0,-6837.279388427734
76801.0,-6837.3173035730915
76802.0,-6837.35521871845
76803.0,-6837.393133863807
76804.0,-6837.431049009164
76805.0,-6837.468964154522
76806.0,-6837.506879299879
76807.0,-6837.544794445236
76808.0,-6837.582709590594
76809.0,-6837.620624735951
76810.0,-6837.658539881309
76811.0,-6837.696455026667
76812.0,-6837.734370172024
76813.0,-6837.772285317381
76814.0,-6837.810200462739
76815.0,-6837.848115608096
76816.0,-6837.886030753453
76817.0,-6837.923945898811
76818.0,-6837.9618610441685
76819.0,-6837.999776189526
76820.0,-6838.037691334884
76821.0,-6838.075606480241
76822.0,-6838.113521625598
76823.0,-6838.151436770956
76824.0,-6838.189351916313
76825.0,-6838.22726706167
76826.0,-6838.265182207028
76827.0,-6838.3030973523855
76828.0,-6838.341012497743
76829.0,-6838.378927643101
76830.0,-6838.416842788458
76831.0,-6838.454757933815
76832.0,-6838.492673079173
76833.0,-6838.53058822453
76834.0,-6838.568503369887
76835.0,-6838.606418515245
76836.0,-6838.644333660603
76837.0,-6838.68224880596
76838.0,-6838.720163951318
76839.0,-6838.758079096675
76840.0,-6838.795994242032
76841.0,-6838.83390938739
76842.0,-6838.871824532747
76843.0,-6838.909739678104
76844.0,-6838.9476548234625
76845.0,-6838.98556996882
76846.0,-6839.023485114177
76847.0,-6839.061400259535
76848.0,-6839.099315404892
76849.0,-6839.137230550249
76850.0,-6839.175145695607
76851.0,-6839.213060840964
76852.0,-6839.2509759863215
76853.0,-6839.2888911316795
76854.0,-6839.326806277037
76855.0,-6839.364721422394
76856.0,-6839.402636567752
76857.0,-6839.440551713109
76858.0,-6839.478466858466
76859.0,-6839.516382003824
76860.0,-6839.554297149181
76861.0,-6839.5922122945385
76862.0,-6839.630127439897
76863.0,-6839.668042585254
76864.0,-6839.705957730611
76865.0,-6839.743872875969
76866.0,-6839.781788021326
76867.0,-6839.819703166683
76868.0,-6839.857618312041
76869.0,-6839.895533457398
76870.0,-6839.933448602756
76871.0,-6839.971363748114
76872.0,-6840.009278893471
76873.0,-6840.047194038828
76874.0,-6840.085109184186
76875.0,-6840.123024329543
76876.0,-6840.1609394749
76877.0,-6840.198854620258
76878.0,-6840.2367697656155
76879.0,-6840.274684910973
76880.0,-6840.312600056331
76881.0,-6840.350515201688
76882.0,-6840.388430347045
76883.0,-6840.426345492403
76884.0,-6840.46426063776
76885.0,-6840.502175783117
76886.0,-6840.540090928475
76887.0,-6840.5780060738325
76888.0,-6840.61592121919
76889.0,-6840.653836364548
76890.0,-6840.691751509905
76891.0,-6840.729666655262
76892.0,-6840.76758180062
76893.0,-6840.805496945977
76894.0,-6840.843412091334
76895.0,-6840.881327236692
76896.0,-6840.91924238205
76897.0,-6840.957157527407
76898.0,-6840.995072672765
76899.0,-6841.032987818122
76900.0,-6841.070902963479
76901.0,-6841.108818108837
76902.0,-6841.146733254194
76903.0,-6841.184648399551
76904.0,-6841.2225635449095
76905.0,-6841.260478690267
76906.0,-6841.298393835624
76907.0,-6841.336308980982
76908.0,-6841.374224126339
76909.0,-6841.412139271696
76910.0,-6841.450054417054
76911.0,-6841.487969562411
76912.0,-6841.5258847077685
76913.0,-6841.5637998531265
76914.0,-6841.601714998484
76915.0,-6841.639630143841
76916.0,-6841.677545289199
76917.0,-6841.715460434556
76918.0,-6841.753375579913
76919.0,-6841.791290725271
76920.0,-6841.829205870628
76921.0,-6841.8671210159855
76922.0,-6841.905036161344
76923.0,-6841.942951306701
76924.0,-6841.980866452058
76925.0,-6842.018781597416
76926.0,-6842.056696742773
76927.0,-6842.09461188813
76928.0,-6842.132527033488
76929.0,-6842.170442178845
76930.0,-6842.208357324203
76931.0,-6842.246272469561
76932.0,-6842.284187614918
76933.0,-6842.322102760275
76934.0,-6842.360017905633
76935.0,-6842.39793305099
76936.0,-6842.435848196347
76937.0,-6842.473763341705
76938.0,-6842.511678487062
76939.0,-6842.54959363242
76940.0,-6842.587508777778
76941.0,-6842.625423923135
76942.0,-6842.663339068492
76943.0,-6842.70125421385
76944.0,-6842.739169359207
76945.0,-6842.777084504564
76946.0,-6842.814999649922
76947.0,-6842.8529147952795
76948.0,-6842.890829940637
76949.0,-6842.928745085995
76950.0,-6842.966660231352
76951.0,-6843.004575376709
76952.0,-6843.042490522067
76953.0,-6843.080405667424
76954.0,-6843.118320812781
76955.0,-6843.156235958139
76956.0,-6843.194151103497
76957.0,-6843.232066248854
76958.0,-6843.269981394212
76959.0,-6843.307896539569
76960.0,-6843.345811684926
76961.0,-6843.383726830284
76962.0,-6843.421641975641
76963.0,-6843.459557120998
76964.0,-6843.497472266356
76965.0,-6843.535387411714
76966.0,-6843.573302557071
76967.0,-6843.611217702429
76968.0,-6843.649132847786
76969.0,-6843.687047993143
76970.0,-6843.724963138501
76971.0,-6843.762878283858
76972.0,-6843.800793429215
76973.0,-6843.8387085745735
76974.0,-6843.876623719931
76975.0,-6843.914538865288
76976.0,-6843.952454010646
76977.0,-6843.990369156003
76978.0,-6844.02828430136
76979.0,-6844.066199446718
76980.0,-6844.104114592075
76981.0,-6844.1420297374325
76982.0,-6844.179944882791
76983.0,-6844.217860028148
76984.0,-6844.255775173505
76985.0,-6844.293690318863
76986.0,-6844.33160546422
76987.0,-6844.369520609577
76988.0,-6844.407435754935
76989.0,-6844.445350900292
76990.0,-6844.4832660456495
76991.0,-6844.521181191008
76992.0,-6844.559096336365
76993.0,-6844.597011481722
76994.0,-6844.63492662708
76995.0,-6844.672841772437
76996.0,-6844.710756917794
76997.0,-6844.748672063152
76998.0,-6844.786587208509
76999.0,-6844.824502353867
77000.0,-6844.862417499225
77001.0,-6844.900332644582
77002.0,-6844.938247789939
77003.0,-6844.976162935297
77004.0,-6845.014078080654
77005.0,-6845.051993226011
77006.0,-6845.089908371369
77007.0,-6845.1278235167265
77008.0,-6845.165738662084
77009.0,-6845.203653807442
77010.0,-6845.241568952799
77011.0,-6845.279484098156
77012.0,-6845.317399243514
77013.0,-6845.355314388871
77014.0,-6845.393229534228
77015.0,-6845.431144679586
77016.0,-6845.4690598249435
77017.0,-6845.506974970301
77018.0,-6845.544890115659
77019.0,-6845.582805261016
77020.0,-6845.620720406373
77021.0,-6845.658635551731
77022.0,-6845.696550697088
77023.0,-6845.734465842445
77024.0,-6845.772380987803
77025.0,-6845.810296133161
77026.0,-6845.848211278518
77027.0,-6845.886126423876
77028.0,-6845.924041569233
77029.0,-6845.96195671459
77030.0,-6845.999871859948
77031.0,-6846.037787005305
77032.0,-6846.075702150662
77033.0,-6846.1136172960205
77034.0,-6846.151532441378
77035.0,-6846.189447586735
77036.0,-6846.227362732093
77037.0,-6846.26527787745
77038.0,-6846.303193022807
77039.0,-6846.341108168165
77040.0,-6846.379023313522
77041.0,-6846.4169384588795
77042.0,-6846.4548536042375
77043.0,-6846.492768749595
77044.0,-6846.530683894952
77045.0,-6846.56859904031
77046.0,-6846.606514185667
77047.0,-6846.644429331024
77048.0,-6846.682344476382
77049.0,-6846.720259621739
77050.0,-6846.7581747670965
77051.0,-6846.796089912455
77052.0,-6846.834005057812
77053.0,-6846.871920203169
77054.0,-6846.909835348527
77055.0,-6846.947750493884
77056.0,-6846.985665639241
77057.0,-6847.023580784599
77058.0,-6847.061495929956
77059.0,-6847.099411075314
77060.0,-6847.137326220672
77061.0,-6847.175241366029
77062.0,-6847.213156511386
77063.0,-6847.251071656744
77064.0,-6847.288986802101
77065.0,-6847.326901947458
77066.0,-6847.364817092816
77067.0,-6847.4027322381735
77068.0,-6847.440647383531
77069.0,-6847.478562528889
77070.0,-6847.516477674246
77071.0,-6847.554392819603
77072.0,-6847.592307964961
77073.0,-6847.630223110318
77074.0,-6847.668138255675
77075.0,-6847.706053401033
77076.0,-6847.7439685463905
77077.0,-6847.781883691748
77078.0,-6847.819798837106
77079.0,-6847.857713982463
77080.0,-6847.89562912782
77081.0,-6847.933544273178
77082.0,-6847.971459418535
77083.0,-6848.009374563892
77084.0,-6848.04728970925
77085.0,-6848.085204854608
77086.0,-6848.123119999965
77087.0,-6848.161035145323
77088.0,-6848.19895029068
77089.0,-6848.236865436037
77090.0,-6848.274780581395
77091.0,-6848.312695726752
77092.0,-6848.350610872109
77093.0,-6848.3885260174675
77094.0,-6848.426441162825
77095.0,-6848.464356308182
77096.0,-6848.50227145354
77097.0,-6848.540186598897
77098.0,-6848.578101744254
77099.0,-6848.616016889612
77100.0,-6848.653932034969
77101.0,-6848.6918471803265
77102.0,-6848.7297623256845
77103.0,-6848.767677471042
77104.0,-6848.805592616399
77105.0,-6848.843507761757
77106.0,-6848.881422907114
77107.0,-6848.919338052471
77108.0,-6848.957253197829
77109.0,-6848.995168343186
77110.0,-6849.0330834885435
77111.0,-6849.070998633902
77112.0,-6849.108913779259
77113.0,-6849.146828924616
77114.0,-6849.184744069974
77115.0,-6849.222659215331
77116.0,-6849.260574360688
77117.0,-6849.298489506046
77118.0,-6849.336404651403
77119.0,-6849.374319796761
77120.0,-6849.412234942119
77121.0,-6849.450150087476
77122.0,-6849.488065232833
77123.0,-6849.525980378191
77124.0,-6849.563895523548
77125.0,-6849.601810668905
77126.0,-6849.639725814263
77127.0,-6849.6776409596205
77128.0,-6849.715556104978
77129.0,-6849.753471250336
77130.0,-6849.791386395693
77131.0,-6849.82930154105
77132.0,-6849.867216686408
77133.0,-6849.905131831765
77134.0,-6849.943046977122
77135.0,-6849.98096212248
77136.0,-6850.0188772678375
77137.0,-6850.056792413195
77138.0,-6850.094707558553
77139.0,-6850.13262270391
77140.0,-6850.170537849267
77141.0,-6850.208452994625
77142.0,-6850.246368139982
77143.0,-6850.284283285339
77144.0,-6850.322198430697
77145.0,-6850.360113576055
77146.0,-6850.398028721412
77147.0,-6850.43594386677
77148.0,-6850.473859012127
77149.0,-6850.511774157484
77150.0,-6850.549689302842
77151.0,-6850.587604448199
77152.0,-6850.625519593556
77153.0,-6850.6634347389145
77154.0,-6850.701349884272
77155.0,-6850.739265029629
77156.0,-6850.777180174987
77157.0,-6850.815095320344
77158.0,-6850.853010465701
77159.0,-6850.890925611059
77160.0,-6850.928840756416
77161.0,-6850.9667559017735
77162.0,-6851.0046710471315
77163.0,-6851.042586192489
77164.0,-6851.080501337846
77165.0,-6851.118416483204
77166.0,-6851.156331628561
77167.0,-6851.194246773918
77168.0,-6851.232161919276
77169.0,-6851.270077064633
77170.0,-6851.3079922099905
77171.0,-6851.345907355349
77172.0,-6851.383822500706
77173.0,-6851.421737646063
77174.0,-6851.459652791421
77175.0,-6851.497567936778
77176.0,-6851.535483082135
77177.0,-6851.573398227493
77178.0,-6851.61131337285
77179.0,-6851.649228518208
77180.0,-6851.687143663566
77181.0,-6851.725058808923
77182.0,-6851.76297395428
77183.0,-6851.800889099638
77184.0,-6851.838804244995
77185.0,-6851.876719390352
77186.0,-6851.91463453571
77187.0,-6851.9525496810675
77188.0,-6851.990464826425
77189.0,-6852.028379971783
77190.0,-6852.06629511714
77191.0,-6852.104210262497
77192.0,-6852.142125407855
77193.0,-6852.180040553212
77194.0,-6852.217955698569
77195.0,-6852.255870843927
77196.0,-6852.2937859892845
77197.0,-6852.331701134642
77198.0,-6852.36961628
77199.0,-6852.407531425357
77200.0,-6852.445446570714
77201.0,-6852.483361716072
77202.0,-6852.521276861429
77203.0,-6852.559192006786
77204.0,-6852.597107152144
77205.0,-6852.635022297502
77206.0,-6852.672937442859
77207.0,-6852.710852588217
77208.0,-6852.748767733574
77209.0,-6852.786682878931
77210.0,-6852.824598024289
77211.0,-6852.862513169646
77212.0,-6852.900428315003
77213.0,-6852.9383434603615
77214.0,-6852.976258605719
77215.0,-6853.014173751076
77216.0,-6853.052088896434
77217.0,-6853.090004041791
77218.0,-6853.127919187148
77219.0,-6853.165834332506
77220.0,-6853.203749477863
77221.0,-6853.2416646232205
77222.0,-6853.2795797685785
77223.0,-6853.317494913936
77224.0,-6853.355410059293
77225.0,-6853.393325204651
77226.0,-6853.431240350008
77227.0,-6853.469155495365
77228.0,-6853.507070640723
77229.0,-6853.54498578608
77230.0,-6853.5829009314375
77231.0,-6853.620816076796
77232.0,-6853.658731222153
77233.0,-6853.69664636751
77234.0,-6853.734561512868
77235.0,-6853.772476658225
77236.0,-6853.810391803582
77237.0,-6853.84830694894
77238.0,-6853.886222094297
77239.0,-6853.924137239655
77240.0,-6853.962052385013
77241.0,-6853.99996753037
77242.0,-6854.037882675727
77243.0,-6854.075797821085
77244.0,-6854.113712966442
77245.0,-6854.151628111799
77246.0,-6854.189543257157
77247.0,-6854.2274584025145
77248.0,-6854.265373547872
77249.0,-6854.30328869323
77250.0,-6854.341203838587
77251.0,-6854.379118983944
77252.0,-6854.417034129302
77253.0,-6854.454949274659
77254.0,-6854.492864420016
77255.0,-6854.530779565374
77256.0,-6854.5686947107315
77257.0,-6854.606609856089
77258.0,-6854.644525001447
77259.0,-6854.682440146804
77260.0,-6854.720355292161
77261.0,-6854.758270437519
77262.0,-6854.796185582876
77263.0,-6854.834100728233
77264.0,-6854.872015873591
77265.0,-6854.909931018949
77266.0,-6854.947846164306
77267.0,-6854.985761309664
77268.0,-6855.023676455021
77269.0,-6855.061591600378
77270.0,-6855.099506745736
77271.0,-6855.137421891093
77272.0,-6855.17533703645
77273.0,-6855.2132521818085
77274.0,-6855.251167327166
77275.0,-6855.289082472523
77276.0,-6855.326997617881
77277.0,-6855.364912763238
77278.0,-6855.402827908595
77279.0,-6855.440743053953
77280.0,-6855.47865819931
77281.0,-6855.516573344667
77282.0,-6855.5544884900255
77283.0,-6855.592403635383
77284.0,-6855.63031878074
77285.0,-6855.668233926098
77286.0,-6855.706149071455
77287.0,-6855.744064216812
77288.0,-6855.78197936217
77289.0,-6855.819894507527
77290.0,-6855.8578096528845
77291.0,-6855.895724798243
77292.0,-6855.9336399436
77293.0,-6855.971555088957
77294.0,-6856.009470234315
77295.0,-6856.047385379672
77296.0,-6856.085300525029
77297.0,-6856.123215670387
77298.0,-6856.161130815744
77299.0,-6856.199045961102
77300.0,-6856.23696110646
77301.0,-6856.274876251817
77302.0,-6856.312791397174
77303.0,-6856.350706542532
77304.0,-6856.388621687889
77305.0,-6856.426536833246
77306.0,-6856.464451978604
77307.0,-6856.502367123961
77308.0,-6856.540282269319
77309.0,-6856.578197414677
77310.0,-6856.616112560034
77311.0,-6856.654027705391
77312.0,-6856.691942850749
77313.0,-6856.729857996106
77314.0,-6856.767773141463
77315.0,-6856.805688286821
77316.0,-6856.8436034321785
77317.0,-6856.881518577536
77318.0,-6856.919433722894
77319.0,-6856.957348868251
77320.0,-6856.995264013608
77321.0,-6857.033179158966
77322.0,-6857.071094304323
77323.0,-6857.10900944968
77324.0,-6857.146924595038
77325.0,-6857.184839740396
77326.0,-6857.222754885753
77327.0,-6857.260670031111
77328.0,-6857.298585176468
77329.0,-6857.336500321825
77330.0,-6857.374415467183
77331.0,-6857.41233061254
77332.0,-6857.450245757897
77333.0,-6857.488160903255
77334.0,-6857.526076048613
77335.0,-6857.56399119397
77336.0,-6857.601906339328
77337.0,-6857.639821484685
77338.0,-6857.677736630042
77339.0,-6857.7156517754
77340.0,-6857.753566920757
77341.0,-6857.791482066114
77342.0,-6857.8293972114725
77343.0,-6857.86731235683
77344.0,-6857.905227502187
77345.0,-6857.943142647545
77346.0,-6857.981057792902
77347.0,-6858.018972938259
77348.0,-6858.056888083617
77349.0,-6858.094803228974
77350.0,-6858.1327183743315
77351.0,-6858.1706335196895
77352.0,-6858.208548665047
77353.0,-6858.246463810404
77354.0,-6858.284378955762
77355.0,-6858.322294101119
77356.0,-6858.360209246476
77357.0,-6858.398124391834
77358.0,-6858.436039537191
77359.0,-6858.4739546825485
77360.0,-6858.511869827907
77361.0,-6858.549784973264
77362.0,-6858.587700118621
77363.0,-6858.625615263979
77364.0,-6858.663530409336
77365.0,-6858.701445554693
77366.0,-6858.739360700051
77367.0,-6858.777275845408
77368.0,-6858.815190990766
77369.0,-6858.853106136124
77370.0,-6858.891021281481
77371.0,-6858.928936426838
77372.0,-6858.966851572196
77373.0,-6859.004766717553
77374.0,-6859.04268186291
77375.0,-6859.080597008268
77376.0,-6859.1185121536255
77377.0,-6859.156427298983
77378.0,-6859.194342444341
77379.0,-6859.232257589698
77380.0,-6859.270172735055
77381.0,-6859.308087880413
77382.0,-6859.34600302577
77383.0,-6859.383918171127
77384.0,-6859.421833316485
77385.0,-6859.4597484618425
77386.0,-6859.4976636072
77387.0,-6859.535578752558
77388.0,-6859.573493897915
77389.0,-6859.611409043272
77390.0,-6859.64932418863
77391.0,-6859.687239333987
77392.0,-6859.725154479344
77393.0,-6859.763069624702
77394.0,-6859.80098477006
77395.0,-6859.838899915417
77396.0,-6859.876815060775
77397.0,-6859.914730206132
77398.0,-6859.952645351489
77399.0,-6859.990560496847
77400.0,-6860.028475642204
77401.0,-6860.066390787561
77402.0,-6860.1043059329195
77403.0,-6860.142221078277
77404.0,-6860.180136223634
77405.0,-6860.218051368992
77406.0,-6860.255966514349
77407.0,-6860.293881659706
77408.0,-6860.331796805064
77409.0,-6860.369711950421
77410.0,-6860.4076270957785
77411.0,-6860.4455422411365
77412.0,-6860.483457386494
77413.0,-6860.521372531851
77414.0,-6860.559287677209
77415.0,-6860.597202822566
77416.0,-6860.635117967923
77417.0,-6860.673033113281
77418.0,-6860.710948258638
77419.0,-6860.7488634039955
77420.0,-6860.786778549354
77421.0,-6860.824693694711
77422.0,-6860.862608840068
77423.0,-6860.900523985426
77424.0,-6860.938439130783
77425.0,-6860.97635427614
77426.0,-6861.014269421498
77427.0,-6861.052184566855
77428.0,-6861.090099712213
77429.0,-6861.128014857571
77430.0,-6861.165930002928
77431.0,-6861.203845148285
77432.0,-6861.241760293643
77433.0,-6861.279675439
77434.0,-6861.317590584357
77435.0,-6861.355505729715
77436.0,-6861.3934208750725
77437.0,-6861.43133602043
77438.0,-6861.469251165788
77439.0,-6861.507166311145
77440.0,-6861.545081456502
77441.0,-6861.58299660186
77442.0,-6861.620911747217
77443.0,-6861.658826892574
77444.0,-6861.696742037932
77445.0,-6861.7346571832895
77446.0,-6861.772572328647
77447.0,-6861.810487474005
77448.0,-6861.848402619362
77449.0,-6861.886317764719
77450.0,-6861.924232910077
77451.0,-6861.962148055434
77452.0,-6862.000063200791
77453.0,-6862.037978346149
77454.0,-6862.075893491507
77455.0,-6862.113808636864
77456.0,-6862.151723782222
77457.0,-6862.189638927579
77458.0,-6862.227554072936
77459.0,-6862.265469218294
77460.0,-6862.303384363651
77461.0,-6862.341299509008
77462.0,-6862.3792146543665
77463.0,-6862.417129799724
77464.0,-6862.455044945081
77465.0,-6862.492960090439
77466.0,-6862.530875235796
77467.0,-6862.568790381153
77468.0,-6862.606705526511
77469.0,-6862.644620671868
77470.0,-6862.6825358172255
77471.0,-6862.7204509625835
77472.0,-6862.758366107941
77473.0,-6862.796281253298
77474.0,-6862.834196398656
77475.0,-6862.872111544013
77476.0,-6862.91002668937
77477.0,-6862.947941834728
77478.0,-6862.985856980085
77479.0,-6863.0237721254425
77480.0,-6863.061687270801
77481.0,-6863.099602416158
77482.0,-6863.137517561515
77483.0,-6863.175432706873
77484.0,-6863.21334785223
77485.0,-6863.251262997587
77486.0,-6863.289178142945
77487.0,-6863.327093288302
77488.0,-6863.36500843366
77489.0,-6863.402923579018
77490.0,-6863.440838724375
77491.0,-6863.478753869732
77492.0,-6863.51666901509
77493.0,-6863.554584160447
77494.0,-6863.592499305804
77495.0,-6863.630414451162
77496.0,-6863.6683295965195
77497.0,-6863.706244741877
77498.0,-6863.744159887235
77499.0,-6863.782075032592
77500.0,-6863.819990177949
77501.0,-6863.857905323307
77502.0,-6863.895820468664
77503.0,-6863.933735614021
77504.0,-6863.971650759379
77505.0,-6864.0095659047365
77506.0,-6864.047481050094
77507.0,-6864.085396195452
77508.0,-6864.123311340809
77509.0,-6864.161226486166
77510.0,-6864.199141631524
77511.0,-6864.237056776881
77512.0,-6864.274971922238
77513.0,-6864.312887067596
77514.0,-6864.350802212954
77515.0,-6864.388717358311
77516.0,-6864.426632503669
77517.0,-6864.464547649026
77518.0,-6864.502462794383
77519.0,-6864.540377939741
77520.0,-6864.578293085098
77521.0,-6864.616208230455
77522.0,-6864.6541233758135
77523.0,-6864.692038521171
77524.0,-6864.729953666528
77525.0,-6864.767868811886
77526.0,-6864.805783957243
77527.0,-6864.8436991026
77528.0,-6864.881614247958
77529.0,-6864.919529393315
77530.0,-6864.9574445386725
77531.0,-6864.9953596840305
77532.0,-6865.033274829388
77533.0,-6865.071189974745
77534.0,-6865.109105120103
77535.0,-6865.14702026546
77536.0,-6865.184935410817
77537.0,-6865.222850556175
77538.0,-6865.260765701532
77539.0,-6865.2986808468895
77540.0,-6865.336595992248
77541.0,-6865.374511137605
77542.0,-6865.412426282962
77543.0,-6865.45034142832
77544.0,-6865.488256573677
77545.0,-6865.526171719034
77546.0,-6865.564086864392
77547.0,-6865.602002009749
77548.0,-6865.639917155107
77549.0,-6865.677832300465
77550.0,-6865.715747445822
77551.0,-6865.753662591179
77552.0,-6865.791577736537
77553.0,-6865.829492881894
77554.0,-6865.867408027251
77555.0,-6865.905323172609
77556.0,-6865.9432383179665
77557.0,-6865.981153463324
77558.0,-6866.019068608682
77559.0,-6866.056983754039
77560.0,-6866.094898899396
77561.0,-6866.132814044754
77562.0,-6866.170729190111
77563.0,-6866.208644335468
77564.0,-6866.246559480826
77565.0,-6866.2844746261835
77566.0,-6866.322389771541
77567.0,-6866.360304916899
77568.0,-6866.398220062256
77569.0,-6866.436135207613
77570.0,-6866.474050352971
77571.0,-6866.511965498328
77572.0,-6866.549880643685
77573.0,-6866.587795789043
77574.0,-6866.625710934401
77575.0,-6866.663626079758
77576.0,-6866.701541225116
77577.0,-6866.739456370473
77578.0,-6866.77737151583
77579.0,-6866.815286661188
77580.0,-6866.853201806545
77581.0,-6866.891116951902
77582.0,-6866.9290320972605
77583.0,-6866.966947242618
77584.0,-6867.004862387975
77585.0,-6867.042777533333
77586.0,-6867.08069267869
77587.0,-6867.118607824047
77588.0,-6867.156522969405
77589.0,-6867.194438114762
77590.0,-6867.232353260119
77591.0,-6867.2702684054775
77592.0,-6867.308183550835
77593.0,-6867.346098696192
77594.0,-6867.38401384155
77595.0,-6867.421928986907
77596.0,-6867.459844132264
77597.0,-6867.497759277622
77598.0,-6867.535674422979
77599.0,-6867.5735895683365
77600.0,-6867.611504713695
77601.0,-6867.649419859052
77602.0,-6867.687335004409
77603.0,-6867.725250149767
77604.0,-6867.763165295124
77605.0,-6867.801080440481
77606.0,-6867.838995585839
77607.0,-6867.876910731196
77608.0,-6867.914825876554
77609.0,-6867.952741021912
77610.0,-6867.990656167269
77611.0,-6868.028571312626
77612.0,-6868.066486457984
77613.0,-6868.104401603341
77614.0,-6868.142316748698
77615.0,-6868.180231894056
77616.0,-6868.218147039413
77617.0,-6868.256062184771
77618.0,-6868.293977330129
77619.0,-6868.331892475486
77620.0,-6868.369807620843
77621.0,-6868.407722766201
77622.0,-6868.445637911558
77623.0,-6868.483553056915
77624.0,-6868.521468202273
77625.0,-6868.5593833476305
77626.0,-6868.597298492988
77627.0,-6868.635213638346
77628.0,-6868.673128783703
77629.0,-6868.71104392906
77630.0,-6868.748959074418
77631.0,-6868.786874219775
77632.0,-6868.824789365132
77633.0,-6868.86270451049
77634.0,-6868.900619655848
77635.0,-6868.938534801205
77636.0,-6868.976449946563
77637.0,-6869.01436509192
77638.0,-6869.052280237277
77639.0,-6869.090195382635
77640.0,-6869.128110527992
77641.0,-6869.166025673349
77642.0,-6869.203940818707
77643.0,-6869.241855964065
77644.0,-6869.279771109422
77645.0,-6869.31768625478
77646.0,-6869.355601400137
77647.0,-6869.393516545494
77648.0,-6869.431431690852
77649.0,-6869.469346836209
77650.0,-6869.507261981566
77651.0,-6869.5451771269245
77652.0,-6869.583092272282
77653.0,-6869.621007417639
77654.0,-6869.658922562997
77655.0,-6869.696837708354
77656.0,-6869.734752853711
77657.0,-6869.772667999069
77658.0,-6869.810583144426
77659.0,-6869.8484982897835
77660.0,-6869.886413435142
77661.0,-6869.924328580499
77662.0,-6869.962243725856
77663.0,-6870.000158871214
77664.0,-6870.038074016571
77665.0,-6870.075989161928
77666.0,-6870.113904307286
77667.0,-6870.151819452643
77668.0,-6870.1897345980005
77669.0,-6870.227649743359
77670.0,-6870.265564888716
77671.0,-6870.303480034073
77672.0,-6870.341395179431
77673.0,-6870.379310324788
77674.0,-6870.417225470145
77675.0,-6870.455140615503
77676.0,-6870.49305576086
77677.0,-6870.530970906218
77678.0,-6870.568886051576
77679.0,-6870.606801196933
77680.0,-6870.64471634229
77681.0,-6870.682631487648
77682.0,-6870.720546633005
77683.0,-6870.758461778362
77684.0,-6870.79637692372
77685.0,-6870.8342920690775
77686.0,-6870.872207214435
77687.0,-6870.910122359793
77688.0,-6870.94803750515
77689.0,-6870.985952650507
77690.0,-6871.023867795865
77691.0,-6871.061782941222
77692.0,-6871.099698086579
77693.0,-6871.137613231937
77694.0,-6871.1755283772945
77695.0,-6871.213443522652
77696.0,-6871.25135866801
77697.0,-6871.289273813367
77698.0,-6871.327188958724
77699.0,-6871.365104104082
77700.0,-6871.403019249439
77701.0,-6871.440934394796
77702.0,-6871.478849540154
77703.0,-6871.516764685512
77704.0,-6871.554679830869
77705.0,-6871.592594976227
77706.0,-6871.630510121584
77707.0,-6871.668425266941
77708.0,-6871.706340412299
77709.0,-6871.744255557656
77710.0,-6871.782170703013
77711.0,-6871.8200858483715
77712.0,-6871.858000993729
77713.0,-6871.895916139086
77714.0,-6871.933831284444
77715.0,-6871.971746429801
77716.0,-6872.009661575158
77717.0,-6872.047576720516
77718.0,-6872.085491865873
77719.0,-6872.1234070112305
77720.0,-6872.1613221565885
77721.0,-6872.199237301946
77722.0,-6872.237152447303
77723.0,-6872.275067592661
77724.0,-6872.312982738018
77725.0,-6872.350897883375
77726.0,-6872.388813028733
77727.0,-6872.42672817409
77728.0,-6872.4646433194475
77729.0,-6872.502558464806
77730.0,-6872.540473610163
77731.0,-6872.57838875552
77732.0,-6872.616303900878
77733.0,-6872.654219046235
77734.0,-6872.692134191592
77735.0,-6872.73004933695
77736.0,-6872.767964482307
77737.0,-6872.805879627665
77738.0,-6872.843794773023
77739.0,-6872.88170991838
77740.0,-6872.919625063737
77741.0,-6872.957540209095
77742.0,-6872.995455354452
77743.0,-6873.033370499809
77744.0,-6873.071285645167
77745.0,-6873.1092007905245
77746.0,-6873.147115935882
77747.0,-6873.18503108124
77748.0,-6873.222946226597
77749.0,-6873.260861371954
77750.0,-6873.298776517312
77751.0,-6873.336691662669
77752.0,-6873.374606808026
77753.0,-6873.412521953384
77754.0,-6873.4504370987415
77755.0,-6873.488352244099
77756.0,-6873.526267389457
77757.0,-6873.564182534814
77758.0,-6873.602097680171
77759.0,-6873.640012825529
77760.0,-6873.677927970886
77761.0,-6873.715843116243
77762.0,-6873.753758261601
77763.0,-6873.791673406959
77764.0,-6873.829588552316
77765.0,-6873.867503697674
77766.0,-6873.905418843031
77767.0,-6873.943333988388
77768.0,-6873.981249133746
77769.0,-6874.019164279103
77770.0,-6874.05707942446
77771.0,-6874.0949945698185
77772.0,-6874.132909715176
77773.0,-6874.170824860533
77774.0,-6874.208740005891
77775.0,-6874.246655151248
77776.0,-6874.284570296605
77777.0,-6874.322485441963
77778.0,-6874.36040058732
77779.0,-6874.3983157326775
77780.0,-6874.4362308780355
77781.0,-6874.474146023393
77782.0,-6874.51206116875
77783.0,-6874.549976314108
77784.0,-6874.587891459465
77785.0,-6874.625806604822
77786.0,-6874.66372175018
77787.0,-6874.701636895537
77788.0,-6874.7395520408945
77789.0,-6874.777467186253
77790.0,-6874.81538233161
77791.0,-6874.853297476967
77792.0,-6874.891212622325
77793.0,-6874.929127767682
77794.0,-6874.967042913039
77795.0,-6875.004958058397
77796.0,-6875.042873203754
77797.0,-6875.080788349112
77798.0,-6875.11870349447
77799.0,-6875.156618639827
77800.0,-6875.194533785184
77801.0,-6875.232448930542
77802.0,-6875.270364075899
77803.0,-6875.308279221256
77804.0,-6875.346194366614
77805.0,-6875.3841095119715
77806.0,-6875.422024657329
77807.0,-6875.459939802687
77808.0,-6875.497854948044
77809.0,-6875.535770093401
77810.0,-6875.573685238759
77811.0,-6875.611600384116
77812.0,-6875.649515529473
77813.0,-6875.687430674831
77814.0,-6875.7253458201885
77815.0,-6875.763260965546
77816.0,-6875.801176110904
77817.0,-6875.839091256261
77818.0,-6875.877006401618
77819.0,-6875.914921546976
77820.0,-6875.952836692333
77821.0,-6875.99075183769
77822.0,-6876.028666983048
77823.0,-6876.066582128406
77824.0,-6876.104497273763
77825.0,-6876.121510302027
77826.0,-6876.138523330291
77827.0,-6876.155536358555
77828.0,-6876.172549386819
77829.0,-6876.189562415083
77830.0,-6876.206575443347
77831.0,-6876.223588471611
77832.0,-6876.240601499875
77833.0,-6876.257614528139
77834.0,-6876.274627556403
77835.0,-6876.291640584667
77836.0,-6876.308653612931
77837.0,-6876.325666641195
77838.0,-6876.342679669459
77839.0,-6876.359692697723
77840.0,-6876.376705725987
77841.0,-6876.3937187542515
77842.0,-6876.4107317825155
77843.0,-6876.42774481078
77844.0,-6876.444757839044
77845.0,-6876.461770867308
77846.0,-6876.478783895572
77847.0,-6876.495796923836
77848.0,-6876.5128099521
77849.0,-6876.529822980364
77850.0,-6876.546836008628
77851.0,-6876.563849036892
77852.0,-6876.580862065156
77853.0,-6876.59787509342
77854.0,-6876.614888121684
77855.0,-6876.631901149948
77856.0,-6876.648914178212
77857.0,-6876.665927206476
77858.0,-6876.68294023474
77859.0,-6876.699953263004
77860.0,-6876.716966291268
77861.0,-6876.733979319532
77862.0,-6876.7509923477965
77863.0,-6876.7680053760605
77864.0,-6876.785018404325
77865.0,-6876.802031432589
77866.0,-6876.819044460853
77867.0,-6876.836057489117
77868.0,-6876.853070517381
77869.0,-6876.870083545645
77870.0,-6876.887096573909
77871.0,-6876.904109602173
77872.0,-6876.921122630437
77873.0,-6876.938135658701
77874.0,-6876.955148686965
77875.0,-6876.972161715229
77876.0,-6876.989174743493
77877.0,-6877.006187771757
77878.0,-6877.023200800021
77879.0,-6877.040213828285
77880.0,-6877.057226856549
77881.0,-6877.074239884813
77882.0,-6877.091252913077
77883.0,-6877.108265941341
77884.0,-6877.1252789696055
77885.0,-6877.1422919978695
77886.0,-6877.159305026134
77887.0,-6877.176318054398
77888.0,-6877.193331082662
77889.0,-6877.210344110926
77890.0,-6877.22735713919
77891.0,-6877.244370167454
77892.0,-6877.261383195718
77893.0,-6877.278396223982
77894.0,-6877.295409252246
77895.0,-6877.31242228051
77896.0,-6877.329435308774
77897.0,-6877.346448337038
77898.0,-6877.363461365302
77899.0,-6877.380474393566
77900.0,-6877.39748742183
77901.0,-6877.414500450094
77902.0,-6877.431513478358
77903.0,-6877.448526506622
77904.0,-6877.465539534886
77905.0,-6877.48255256315
77906.0,-6877.4995655914145
77907.0,-6877.5165786196785
77908.0,-6877.533591647943
77909.0,-6877.550604676207
77910.0,-6877.567617704471
77911.0,-6877.584630732735
77912.0,-6877.601643760999
77913.0,-6877.618656789263
77914.0,-6877.635669817527
77915.0,-6877.652682845791
77916.0,-6877.669695874055
77917.0,-6877.686708902319
77918.0,-6877.703721930583
77919.0,-6877.720734958847
77920.0,-6877.737747987111
77921.0,-6877.754761015375
77922.0,-6877.771774043639
77923.0,-6877.788787071903
77924.0,-6877.805800100167
77925.0,-6877.822813128431
77926.0,-6877.839826156695
77927.0,-6877.856839184959
77928.0,-6877.8738522132235
77929.0,-6877.8908652414875
77930.0,-6877.907878269752
77931.0,-6877.924891298016
77932.0,-6877.94190432628
77933.0,-6877.958917354544
77934.0,-6877.975930382808
77935.0,-6877.992943411072
77936.0,-6878.009956439336
77937.0,-6878.0269694676
77938.0,-6878.043982495864
77939.0,-6878.060995524128
77940.0,-6878.078008552392
77941.0,-6878.095021580656
77942.0,-6878.11203460892
77943.0,-6878.129047637184
77944.0,-6878.146060665448
77945.0,-6878.163073693712
77946.0,-6878.180086721976
77947.0,-6878.19709975024
77948.0,-6878.214112778504
77949.0,-6878.231125806768
77950.0,-6878.2481388350325
77951.0,-6878.2651518632965
77952.0,-6878.282164891561
77953.0,-6878.299177919825
77954.0,-6878.316190948089
77955.0,-6878.333203976353
77956.0,-6878.350217004617
77957.0,-6878.367230032881
77958.0,-6878.384243061145
77959.0,-6878.401256089409
77960.0,-6878.418269117673
77961.0,-6878.435282145937
77962.0,-6878.452295174201
77963.0,-6878.469308202465
77964.0,-6878.486321230729
77965.0,-6878.503334258993
77966.0,-6878.520347287257
77967.0,-6878.537360315521
77968.0,-6878.554373343785
77969.0,-6878.571386372049
77970.0,-6878.588399400313
77971.0,-6878.605412428577
77972.0,-6878.6224254568415
77973.0,-6878.6394384851055
77974.0,-6878.65645151337
77975.0,-6878.673464541634
77976.0,-6878.690477569898
77977.0,-6878.707490598162
77978.0,-6878.724503626426
77979.0,-6878.74151665469
77980.0,-6878.758529682954
77981.0,-6878.775542711218
77982.0,-6878.792555739482
77983.0,-6878.809568767746
77984.0,-6878.82658179601
77985.0,-6878.843594824274
77986.0,-6878.860607852538
77987.0,-6878.877620880802
77988.0,-6878.894633909066
77989.0,-6878.91164693733
77990.0,-6878.928659965594
77991.0,-6878.945672993858
77992.0,-6878.962686022122
77993.0,-6878.979699050386
77994.0,-6878.9967120786505
77995.0,-6879.0137251069145
77996.0,-6879.030738135179
77997.0,-6879.047751163443
77998.0,-6879.064764191707
77999.0,-6879.081777219971
78000.0,-6879.098790248235
78001.0,-6879.115803276499
78002.0,-6879.132816304763
78003.0,-6879.149829333027
78004.0,-6879.166842361291
78005.0,-6879.183855389555
78006.0,-6879.200868417819
78007.0,-6879.217881446083
78008.0,-6879.234894474347
78009.0,-6879.251907502611
78010.0,-6879.268920530875
78011.0,-6879.285933559139
78012.0,-6879.302946587403
78013.0,-6879.319959615667
78014.0,-6879.336972643931
78015.0,-6879.353985672195
78016.0,-6879.3709987004595
78017.0,-6879.3880117287235
78018.0,-6879.405024756988
78019.0,-6879.422037785252
78020.0,-6879.439050813516
78021.0,-6879.45606384178
78022.0,-6879.473076870044
78023.0,-6879.490089898308
78024.0,-6879.507102926572
78025.0,-6879.524115954836
78026.0,-6879.5411289831
78027.0,-6879.558142011364
78028.0,-6879.575155039628
78029.0,-6879.592168067892
78030.0,-6879.609181096156
78031.0,-6879.62619412442
78032.0,-6879.643207152684
78033.0,-6879.660220180948
78034.0,-6879.677233209212
78035.0,-6879.694246237476
78036.0,-6879.71125926574
78037.0,-6879.7282722940045
78038.0,-6879.7452853222685
78039.0,-6879.762298350533
78040.0,-6879.779311378797
78041.0,-6879.796324407061
78042.0,-6879.813337435325
78043.0,-6879.830350463589
78044.0,-6879.847363491853
78045.0,-6879.864376520117
78046.0,-6879.881389548381
78047.0,-6879.898402576645
78048.0,-6879.915415604909
78049.0,-6879.932428633173
78050.0,-6879.949441661437
78051.0,-6879.966454689701
78052.0,-6879.983467717965
78053.0,-6880.000480746229
78054.0,-6880.017493774493
78055.0,-6880.034506802757
78056.0,-6880.051519831021
78057.0,-6880.068532859285
78058.0,-6880.085545887549
78059.0,-6880.1025589158135
78060.0,-6880.1195719440775
78061.0,-6880.136584972342
78062.0,-6880.153598000606
78063.0,-6880.17061102887
78064.0,-6880.187624057134
78065.0,-6880.204637085398
78066.0,-6880.221650113662
78067.0,-6880.238663141926
78068.0,-6880.25567617019
78069.0,-6880.272689198454
78070.0,-6880.289702226718
78071.0,-6880.306715254982
78072.0,-6880.323728283246
78073.0,-6880.34074131151
78074.0,-6880.357754339774
78075.0,-6880.374767368038
78076.0,-6880.391780396302
78077.0,-6880.408793424566
78078.0,-6880.42580645283
78079.0,-6880.442819481094
78080.0,-6880.459832509358
78081.0,-6880.4768455376225
78082.0,-6880.4938585658865
78083.0,-6880.510871594151
78084.0,-6880.527884622415
78085.0,-6880.544897650679
78086.0,-6880.561910678943
78087.0,-6880.578923707207
78088.0,-6880.595936735471
78089.0,-6880.612949763735
78090.0,-6880.629962791999
78091.0,-6880.646975820263
78092.0,-6880.663988848527
78093.0,-6880.681001876791
78094.0,-6880.698014905055
78095.0,-6880.715027933319
78096.0,-6880.732040961583
78097.0,-6880.749053989847
78098.0,-6880.766067018111
78099.0,-6880.783080046375
78100.0,-6880.800093074639
78101.0,-6880.817106102903
78102.0,-6880.834119131167
78103.0,-6880.8511321594315
78104.0,-6880.8681451876955
78105.0,-6880.88515821596
78106.0,-6880.902171244224
78107.0,-6880.919184272488
78108.0,-6880.936197300752
78109.0,-6880.953210329016
78110.0,-6880.97022335728
78111.0,-6880.987236385544
78112.0,-6881.004249413808
78113.0,-6881.021262442072
78114.0,-6881.038275470336
78115.0,-6881.0552884986
78116.0,-6881.072301526864
78117.0,-6881.089314555128
78118.0,-6881.106327583392
78119.0,-6881.123340611656
78120.0,-6881.14035363992
78121.0,-6881.157366668184
78122.0,-6881.174379696448
78123.0,-6881.191392724712
78124.0,-6881.208405752976
78125.0,-6881.2254187812405
78126.0,-6881.2424318095045
78127.0,-6881.259444837769
78128.0,-6881.276457866033
78129.0,-6881.293470894297
78130.0,-6881.310483922561
78131.0,-6881.327496950825
78132.0,-6881.344509979089
78133.0,-6881.361523007353
78134.0,-6881.378536035617
78135.0,-6881.395549063881
78136.0,-6881.412562092145
78137.0,-6881.429575120409
78138.0,-6881.446588148673
78139.0,-6881.463601176937
78140.0,-6881.480614205201
78141.0,-6881.497627233465
78142.0,-6881.514640261729
78143.0,-6881.531653289993
78144.0,-6881.548666318257
78145.0,-6881.565679346521
78146.0,-6881.582692374785
78147.0,-6881.5997054030495
78148.0,-6881.6167184313135
78149.0,-6881.633731459578
78150.0,-6881.650744487842
78151.0,-6881.667757516106
78152.0,-6881.68477054437
78153.0,-6881.701783572634
78154.0,-6881.718796600898
78155.0,-6881.735809629162
78156.0,-6881.752822657426
78157.0,-6881.76983568569
78158.0,-6881.786848713954
78159.0,-6881.803861742218
78160.0,-6881.820874770482
78161.0,-6881.837887798746
78162.0,-6881.85490082701
78163.0,-6881.871913855274
78164.0,-6881.888926883538
78165.0,-6881.905939911802
78166.0,-6881.922952940066
78167.0,-6881.93996596833
78168.0,-6881.956978996594
78169.0,-6881.9739920248585
78170.0,-6881.9910050531225
78171.0,-6882.008018081387
78172.0,-6882.025031109651
78173.0,-6882.042044137915
78174.0,-6882.059057166179
78175.0,-6882.076070194443
78176.0,-6882.093083222707
78177.0,-6882.110096250971
78178.0,-6882.127109279235
78179.0,-6882.144122307499
78180.0,-6882.161135335763
78181.0,-6882.178148364027
78182.0,-6882.195161392291
78183.0,-6882.212174420555
78184.0,-6882.229187448819
78185.0,-6882.246200477083
78186.0,-6882.263213505347
78187.0,-6882.280226533611
78188.0,-6882.297239561875
78189.0,-6882.314252590139
78190.0,-6882.331265618403
78191.0,-6882.3482786466675
78192.0,-6882.3652916749315
78193.0,-6882.382304703196
78194.0,-6882.39931773146
78195.0,-6882.416330759724
78196.0,-6882.433343787988
78197.0,-6882.450356816252
78198.0,-6882.467369844516
78199.0,-6882.48438287278
78200.0,-6882.501395901044
78201.0,-6882.518408929308
78202.0,-6882.535421957572
78203.0,-6882.552434985836
78204.0,-6882.5694480141
78205.0,-6882.586461042364
78206.0,-6882.603474070628
78207.0,-6882.620487098892
78208.0,-6882.637500127156
78209.0,-6882.65451315542
78210.0,-6882.671526183684
78211.0,-6882.688539211948
78212.0,-6882.7055522402125
78213.0,-6882.7225652684765
78214.0,-6882.739578296741
78215.0,-6882.756591325005
78216.0,-6882.773604353269
78217.0,-6882.790617381533
78218.0,-6882.807630409797
78219.0,-6882.824643438061
78220.0,-6882.841656466325
78221.0,-6882.858669494589
78222.0,-6882.875682522853
78223.0,-6882.892695551117
78224.0,-6882.909708579381
78225.0,-6882.926721607645
78226.0,-6882.943734635909
78227.0,-6882.960747664173
78228.0,-6882.977760692437
78229.0,-6882.994773720701
78230.0,-6883.011786748965
78231.0,-6883.028799777229
78232.0,-6883.045812805493
78233.0,-6883.062825833757
78234.0,-6883.0798388620215
78235.0,-6883.0968518902855
78236.0,-6883.11386491855
78237.0,-6883.130877946814
78238.0,-6883.147890975078
78239.0,-6883.164904003342
78240.0,-6883.181917031606
78241.0,-6883.19893005987
78242.0,-6883.215943088134
78243.0,-6883.232956116398
78244.0,-6883.249969144662
78245.0,-6883.266982172926
78246.0,-6883.28399520119
78247.0,-6883.301008229454
78248.0,-6883.318021257718
78249.0,-6883.335034285982
78250.0,-6883.352047314246
78251.0,-6883.36906034251
78252.0,-6883.386073370774
78253.0,-6883.403086399038
78254.0,-6883.420099427302
78255.0,-6883.437112455566
78256.0,-6883.4541254838305
78257.0,-6883.4711385120945
78258.0,-6883.488151540359
78259.0,-6883.505164568623
78260.0,-6883.522177596887
78261.0,-6883.539190625151
78262.0,-6883.556203653415
78263.0,-6883.573216681679
78264.0,-6883.590229709943
78265.0,-6883.607242738207
78266.0,-6883.624255766471
78267.0,-6883.641268794735
78268.0,-6883.658281822999
78269.0,-6883.675294851263
78270.0,-6883.692307879527
78271.0,-6883.709320907791
78272.0,-6883.726333936055
78273.0,-6883.743346964319
78274.0,-6883.760359992583
78275.0,-6883.777373020847
78276.0,-6883.794386049111
78277.0,-6883.811399077375
78278.0,-6883.8284121056395
78279.0,-6883.8454251339035
78280.0,-6883.862438162168
78281.0,-6883.879451190432
78282.0,-6883.896464218696
78283.0,-6883.91347724696
78284.0,-6883.930490275224
78285.0,-6883.947503303488
78286.0,-6883.964516331752
78287.0,-6883.981529360016
78288.0,-6883.99854238828
78289.0,-6884.015555416544
78290.0,-6884.032568444808
78291.0,-6884.049581473072
78292.0,-6884.066594501336
78293.0,-6884.0836075296
78294.0,-6884.100620557864
78295.0,-6884.117633586128
78296.0,-6884.134646614392
78297.0,-6884.151659642656
78298.0,-6884.16867267092
78299.0,-6884.185685699184
78300.0,-6884.2026987274485
78301.0,-6884.2197117557125
78302.0,-6884.236724783977
78303.0,-6884.253737812241
78304.0,-6884.270750840505
78305.0,-6884.287763868769
78306.0,-6884.304776897033
78307.0,-6884.321789925297
78308.0,-6884.338802953561
78309.0,-6884.355815981825
78310.0,-6884.372829010089
78311.0,-6884.389842038353
78312.0,-6884.406855066617
78313.0,-6884.423868094881
78314.0,-6884.440881123145
78315.0,-6884.457894151409
78316.0,-6884.474907179673
78317.0,-6884.491920207937
78318.0,-6884.508933236201
78319.0,-6884.525946264465
78320.0,-6884.542959292729
78321.0,-6884.559972320993
78322.0,-6884.5769853492575
78323.0,-6884.5939983775215
78324.0,-6884.611011405786
78325.0,-6884.62802443405
78326.0,-6884.645037462314
78327.0,-6884.662050490578
78328.0,-6884.679063518842
78329.0,-6884.696076547106
78330.0,-6884.71308957537
78331.0,-6884.730102603634
78332.0,-6884.747115631898
78333.0,-6884.764128660162
78334.0,-6884.781141688426
78335.0,-6884.79815471669
78336.0,-6884.815167744954
78337.0,-6884.832180773218
78338.0,-6884.849193801482
78339.0,-6884.866206829746
78340.0,-6884.88321985801
78341.0,-6884.900232886274
78342.0,-6884.917245914538
78343.0,-6884.934258942802
78344.0,-6884.9512719710665
78345.0,-6884.9682849993305
78346.0,-6884.985298027595
78347.0,-6885.002311055859
78348.0,-6885.019324084123
78349.0,-6885.036337112387
78350.0,-6885.053350140651
78351.0,-6885.070363168915
78352.0,-6885.087376197179
78353.0,-6885.104389225443
78354.0,-6885.121402253707
78355.0,-6885.138415281971
78356.0,-6885.155428310235
78357.0,-6885.172441338499
78358.0,-6885.189454366763
78359.0,-6885.206467395027
78360.0,-6885.223480423291
78361.0,-6885.240493451555
78362.0,-6885.257506479819
78363.0,-6885.274519508083
78364.0,-6885.291532536347
78365.0,-6885.308545564611
78366.0,-6885.3255585928755
78367.0,-6885.3425716211395
78368.0,-6885.359584649404
78369.0,-6885.376597677668
78370.0,-6885.393610705932
78371.0,-6885.410623734196
78372.0,-6885.42763676246
78373.0,-6885.444649790724
78374.0,-6885.461662818988
78375.0,-6885.478675847252
78376.0,-6885.495688875516
78377.0,-6885.51270190378
78378.0,-6885.529714932044
78379.0,-6885.546727960308
78380.0,-6885.563740988572
78381.0,-6885.580754016836
78382.0,-6885.5977670451
78383.0,-6885.614780073364
78384.0,-6885.631793101628
78385.0,-6885.648806129892
78386.0,-6885.665819158156
78387.0,-6885.6828321864205
78388.0,-6885.6998452146845
78389.0,-6885.716858242949
78390.0,-6885.733871271213
78391.0,-6885.750884299477
78392.0,-6885.767897327741
78393.0,-6885.784910356005
78394.0,-6885.801923384269
78395.0,-6885.818936412533
78396.0,-6885.835949440797
78397.0,-6885.852962469061
78398.0,-6885.869975497325
78399.0,-6885.886988525589
78400.0,-6885.904001553853
78401.0,-6885.921014582117
78402.0,-6885.938027610381
78403.0,-6885.955040638645
78404.0,-6885.972053666909
78405.0,-6885.989066695173
78406.0,-6886.006079723437
78407.0,-6886.023092751701
78408.0,-6886.040105779965
78409.0,-6886.0571188082295
78410.0,-6886.0741318364935
78411.0,-6886.091144864758
78412.0,-6886.108157893022
78413.0,-6886.125170921286
78414.0,-6886.14218394955
78415.0,-6886.159196977814
78416.0,-6886.176210006078
78417.0,-6886.193223034342
78418.0,-6886.210236062606
78419.0,-6886.22724909087
78420.0,-6886.244262119134
78421.0,-6886.261275147398
78422.0,-6886.278288175662
78423.0,-6886.295301203926
78424.0,-6886.31231423219
78425.0,-6886.329327260454
78426.0,-6886.346340288718
78427.0,-6886.363353316982
78428.0,-6886.380366345246
78429.0,-6886.39737937351
78430.0,-6886.414392401774
78431.0,-6886.4314054300385
78432.0,-6886.4484184583025
78433.0,-6886.465431486567
78434.0,-6886.482444514831
78435.0,-6886.499457543095
78436.0,-6886.516470571359
78437.0,-6886.533483599623
78438.0,-6886.550496627887
78439.0,-6886.567509656151
78440.0,-6886.584522684415
78441.0,-6886.601535712679
78442.0,-6886.618548740943
78443.0,-6886.635561769207
78444.0,-6886.652574797471
78445.0,-6886.669587825735
78446.0,-6886.686600853999
78447.0,-6886.703613882263
78448.0,-6886.720626910527
78449.0,-6886.737639938791
78450.0,-6886.754652967055
78451.0,-6886.771665995319
78452.0,-6886.788679023583
78453.0,-6886.8056920518475
78454.0,-6886.8227050801115
78455.0,-6886.839718108376
78456.0,-6886.85673113664
78457.0,-6886.873744164904
78458.0,-6886.890757193168
78459.0,-6886.907770221432
78460.0,-6886.924783249696
78461.0,-6886.94179627796
78462.0,-6886.958809306224
78463.0,-6886.975822334488
78464.0,-6886.992835362752
78465.0,-6887.009848391016
78466.0,-6887.02686141928
78467.0,-6887.043874447544
78468.0,-6887.060887475808
78469.0,-6887.077900504072
78470.0,-6887.094913532336
78471.0,-6887.1119265606
78472.0,-6887.128939588864
78473.0,-6887.145952617128
78474.0,-6887.162965645392
78475.0,-6887.1799786736565
78476.0,-6887.1969917019205
78477.0,-6887.214004730185
78478.0,-6887.231017758449
78479.0,-6887.248030786713
78480.0,-6887.265043814977
78481.0,-6887.282056843241
78482.0,-6887.299069871505
78483.0,-6887.316082899769
78484.0,-6887.333095928033
78485.0,-6887.350108956297
78486.0,-6887.367121984561
78487.0,-6887.384135012825
78488.0,-6887.401148041089
78489.0,-6887.418161069353
78490.0,-6887.435174097617
78491.0,-6887.452187125881
78492.0,-6887.469200154145
78493.0,-6887.486213182409
78494.0,-6887.503226210673
78495.0,-6887.520239238937
78496.0,-6887.537252267201
78497.0,-6887.5542652954655
78498.0,-6887.5712783237295
78499.0,-6887.588291351994
78500.0,-6887.605304380258
78501.0,-6887.622317408522
78502.0,-6887.639330436786
78503.0,-6887.65634346505
78504.0,-6887.673356493314
78505.0,-6887.690369521578
78506.0,-6887.707382549842
78507.0,-6887.724395578106
78508.0,-6887.74140860637
78509.0,-6887.758421634634
78510.0,-6887.775434662898
78511.0,-6887.792447691162
78512.0,-6887.809460719426
78513.0,-6887.82647374769
78514.0,-6887.843486775954
78515.0,-6887.860499804218
78516.0,-6887.877512832482
78517.0,-6887.894525860746
78518.0,-6887.91153888901
78519.0,-6887.9285519172745
78520.0,-6887.9455649455385
78521.0,-6887.962577973803
78522.0,-6887.979591002067
78523.0,-6887.996604030331
78524.0,-6888.013617058595
78525.0,-6888.030630086859
78526.0,-6888.047643115123
78527.0,-6888.064656143387
78528.0,-6888.081669171651
78529.0,-6888.098682199915
78530.0,-6888.115695228179
78531.0,-6888.132708256443
78532.0,-6888.149721284707
78533.0,-6888.166734312971
78534.0,-6888.183747341235
78535.0,-6888.200760369499
78536.0,-6888.217773397763
78537.0,-6888.234786426027
78538.0,-6888.251799454291
78539.0,-6888.268812482555
78540.0,-6888.285825510819
78541.0,-6888.3028385390835
78542.0,-6888.3198515673475
78543.0,-6888.336864595612
78544.0,-6888.353877623876
78545.0,-6888.37089065214
78546.0,-6888.387903680404
78547.0,-6888.404916708668
78548.0,-6888.421929736932
78549.0,-6888.438942765196
78550.0,-6888.45595579346
78551.0,-6888.472968821724
78552.0,-6888.489981849988
78553.0,-6888.506994878252
78554.0,-6888.524007906516
78555.0,-6888.54102093478
78556.0,-6888.558033963044
78557.0,-6888.575046991308
78558.0,-6888.592060019572
78559.0,-6888.609073047836
78560.0,-6888.6260860761
78561.0,-6888.643099104364
78562.0,-6888.6601121326285
78563.0,-6888.6771251608925
78564.0,-6888.694138189157
78565.0,-6888.711151217421
78566.0,-6888.728164245685
78567.0,-6888.745177273949
78568.0,-6888.762190302213
78569.0,-6888.779203330477
78570.0,-6888.796216358741
78571.0,-6888.813229387005
78572.0,-6888.830242415269
78573.0,-6888.847255443533
78574.0,-6888.864268471797
78575.0,-6888.881281500061
78576.0,-6888.898294528325
78577.0,-6888.915307556589
78578.0,-6888.932320584853
78579.0,-6888.949333613117
78580.0,-6888.966346641381
78581.0,-6888.983359669645
78582.0,-6889.000372697909
78583.0,-6889.017385726173
78584.0,-6889.0343987544375
78585.0,-6889.0514117827015
78586.0,-6889.068424810966
78587.0,-6889.08543783923
78588.0,-6889.102450867494
78589.0,-6889.119463895758
78590.0,-6889.136476924022
78591.0,-6889.153489952286
78592.0,-6889.17050298055
78593.0,-6889.187516008814
78594.0,-6889.204529037078
78595.0,-6889.221542065342
78596.0,-6889.238555093606
78597.0,-6889.25556812187
78598.0,-6889.272581150134
78599.0,-6889.289594178398
78600.0,-6889.306607206662
78601.0,-6889.323620234926
78602.0,-6889.34063326319
78603.0,-6889.357646291454
78604.0,-6889.374659319718
78605.0,-6889.391672347982
78606.0,-6889.4086853762465
78607.0,-6889.4256984045105
78608.0,-6889.442711432775
78609.0,-6889.459724461039
78610.0,-6889.476737489303
78611.0,-6889.493750517567
78612.0,-6889.510763545831
78613.0,-6889.527776574095
78614.0,-6889.544789602359
78615.0,-6889.561802630623
78616.0,-6889.578815658887
78617.0,-6889.595828687151
78618.0,-6889.612841715415
78619.0,-6889.629854743679
78620.0,-6889.646867771943
78621.0,-6889.663880800207
78622.0,-6889.680893828471
78623.0,-6889.697906856735
78624.0,-6889.714919884999
78625.0,-6889.731932913263
78626.0,-6889.748945941527
78627.0,-6889.765958969791
78628.0,-6889.7829719980555
78629.0,-6889.7999850263195
78630.0,-6889.816998054584
78631.0,-6889.834011082848
78632.0,-6889.851024111112
78633.0,-6889.868037139376
78634.0,-6889.88505016764
78635.0,-6889.902063195904
78636.0,-6889.919076224168
78637.0,-6889.936089252432
78638.0,-6889.953102280696
78639.0,-6889.97011530896
78640.0,-6889.987128337224
78641.0,-6890.004141365488
78642.0,-6890.021154393752
78643.0,-6890.038167422016
78644.0,-6890.05518045028
78645.0,-6890.072193478544
78646.0,-6890.089206506808
78647.0,-6890.106219535072
78648.0,-6890.123232563336
78649.0,-6890.1402455916
78650.0,-6890.1572586198645
78651.0,-6890.1742716481285
78652.0,-6890.191284676393
78653.0,-6890.208297704657
78654.0,-6890.225310732921
78655.0,-6890.242323761185
78656.0,-6890.259336789449
78657.0,-6890.276349817713
78658.0,-6890.293362845977
78659.0,-6890.310375874241
78660.0,-6890.327388902505
78661.0,-6890.344401930769
78662.0,-6890.361414959033
78663.0,-6890.378427987297
78664.0,-6890.395441015561
78665.0,-6890.412454043825
78666.0,-6890.429467072089
78667.0,-6890.446480100353
78668.0,-6890.463493128617
78669.0,-6890.480506156881
78670.0,-6890.497519185145
78671.0,-6890.514532213409
78672.0,-6890.5315452416735
78673.0,-6890.5485582699375
78674.0,-6890.565571298202
78675.0,-6890.582584326466
78676.0,-6890.59959735473
78677.0,-6890.616610382994
78678.0,-6890.633623411258
78679.0,-6890.650636439522
78680.0,-6890.667649467786
78681.0,-6890.68466249605
78682.0,-6890.701675524314
78683.0,-6890.718688552578
78684.0,-6890.735701580842
78685.0,-6890.752714609106
78686.0,-6890.76972763737
78687.0,-6890.786740665634
78688.0,-6890.803753693898
78689.0,-6890.820766722162
78690.0,-6890.837779750426
78691.0,-6890.85479277869
78692.0,-6890.871805806954
78693.0,-6890.888818835218
78694.0,-6890.9058318634825
78695.0,-6890.9228448917465
78696.0,-6890.939857920011
78697.0,-6890.956870948275
78698.0,-6890.973883976539
78699.0,-6890.990897004803
78700.0,-6891.007910033067
78701.0,-6891.024923061331
78702.0,-6891.041936089595
78703.0,-6891.058949117859
78704.0,-6891.075962146123
78705.0,-6891.092975174387
78706.0,-6891.109988202651
78707.0,-6891.127001230915
78708.0,-6891.144014259179
78709.0,-6891.161027287443
78710.0,-6891.178040315707
78711.0,-6891.195053343971
78712.0,-6891.212066372235
78713.0,-6891.229079400499
78714.0,-6891.246092428763
78715.0,-6891.263105457027
78716.0,-6891.2801184852915
78717.0,-6891.2971315135555
78718.0,-6891.31414454182
78719.0,-6891.331157570084
78720.0,-6891.348170598348
78721.0,-6891.365183626612
78722.0,-6891.382196654876
78723.0,-6891.39920968314
78724.0,-6891.416222711404
78725.0,-6891.433235739668
78726.0,-6891.450248767932
78727.0,-6891.467261796196
78728.0,-6891.48427482446
78729.0,-6891.501287852724
78730.0,-6891.518300880988
78731.0,-6891.535313909252
78732.0,-6891.552326937516
78733.0,-6891.56933996578
78734.0,-6891.586352994044
78735.0,-6891.603366022308
78736.0,-6891.620379050572
78737.0,-6891.6373920788365
78738.0,-6891.6544051071005
78739.0,-6891.671418135365
78740.0,-6891.688431163629
78741.0,-6891.705444191893
78742.0,-6891.722457220157
78743.0,-6891.739470248421
78744.0,-6891.756483276685
78745.0,-6891.773496304949
78746.0,-6891.790509333213
78747.0,-6891.807522361477
78748.0,-6891.824535389741
78749.0,-6891.841548418005
78750.0,-6891.858561446269
78751.0,-6891.875574474533
78752.0,-6891.892587502797
78753.0,-6891.909600531061
78754.0,-6891.926613559325
78755.0,-6891.943626587589
78756.0,-6891.960639615853
78757.0,-6891.977652644117
78758.0,-6891.994665672381
78759.0,-6892.0116787006455
78760.0,-6892.0286917289095
78761.0,-6892.045704757174
78762.0,-6892.062717785438
78763.0,-6892.079730813702
78764.0,-6892.096743841966
78765.0,-6892.11375687023
78766.0,-6892.130769898494
78767.0,-6892.147782926758
78768.0,-6892.164795955022
78769.0,-6892.181808983286
78770.0,-6892.19882201155
78771.0,-6892.215835039814
78772.0,-6892.232848068078
78773.0,-6892.249861096342
78774.0,-6892.266874124606
78775.0,-6892.28388715287
78776.0,-6892.300900181134
78777.0,-6892.317913209398
78778.0,-6892.334926237662
78779.0,-6892.351939265926
78780.0,-6892.36895229419
78781.0,-6892.3859653224545
78782.0,-6892.4029783507185
78783.0,-6892.419991378983
78784.0,-6892.437004407247
78785.0,-6892.454017435511
78786.0,-6892.471030463775
78787.0,-6892.488043492039
78788.0,-6892.505056520303
78789.0,-6892.522069548567
78790.0,-6892.539082576831
78791.0,-6892.556095605095
78792.0,-6892.573108633359
78793.0,-6892.590121661623
78794.0,-6892.607134689887
78795.0,-6892.624147718151
78796.0,-6892.641160746415
78797.0,-6892.658173774679
78798.0,-6892.675186802943
78799.0,-6892.692199831207
78800.0,-6892.709212859471
78801.0,-6892.726225887735
78802.0,-6892.743238915999
78803.0,-6892.7602519442635
78804.0,-6892.7772649725275
78805.0,-6892.794278000792
78806.0,-6892.811291029056
78807.0,-6892.82830405732
78808.0,-6892.845317085584
78809.0,-6892.862330113848
78810.0,-6892.879343142112
78811.0,-6892.896356170376
78812.0,-6892.91336919864
78813.0,-6892.930382226904
78814.0,-6892.947395255168
78815.0,-6892.964408283432
78816.0,-6892.981421311696
78817.0,-6892.99843433996
78818.0,-6893.015447368224
78819.0,-6893.032460396488
78820.0,-6893.049473424752
78821.0,-6893.066486453016
78822.0,-6893.08349948128
78823.0,-6893.100512509544
78824.0,-6893.117525537808
78825.0,-6893.1345385660725
78826.0,-6893.1515515943365
78827.0,-6893.168564622601
78828.0,-6893.185577650865
78829.0,-6893.202590679129
78830.0,-6893.219603707393
78831.0,-6893.236616735657
78832.0,-6893.253629763921
78833.0,-6893.270642792185
78834.0,-6893.287655820449
78835.0,-6893.304668848713
78836.0,-6893.321681876977
78837.0,-6893.338694905241
78838.0,-6893.355707933505
78839.0,-6893.372720961769
78840.0,-6893.389733990033
78841.0,-6893.406747018297
78842.0,-6893.423760046561
78843.0,-6893.440773074825
78844.0,-6893.457786103089
78845.0,-6893.474799131353
78846.0,-6893.491812159617
78847.0,-6893.5088251878815
78848.0,-6893.5258382161455
78849.0,-6893.52343827486
78850.0,-6893.521038333575
78851.0,-6893.518638392289
78852.0,-6893.516238451004
78853.0,-6893.513838509719
78854.0,-6893.511438568433
78855.0,-6893.509038627148
78856.0,-6893.5066386858625
78857.0,-6893.5042387445765
78858.0,-6893.501838803291
78859.0,-6893.499438862006
78860.0,-6893.49703892072
78861.0,-6893.494638979435
78862.0,-6893.49223903815
78863.0,-6893.489839096864
78864.0,-6893.487439155579
78865.0,-6893.4850392142935
78866.0,-6893.482639273007
78867.0,-6893.480239331722
78868.0,-6893.477839390437
78869.0,-6893.475439449151
78870.0,-6893.473039507866
78871.0,-6893.470639566581
78872.0,-6893.468239625295
78873.0,-6893.46583968401
78874.0,-6893.463439742724
78875.0,-6893.461039801438
78876.0,-6893.458639860153
78877.0,-6893.456239918868
78878.0,-6893.453839977582
78879.0,-6893.451440036297
78880.0,-6893.449040095012
78881.0,-6893.446640153726
78882.0,-6893.4442402124405
78883.0,-6893.441840271155
78884.0,-6893.439440329869
78885.0,-6893.437040388584
78886.0,-6893.434640447299
78887.0,-6893.432240506013
78888.0,-6893.429840564728
78889.0,-6893.427440623443
78890.0,-6893.425040682157
78891.0,-6893.422640740871
78892.0,-6893.420240799586
78893.0,-6893.4178408583
78894.0,-6893.415440917015
78895.0,-6893.41304097573
78896.0,-6893.410641034444
78897.0,-6893.408241093159
78898.0,-6893.405841151874
78899.0,-6893.4034412105875
78900.0,-6893.401041269302
78901.0,-6893.398641328017
78902.0,-6893.396241386731
78903.0,-6893.393841445446
78904.0,-6893.391441504161
78905.0,-6893.389041562875
78906.0,-6893.38664162159
78907.0,-6893.3842416803045
78908.0,-6893.3818417390185
78909.0,-6893.379441797733
78910.0,-6893.377041856448
78911.0,-6893.374641915162
78912.0,-6893.372241973877
78913.0,-6893.369842032592
78914.0,-6893.367442091306
78915.0,-6893.365042150021
78916.0,-6893.362642208735
78917.0,-6893.360242267449
78918.0,-6893.357842326164
78919.0,-6893.355442384879
78920.0,-6893.353042443593
78921.0,-6893.350642502308
78922.0,-6893.348242561023
78923.0,-6893.345842619737
78924.0,-6893.3434426784515
78925.0,-6893.341042737166
78926.0,-6893.33864279588
78927.0,-6893.336242854595
78928.0,-6893.33384291331
78929.0,-6893.331442972024
78930.0,-6893.329043030739
78931.0,-6893.326643089454
78932.0,-6893.324243148168
78933.0,-6893.3218432068825
78934.0,-6893.319443265597
78935.0,-6893.317043324311
78936.0,-6893.314643383026
78937.0,-6893.312243441741
78938.0,-6893.309843500455
78939.0,-6893.30744355917
78940.0,-6893.305043617885
78941.0,-6893.302643676599
78942.0,-6893.300243735313
78943.0,-6893.297843794028
78944.0,-6893.295443852742
78945.0,-6893.293043911457
78946.0,-6893.290643970172
78947.0,-6893.288244028886
78948.0,-6893.285844087601
78949.0,-6893.283444146316
78950.0,-6893.2810442050295
78951.0,-6893.278644263744
78952.0,-6893.276244322459
78953.0,-6893.273844381173
78954.0,-6893.271444439888
78955.0,-6893.269044498603
78956.0,-6893.266644557317
78957.0,-6893.264244616032
78958.0,-6893.2618446747465
78959.0,-6893.25944473346
78960.0,-6893.257044792175
78961.0,-6893.25464485089
78962.0,-6893.252244909604
78963.0,-6893.249844968319
78964.0,-6893.247445027034
78965.0,-6893.245045085748
78966.0,-6893.242645144463
78967.0,-6893.240245203177
78968.0,-6893.237845261891
78969.0,-6893.235445320606
78970.0,-6893.233045379321
78971.0,-6893.230645438035
78972.0,-6893.22824549675
78973.0,-6893.225845555465
78974.0,-6893.223445614179
78975.0,-6893.2210456728935
78976.0,-6893.218645731608
78977.0,-6893.216245790322
78978.0,-6893.213845849037
78979.0,-6893.211445907752
78980.0,-6893.209045966466
78981.0,-6893.206646025181
78982.0,-6893.204246083896
78983.0,-6893.20184614261
78984.0,-6893.1994462013245
78985.0,-6893.197046260039
78986.0,-6893.194646318753
78987.0,-6893.192246377468
78988.0,-6893.189846436183
78989.0,-6893.187446494897
78990.0,-6893.185046553612
78991.0,-6893.182646612327
78992.0,-6893.180246671041
78993.0,-6893.177846729755
78994.0,-6893.17544678847
78995.0,-6893.173046847184
78996.0,-6893.170646905899
78997.0,-6893.168246964614
78998.0,-6893.165847023328
78999.0,-6893.163447082043
79000.0,-6893.161047140758
79001.0,-6893.1586471994715
79002.0,-6893.156247258186
79003.0,-6893.153847316901
79004.0,-6893.151447375615
79005.0,-6893.14904743433
79006.0,-6893.146647493045
79007.0,-6893.144247551759
79008.0,-6893.141847610474
79009.0,-6893.1394476691885
79010.0,-6893.137047727902
79011.0,-6893.134647786617
79012.0,-6893.132247845332
79013.0,-6893.129847904046
79014.0,-6893.127447962761
79015.0,-6893.125048021476
79016.0,-6893.12264808019
79017.0,-6893.120248138905
79018.0,-6893.117848197619
79019.0,-6893.115448256333
79020.0,-6893.113048315048
79021.0,-6893.110648373763
79022.0,-6893.108248432477
79023.0,-6893.105848491192
79024.0,-6893.103448549907
79025.0,-6893.101048608621
79026.0,-6893.0986486673355
79027.0,-6893.09624872605
79028.0,-6893.093848784764
79029.0,-6893.091448843479
79030.0,-6893.089048902194
79031.0,-6893.086648960908
79032.0,-6893.084249019623
79033.0,-6893.081849078338
79034.0,-6893.079449137052
79035.0,-6893.077049195766
79036.0,-6893.074649254481
79037.0,-6893.072249313195
79038.0,-6893.06984937191
79039.0,-6893.067449430625
79040.0,-6893.065049489339
79041.0,-6893.062649548054
79042.0,-6893.060249606769
79043.0,-6893.0578496654825
79044.0,-6893.055449724197
79045.0,-6893.053049782912
79046.0,-6893.050649841626
79047.0,-6893.048249900341
79048.0,-6893.045849959056
79049.0,-6893.04345001777
79050.0,-6893.041050076485
79051.0,-6893.0386501351995
79052.0,-6893.0362501939135
79053.0,-6893.033850252628
79054.0,-6893.031450311343
79055.0,-6893.029050370057
79056.0,-6893.026650428772
79057.0,-6893.024250487487
79058.0,-6893.021850546201
79059.0,-6893.019450604916
79060.0,-6893.0170506636305
79061.0,-6893.014650722344
79062.0,-6893.012250781059
79063.0,-6893.009850839774
79064.0,-6893.007450898488
79065.0,-6893.005050957203
79066.0,-6893.002651015918
79067.0,-6893.000251074632
79068.0,-6892.997851133347
79069.0,-6892.995451192061
79070.0,-6892.993051250775
79071.0,-6892.99065130949
79072.0,-6892.988251368205
79073.0,-6892.985851426919
79074.0,-6892.983451485634
79075.0,-6892.981051544349
79076.0,-6892.978651603063
79077.0,-6892.9762516617775
79078.0,-6892.973851720492
79079.0,-6892.971451779206
79080.0,-6892.969051837921
79081.0,-6892.966651896636
79082.0,-6892.96425195535
79083.0,-6892.961852014065
79084.0,-6892.95945207278
79085.0,-6892.957052131494
79086.0,-6892.954652190208
79087.0,-6892.952252248923
79088.0,-6892.949852307637
79089.0,-6892.947452366352
79090.0,-6892.945052425067
79091.0,-6892.942652483781
79092.0,-6892.940252542496
79093.0,-6892.937852601211
79094.0,-6892.9354526599245
79095.0,-6892.933052718639
79096.0,-6892.930652777354
79097.0,-6892.928252836068
79098.0,-6892.925852894783
79099.0,-6892.923452953498
79100.0,-6892.921053012212
79101.0,-6892.918653070927
79102.0,-6892.9162531296415
79103.0,-6892.9138531883555
79104.0,-6892.91145324707
79105.0,-6892.909053305785
79106.0,-6892.906653364499
79107.0,-6892.904253423214
79108.0,-6892.901853481929
79109.0,-6892.899453540643
79110.0,-6892.897053599358
79111.0,-6892.8946536580725
79112.0,-6892.892253716786
79113.0,-6892.889853775501
79114.0,-6892.887453834216
79115.0,-6892.88505389293
79116.0,-6892.882653951645
79117.0,-6892.88025401036
79118.0,-6892.877854069074
79119.0,-6892.8754541277885
79120.0,-6892.873054186503
79121.0,-6892.870654245217
79122.0,-6892.868254303932
79123.0,-6892.865854362647
79124.0,-6892.863454421361
79125.0,-6892.861054480076
79126.0,-6892.858654538791
79127.0,-6892.856254597505
79128.0,-6892.8538546562195
79129.0,-6892.851454714934
79130.0,-6892.849054773648
79131.0,-6892.846654832363
79132.0,-6892.844254891078
79133.0,-6892.841854949792
79134.0,-6892.839455008507
79135.0,-6892.837055067222
79136.0,-6892.834655125936
79137.0,-6892.83225518465
79138.0,-6892.829855243365
79139.0,-6892.827455302079
79140.0,-6892.825055360794
79141.0,-6892.822655419509
79142.0,-6892.820255478223
79143.0,-6892.817855536938
79144.0,-6892.815455595653
79145.0,-6892.8130556543665
79146.0,-6892.810655713081
79147.0,-6892.808255771796
79148.0,-6892.80585583051
79149.0,-6892.803455889225
79150.0,-6892.80105594794
79151.0,-6892.798656006654
79152.0,-6892.796256065369
79153.0,-6892.7938561240835
79154.0,-6892.791456182797
79155.0,-6892.789056241512
79156.0,-6892.786656300227
79157.0,-6892.784256358941
79158.0,-6892.781856417656
79159.0,-6892.779456476371
79160.0,-6892.777056535085
79161.0,-6892.7746565938
79162.0,-6892.772256652514
79163.0,-6892.769856711228
79164.0,-6892.767456769943
79165.0,-6892.765056828658
79166.0,-6892.762656887372
79167.0,-6892.760256946087
79168.0,-6892.757857004802
79169.0,-6892.755457063516
79170.0,-6892.7530571222305
79171.0,-6892.750657180945
79172.0,-6892.748257239659
79173.0,-6892.745857298374
79174.0,-6892.743457357089
79175.0,-6892.741057415803
79176.0,-6892.738657474518
79177.0,-6892.736257533233
79178.0,-6892.733857591947
79179.0,-6892.7314576506615
79180.0,-6892.729057709376
79181.0,-6892.72665776809
79182.0,-6892.724257826805
79183.0,-6892.72185788552
79184.0,-6892.719457944234
79185.0,-6892.717058002949
79186.0,-6892.714658061664
79187.0,-6892.712258120378
79188.0,-6892.709858179092
79189.0,-6892.707458237807
79190.0,-6892.705058296521
79191.0,-6892.702658355236
79192.0,-6892.700258413951
79193.0,-6892.697858472665
79194.0,-6892.69545853138
79195.0,-6892.693058590095
79196.0,-6892.6906586488085
79197.0,-6892.688258707523
79198.0,-6892.685858766238
79199.0,-6892.683458824952
79200.0,-6892.681058883667
79201.0,-6892.678658942382
79202.0,-6892.676259001096
79203.0,-6892.673859059811
79204.0,-6892.6714591185255
79205.0,-6892.669059177239
79206.0,-6892.666659235954
79207.0,-6892.664259294669
79208.0,-6892.661859353383
79209.0,-6892.659459412098
79210.0,-6892.657059470813
79211.0,-6892.654659529527
79212.0,-6892.652259588242
79213.0,-6892.649859646956
79214.0,-6892.64745970567
79215.0,-6892.645059764385
79216.0,-6892.6426598231
79217.0,-6892.640259881814
79218.0,-6892.637859940529
79219.0,-6892.635459999244
79220.0,-6892.633060057958
79221.0,-6892.6306601166725
79222.0,-6892.628260175387
79223.0,-6892.625860234101
79224.0,-6892.623460292816
79225.0,-6892.621060351531
79226.0,-6892.618660410245
79227.0,-6892.61626046896
79228.0,-6892.613860527675
79229.0,-6892.611460586389
79230.0,-6892.609060645103
79231.0,-6892.606660703818
79232.0,-6892.604260762532
79233.0,-6892.601860821247
79234.0,-6892.599460879962
79235.0,-6892.597060938676
79236.0,-6892.594660997391
79237.0,-6892.592261056106
79238.0,-6892.5898611148195
79239.0,-6892.587461173534
79240.0,-6892.585061232249
79241.0,-6892.582661290963
79242.0,-6892.580261349678
79243.0,-6892.577861408393
79244.0,-6892.575461467107
79245.0,-6892.573061525822
79246.0,-6892.5706615845365
79247.0,-6892.5682616432505
79248.0,-6892.565861701965
79249.0,-6892.56346176068
79250.0,-6892.561061819394
79251.0,-6892.558661878109
79252.0,-6892.556261936824
79253.0,-6892.553861995538
79254.0,-6892.551462054253
79255.0,-6892.5490621129675
79256.0,-6892.546662171681
79257.0,-6892.544262230396
79258.0,-6892.541862289111
79259.0,-6892.539462347825
79260.0,-6892.53706240654
79261.0,-6892.534662465255
79262.0,-6892.532262523969
79263.0,-6892.529862582684
79264.0,-6892.527462641398
79265.0,-6892.525062700112
79266.0,-6892.522662758827
79267.0,-6892.520262817542
79268.0,-6892.517862876256
79269.0,-6892.515462934971
79270.0,-6892.513062993686
79271.0,-6892.5106630524
79272.0,-6892.5082631111145
79273.0,-6892.505863169829
79274.0,-6892.503463228543
79275.0,-6892.501063287258
79276.0,-6892.498663345973
79277.0,-6892.496263404687
79278.0,-6892.493863463402
79279.0,-6892.491463522117
79280.0,-6892.489063580831
79281.0,-6892.486663639545
79282.0,-6892.48426369826
79283.0,-6892.481863756974
79284.0,-6892.479463815689
79285.0,-6892.477063874404
79286.0,-6892.474663933118
79287.0,-6892.472263991833
79288.0,-6892.469864050548
79289.0,-6892.4674641092615
79290.0,-6892.465064167976
79291.0,-6892.462664226691
79292.0,-6892.460264285405
79293.0,-6892.45786434412
79294.0,-6892.455464402835
79295.0,-6892.453064461549
79296.0,-6892.450664520264
79297.0,-6892.4482645789785
79298.0,-6892.4458646376925
79299.0,-6892.443464696407
79300.0,-6892.441064755122
79301.0,-6892.438664813836
79302.0,-6892.436264872551
79303.0,-6892.433864931266
79304.0,-6892.43146498998
79305.0,-6892.429065048695
79306.0,-6892.4266651074095
79307.0,-6892.424265166123
79308.0,-6892.421865224838
79309.0,-6892.419465283553
79310.0,-6892.417065342267
79311.0,-6892.414665400982
79312.0,-6892.412265459697
79313.0,-6892.409865518411
79314.0,-6892.407465577126
79315.0,-6892.40506563584
79316.0,-6892.402665694554
79317.0,-6892.400265753269
79318.0,-6892.397865811984
79319.0,-6892.395465870698
79320.0,-6892.393065929413
79321.0,-6892.390665988128
79322.0,-6892.388266046842
79323.0,-6892.3858661055565
79324.0,-6892.383466164271
79325.0,-6892.381066222985
79326.0,-6892.3786662817
79327.0,-6892.376266340415
79328.0,-6892.373866399129
79329.0,-6892.371466457844
79330.0,-6892.369066516559
79331.0,-6892.366666575273
79332.0,-6892.364266633987
79333.0,-6892.361866692702
79334.0,-6892.359466751416
79335.0,-6892.357066810131
79336.0,-6892.354666868846
79337.0,-6892.35226692756
79338.0,-6892.349866986275
79339.0,-6892.34746704499
79340.0,-6892.3450671037035
79341.0,-6892.342667162418
79342.0,-6892.340267221133
79343.0,-6892.337867279847
79344.0,-6892.335467338562
79345.0,-6892.333067397277
79346.0,-6892.330667455991
79347.0,-6892.328267514706
79348.0,-6892.3258675734205
79349.0,-6892.323467632134
79350.0,-6892.321067690849
79351.0,-6892.318667749564
79352.0,-6892.316267808278
79353.0,-6892.313867866993
79354.0,-6892.311467925708
79355.0,-6892.309067984422
79356.0,-6892.306668043137
79357.0,-6892.304268101851
79358.0,-6892.301868160565
79359.0,-6892.29946821928
79360.0,-6892.297068277995
79361.0,-6892.294668336709
79362.0,-6892.292268395424
79363.0,-6892.289868454139
79364.0,-6892.287468512853
79365.0,-6892.2850685715675
79366.0,-6892.282668630282
79367.0,-6892.280268688996
79368.0,-6892.277868747711
79369.0,-6892.275468806426
79370.0,-6892.27306886514
79371.0,-6892.270668923855
79372.0,-6892.26826898257
79373.0,-6892.265869041284
79374.0,-6892.2634690999985
79375.0,-6892.261069158713
79376.0,-6892.258669217427
79377.0,-6892.256269276142
79378.0,-6892.253869334857
79379.0,-6892.251469393571
79380.0,-6892.249069452286
79381.0,-6892.246669511001
79382.0,-6892.244269569715
79383.0,-6892.241869628429
79384.0,-6892.239469687144
79385.0,-6892.237069745858
79386.0,-6892.234669804573
79387.0,-6892.232269863288
79388.0,-6892.229869922002
79389.0,-6892.227469980717
79390.0,-6892.225070039432
79391.0,-6892.2226700981455
79392.0,-6892.22027015686
79393.0,-6892.217870215575
79394.0,-6892.215470274289
79395.0,-6892.213070333004
79396.0,-6892.210670391719
79397.0,-6892.208270450433
79398.0,-6892.205870509148
79399.0,-6892.2034705678625
79400.0,-6892.201070626576
79401.0,-6892.198670685291
79402.0,-6892.196270744006
79403.0,-6892.19387080272
79404.0,-6892.191470861435
79405.0,-6892.18907092015
79406.0,-6892.186670978864
79407.0,-6892.184271037579
79408.0,-6892.181871096293
79409.0,-6892.179471155007
79410.0,-6892.177071213722
79411.0,-6892.174671272437
79412.0,-6892.172271331151
79413.0,-6892.169871389866
79414.0,-6892.167471448581
79415.0,-6892.165071507295
79416.0,-6892.1626715660095
79417.0,-6892.160271624724
79418.0,-6892.157871683438
79419.0,-6892.155471742153
79420.0,-6892.153071800868
79421.0,-6892.150671859582
79422.0,-6892.148271918297
79423.0,-6892.145871977012
79424.0,-6892.143472035726
79425.0,-6892.1410720944405
79426.0,-6892.138672153155
79427.0,-6892.136272211869
79428.0,-6892.133872270584
79429.0,-6892.131472329299
79430.0,-6892.129072388013
79431.0,-6892.126672446728
79432.0,-6892.124272505443
79433.0,-6892.121872564157
79434.0,-6892.119472622871
79435.0,-6892.117072681586
79436.0,-6892.1146727403
79437.0,-6892.112272799015
79438.0,-6892.10987285773
79439.0,-6892.107472916444
79440.0,-6892.105072975159
79441.0,-6892.1026730338735
79442.0,-6892.1002730925875
79443.0,-6892.097873151302
79444.0,-6892.095473210017
79445.0,-6892.093073268731
79446.0,-6892.090673327446
79447.0,-6892.088273386161
79448.0,-6892.085873444875
79449.0,-6892.08347350359
79450.0,-6892.0810735623045
79451.0,-6892.078673621018
79452.0,-6892.076273679733
79453.0,-6892.073873738448
79454.0,-6892.071473797162
79455.0,-6892.069073855877
79456.0,-6892.066673914592
79457.0,-6892.064273973306
79458.0,-6892.061874032021
79459.0,-6892.059474090735
79460.0,-6892.057074149449
79461.0,-6892.054674208164
79462.0,-6892.052274266879
79463.0,-6892.049874325593
79464.0,-6892.047474384308
79465.0,-6892.045074443023
79466.0,-6892.042674501737
79467.0,-6892.0402745604515
79468.0,-6892.037874619166
79469.0,-6892.03547467788
79470.0,-6892.033074736595
79471.0,-6892.03067479531
79472.0,-6892.028274854024
79473.0,-6892.025874912739
79474.0,-6892.023474971454
79475.0,-6892.021075030168
79476.0,-6892.018675088882
79477.0,-6892.016275147597
79478.0,-6892.013875206311
79479.0,-6892.011475265026
79480.0,-6892.009075323741
79481.0,-6892.006675382455
79482.0,-6892.00427544117
79483.0,-6892.001875499885
79484.0,-6891.9994755585985
79485.0,-6891.997075617313
79486.0,-6891.994675676028
79487.0,-6891.992275734742
79488.0,-6891.989875793457
79489.0,-6891.987475852172
79490.0,-6891.985075910886
79491.0,-6891.982675969601
79492.0,-6891.9802760283155
79493.0,-6891.9778760870295
79494.0,-6891.975476145744
79495.0,-6891.973076204459
79496.0,-6891.970676263173
79497.0,-6891.968276321888
79498.0,-6891.965876380603
79499.0,-6891.963476439317
79500.0,-6891.961076498032
79501.0,-6891.9586765567465
79502.0,-6891.95627661546
79503.0,-6891.953876674175
79504.0,-6891.95147673289
79505.0,-6891.949076791604
79506.0,-6891.946676850319
79507.0,-6891.944276909034
79508.0,-6891.941876967748
79509.0,-6891.939477026463
79510.0,-6891.937077085177
79511.0,-6891.934677143891
79512.0,-6891.932277202606
79513.0,-6891.929877261321
79514.0,-6891.927477320035
79515.0,-6891.92507737875
79516.0,-6891.922677437465
79517.0,-6891.920277496179
79518.0,-6891.9178775548935
79519.0,-6891.915477613608
79520.0,-6891.913077672322
79521.0,-6891.910677731037
79522.0,-6891.908277789752
79523.0,-6891.905877848466
79524.0,-6891.903477907181
79525.0,-6891.901077965896
79526.0,-6891.89867802461
79527.0,-6891.896278083324
79528.0,-6891.893878142039
79529.0,-6891.891478200753
79530.0,-6891.889078259468
79531.0,-6891.886678318183
79532.0,-6891.884278376897
79533.0,-6891.881878435612
79534.0,-6891.879478494327
79535.0,-6891.8770785530405
79536.0,-6891.874678611755
79537.0,-6891.87227867047
79538.0,-6891.869878729184
79539.0,-6891.867478787899
79540.0,-6891.865078846614
79541.0,-6891.862678905328
79542.0,-6891.860278964043
79543.0,-6891.8578790227575
79544.0,-6891.8554790814715
79545.0,-6891.853079140186
79546.0,-6891.850679198901
79547.0,-6891.848279257615
79548.0,-6891.84587931633
79549.0,-6891.843479375045
79550.0,-6891.841079433759
79551.0,-6891.838679492474
79552.0,-6891.836279551188
79553.0,-6891.833879609902
79554.0,-6891.831479668617
79555.0,-6891.829079727332
79556.0,-6891.826679786046
79557.0,-6891.824279844761
79558.0,-6891.821879903476
79559.0,-6891.81947996219
79560.0,-6891.8170800209045
79561.0,-6891.814680079619
79562.0,-6891.812280138333
79563.0,-6891.809880197048
79564.0,-6891.807480255763
79565.0,-6891.805080314477
79566.0,-6891.802680373192
79567.0,-6891.800280431907
79568.0,-6891.797880490621
79569.0,-6891.7954805493355
79570.0,-6891.79308060805
79571.0,-6891.790680666764
79572.0,-6891.788280725479
79573.0,-6891.785880784194
79574.0,-6891.783480842908
79575.0,-6891.781080901623
79576.0,-6891.778680960338
79577.0,-6891.776281019052
79578.0,-6891.773881077766
79579.0,-6891.771481136481
79580.0,-6891.769081195195
79581.0,-6891.76668125391
79582.0,-6891.764281312625
79583.0,-6891.761881371339
79584.0,-6891.759481430054
79585.0,-6891.757081488769
79586.0,-6891.7546815474825
79587.0,-6891.752281606197
79588.0,-6891.749881664912
79589.0,-6891.747481723626
79590.0,-6891.745081782341
79591.0,-6891.742681841056
79592.0,-6891.74028189977
79593.0,-6891.737881958485
79594.0,-6891.7354820171995
79595.0,-6891.733082075913
79596.0,-6891.730682134628
79597.0,-6891.728282193343
79598.0,-6891.725882252057
79599.0,-6891.723482310772
79600.0,-6891.721082369487
79601.0,-6891.718682428201
79602.0,-6891.716282486916
79603.0,-6891.71388254563
79604.0,-6891.711482604344
79605.0,-6891.709082663059
79606.0,-6891.706682721774
79607.0,-6891.704282780488
79608.0,-6891.701882839203
79609.0,-6891.699482897918
79610.0,-6891.697082956632
79611.0,-6891.6946830153465
79612.0,-6891.692283074061
79613.0,-6891.689883132775
79614.0,-6891.68748319149
79615.0,-6891.685083250205
79616.0,-6891.682683308919
79617.0,-6891.680283367634
79618.0,-6891.677883426349
79619.0,-6891.675483485063
79620.0,-6891.6730835437775
79621.0,-6891.670683602492
79622.0,-6891.668283661206
79623.0,-6891.665883719921
79624.0,-6891.663483778636
79625.0,-6891.66108383735
79626.0,-6891.658683896065
79627.0,-6891.65628395478
79628.0,-6891.653884013494
79629.0,-6891.651484072208
79630.0,-6891.649084130923
79631.0,-6891.646684189637
79632.0,-6891.644284248352
79633.0,-6891.641884307067
79634.0,-6891.639484365781
79635.0,-6891.637084424496
79636.0,-6891.634684483211
79637.0,-6891.6322845419245
79638.0,-6891.629884600639
79639.0,-6891.627484659354
79640.0,-6891.625084718068
79641.0,-6891.622684776783
79642.0,-6891.620284835498
79643.0,-6891.617884894212
79644.0,-6891.615484952927
79645.0,-6891.6130850116415
79646.0,-6891.610685070355
79647.0,-6891.60828512907
79648.0,-6891.605885187785
79649.0,-6891.603485246499
79650.0,-6891.601085305214
79651.0,-6891.598685363929
79652.0,-6891.596285422643
79653.0,-6891.593885481358
79654.0,-6891.591485540072
79655.0,-6891.589085598786
79656.0,-6891.586685657501
79657.0,-6891.584285716216
79658.0,-6891.58188577493
79659.0,-6891.579485833645
79660.0,-6891.57708589236
79661.0,-6891.574685951074
79662.0,-6891.5722860097885
79663.0,-6891.569886068503
79664.0,-6891.567486127217
79665.0,-6891.565086185932
79666.0,-6891.562686244647
79667.0,-6891.560286303361
79668.0,-6891.557886362076
79669.0,-6891.555486420791
79670.0,-6891.553086479505
79671.0,-6891.550686538219
79672.0,-6891.548286596934
79673.0,-6891.545886655648
79674.0,-6891.543486714363
79675.0,-6891.541086773078
79676.0,-6891.538686831792
79677.0,-6891.536286890507
79678.0,-6891.533886949222
79679.0,-6891.5314870079355
79680.0,-6891.52908706665
79681.0,-6891.526687125365
79682.0,-6891.524287184079
79683.0,-6891.521887242794
79684.0,-6891.519487301509
79685.0,-6891.517087360223
79686.0,-6891.514687418938
79687.0,-6891.5122874776525
79688.0,-6891.5098875363665
79689.0,-6891.507487595081
79690.0,-6891.505087653796
79691.0,-6891.50268771251
79692.0,-6891.500287771225
79693.0,-6891.49788782994
79694.0,-6891.495487888654
79695.0,-6891.493087947369
79696.0,-6891.4906880060835
79697.0,-6891.488288064797
79698.0,-6891.485888123512
79699.0,-6891.483488182227
79700.0,-6891.481088240941
79701.0,-6891.478688299656
79702.0,-6891.476288358371
79703.0,-6891.473888417085
79704.0,-6891.4714884758
79705.0,-6891.469088534514
79706.0,-6891.466688593228
79707.0,-6891.464288651943
79708.0,-6891.461888710658
79709.0,-6891.459488769372
79710.0,-6891.457088828087
79711.0,-6891.454688886802
79712.0,-6891.452288945516
79713.0,-6891.4498890042305
79714.0,-6891.447489062945
79715.0,-6891.445089121659
79716.0,-6891.442689180374
79717.0,-6891.440289239089
79718.0,-6891.437889297803
79719.0,-6891.435489356518
79720.0,-6891.433089415233
79721.0,-6891.430689473947
79722.0,-6891.428289532661
79723.0,-6891.425889591376
79724.0,-6891.42348965009
79725.0,-6891.421089708805
79726.0,-6891.41868976752
79727.0,-6891.416289826234
79728.0,-6891.413889884949
79729.0,-6891.411489943664
79730.0,-6891.4090900023775
79731.0,-6891.406690061092
79732.0,-6891.404290119807
79733.0,-6891.401890178521
79734.0,-6891.399490237236
79735.0,-6891.397090295951
79736.0,-6891.394690354665
79737.0,-6891.39229041338
79738.0,-6891.3898904720945
79739.0,-6891.3874905308085
79740.0,-6891.385090589523
79741.0,-6891.382690648238
79742.0,-6891.380290706952
79743.0,-6891.377890765667
79744.0,-6891.375490824382
79745.0,-6891.373090883096
79746.0,-6891.370690941811
79747.0,-6891.3682910005255
79748.0,-6891.365891059239
79749.0,-6891.363491117954
79750.0,-6891.361091176669
79751.0,-6891.358691235383
79752.0,-6891.356291294098
79753.0,-6891.353891352813
79754.0,-6891.351491411527
79755.0,-6891.349091470242
79756.0,-6891.346691528956
79757.0,-6891.34429158767
79758.0,-6891.341891646385
79759.0,-6891.3394917051
79760.0,-6891.337091763814
79761.0,-6891.334691822529
79762.0,-6891.332291881244
79763.0,-6891.329891939958
79764.0,-6891.3274919986725
79765.0,-6891.325092057387
79766.0,-6891.322692116101
79767.0,-6891.320292174816
79768.0,-6891.317892233531
79769.0,-6891.315492292245
79770.0,-6891.31309235096
79771.0,-6891.310692409675
79772.0,-6891.308292468389
79773.0,-6891.305892527103
79774.0,-6891.303492585818
79775.0,-6891.301092644532
79776.0,-6891.298692703247
79777.0,-6891.296292761962
79778.0,-6891.293892820676
79779.0,-6891.291492879391
79780.0,-6891.289092938106
79781.0,-6891.2866929968195
79782.0,-6891.284293055534
79783.0,-6891.281893114249
79784.0,-6891.279493172963
79785.0,-6891.277093231678
79786.0,-6891.274693290393
79787.0,-6891.272293349107
79788.0,-6891.269893407822
79789.0,-6891.2674934665365
79790.0,-6891.26509352525
79791.0,-6891.262693583965
79792.0,-6891.26029364268
79793.0,-6891.257893701394
79794.0,-6891.255493760109
79795.0,-6891.253093818824
79796.0,-6891.250693877538
79797.0,-6891.248293936253
79798.0,-6891.245893994967
79799.0,-6891.243494053681
79800.0,-6891.241094112396
79801.0,-6891.238694171111
79802.0,-6891.236294229825
79803.0,-6891.23389428854
79804.0,-6891.231494347255
79805.0,-6891.229094405969
79806.0,-6891.2266944646835
79807.0,-6891.224294523398
79808.0,-6891.221894582112
79809.0,-6891.219494640827
79810.0,-6891.217094699542
79811.0,-6891.214694758256
79812.0,-6891.212294816971
79813.0,-6891.209894875686
79814.0,-6891.2074949344
79815.0,-6891.2050949931145
79816.0,-6891.202695051829
79817.0,-6891.200295110543
79818.0,-6891.197895169258
79819.0,-6891.195495227973
79820.0,-6891.193095286687
79821.0,-6891.190695345402
79822.0,-6891.188295404117
79823.0,-6891.185895462831
79824.0,-6891.183495521545
79825.0,-6891.18109558026
79826.0,-6891.178695638974
79827.0,-6891.176295697689
79828.0,-6891.173895756404
79829.0,-6891.171495815118
79830.0,-6891.169095873833
79831.0,-6891.166695932548
79832.0,-6891.1642959912615
79833.0,-6891.161896049976
79834.0,-6891.159496108691
79835.0,-6891.157096167405
79836.0,-6891.15469622612
79837.0,-6891.152296284835
79838.0,-6891.149896343549
79839.0,-6891.147496402264
79840.0,-6891.1450964609785
79841.0,-6891.142696519692
79842.0,-6891.140296578407
79843.0,-6891.137896637122
79844.0,-6891.135496695836
79845.0,-6891.133096754551
79846.0,-6891.130696813266
79847.0,-6891.12829687198
79848.0,-6891.125896930695
79849.0,-6891.123496989409
79850.0,-6891.121097048123
79851.0,-6891.118697106838
79852.0,-6891.116297165553
79853.0,-6891.113897224267
79854.0,-6891.111497282982
79855.0,-6891.109097341697
79856.0,-6891.106697400411
79857.0,-6891.1042974591255
79858.0,-6891.10189751784
79859.0,-6891.099497576554
79860.0,-6891.097097635269
79861.0,-6891.094697693984
79862.0,-6891.092297752698
79863.0,-6891.089897811413
79864.0,-6891.087497870128
79865.0,-6891.085097928842
79866.0,-6891.0826979875565
79867.0,-6891.080298046271
79868.0,-6891.077898104985
79869.0,-6891.0754981637
79870.0,-6891.073098222415
79871.0,-6891.070698281129
79872.0,-6891.068298339844
79873.0,-6891.049317191045
79874.0,-6891.030336042245
79875.0,-6891.011354893446
79876.0,-6890.992373744647
79877.0,-6890.973392595847
79878.0,-6890.954411447048
79879.0,-6890.935430298249
79880.0,-6890.916449149449
79881.0,-6890.89746800065
79882.0,-6890.878486851851
79883.0,-6890.859505703052
79884.0,-6890.840524554253
79885.0,-6890.821543405454
79886.0,-6890.802562256654
79887.0,-6890.783581107855
79888.0,-6890.764599959056
79889.0,-6890.745618810256
79890.0,-6890.726637661457
79891.0,-6890.707656512658
79892.0,-6890.688675363858
79893.0,-6890.669694215059
79894.0,-6890.65071306626
79895.0,-6890.6317319174605
79896.0,-6890.6127507686615
79897.0,-6890.5937696198625
79898.0,-6890.574788471063
79899.0,-6890.555807322264
79900.0,-6890.536826173465
79901.0,-6890.517845024665
79902.0,-6890.498863875866
79903.0,-6890.479882727067
79904.0,-6890.460901578267
79905.0,-6890.441920429468
79906.0,-6890.422939280669
79907.0,-6890.403958131869
79908.0,-6890.38497698307
79909.0,-6890.365995834271
79910.0,-6890.347014685472
79911.0,-6890.328033536673
79912.0,-6890.309052387874
79913.0,-6890.290071239074
79914.0,-6890.271090090275
79915.0,-6890.252108941476
79916.0,-6890.233127792676
79917.0,-6890.214146643877
79918.0,-6890.195165495078
79919.0,-6890.176184346278
79920.0,-6890.157203197479
79921.0,-6890.13822204868
79922.0,-6890.11924089988
79923.0,-6890.1002597510815
79924.0,-6890.0812786022825
79925.0,-6890.062297453483
79926.0,-6890.043316304684
79927.0,-6890.024335155885
79928.0,-6890.005354007085
79929.0,-6889.986372858286
79930.0,-6889.967391709487
79931.0,-6889.948410560687
79932.0,-6889.929429411888
79933.0,-6889.910448263089
79934.0,-6889.891467114289
79935.0,-6889.87248596549
79936.0,-6889.853504816691
79937.0,-6889.8345236678915
79938.0,-6889.815542519093
79939.0,-6889.796561370294
79940.0,-6889.777580221494
79941.0,-6889.758599072695
79942.0,-6889.739617923896
79943.0,-6889.720636775096
79944.0,-6889.701655626297
79945.0,-6889.682674477498
79946.0,-6889.663693328698
79947.0,-6889.644712179899
79948.0,-6889.6257310311
79949.0,-6889.6067498823
79950.0,-6889.587768733501
79951.0,-6889.5687875847025
79952.0,-6889.549806435903
79953.0,-6889.530825287104
79954.0,-6889.511844138305
79955.0,-6889.492862989505
79956.0,-6889.473881840706
79957.0,-6889.454900691907
79958.0,-6889.435919543107
79959.0,-6889.416938394308
79960.0,-6889.397957245509
79961.0,-6889.378976096709
79962.0,-6889.35999494791
79963.0,-6889.341013799111
79964.0,-6889.3220326503115
79965.0,-6889.3030515015125
79966.0,-6889.284070352714
79967.0,-6889.265089203914
79968.0,-6889.246108055115
79969.0,-6889.227126906316
79970.0,-6889.208145757516
79971.0,-6889.189164608717
79972.0,-6889.170183459918
79973.0,-6889.151202311118
79974.0,-6889.132221162319
79975.0,-6889.11324001352
79976.0,-6889.09425886472
79977.0,-6889.075277715921
79978.0,-6889.056296567122
79979.0,-6889.037315418323
79980.0,-6889.018334269524
79981.0,-6888.999353120725
79982.0,-6888.980371971925
79983.0,-6888.961390823126
79984.0,-6888.942409674327
79985.0,-6888.923428525527
79986.0,-6888.904447376728
79987.0,-6888.885466227929
79988.0,-6888.866485079129
79989.0,-6888.84750393033
79990.0,-6888.828522781531
79991.0,-6888.809541632731
79992.0,-6888.7905604839325
79993.0,-6888.7715793351335
79994.0,-6888.752598186334
79995.0,-6888.733617037535
79996.0,-6888.714635888736
79997.0,-6888.695654739936
79998.0,-6888.676673591137
79999.0,-6888.657692442338
80000.0,-6888.638711293538
80001.0,-6888.619730144739
80002.0,-6888.60074899594
80003.0,-6888.58176784714
80004.0,-6888.562786698341
80005.0,-6888.543805549542
80006.0,-6888.524824400743
80007.0,-6888.505843251944
80008.0,-6888.486862103145
80009.0,-6888.467880954345
80010.0,-6888.448899805546
80011.0,-6888.429918656747
80012.0,-6888.410937507947
80013.0,-6888.391956359148
80014.0,-6888.372975210349
80015.0,-6888.353994061549
80016.0,-6888.33501291275
80017.0,-6888.316031763951
80018.0,-6888.297050615151
80019.0,-6888.2780694663525
80020.0,-6888.2590883175535
80021.0,-6888.240107168754
80022.0,-6888.221126019955
80023.0,-6888.202144871156
80024.0,-6888.183163722356
80025.0,-6888.164182573557
80026.0,-6888.145201424758
80027.0,-6888.126220275958
80028.0,-6888.107239127159
80029.0,-6888.08825797836
80030.0,-6888.06927682956
80031.0,-6888.050295680761
80032.0,-6888.031314531962
80033.0,-6888.0123333831625
80034.0,-6887.993352234364
80035.0,-6887.974371085565
80036.0,-6887.955389936765
80037.0,-6887.936408787966
80038.0,-6887.917427639167
80039.0,-6887.898446490367
80040.0,-6887.879465341568
80041.0,-6887.860484192769
80042.0,-6887.841503043969
80043.0,-6887.82252189517
80044.0,-6887.803540746371
80045.0,-6887.784559597571
80046.0,-6887.765578448772
80047.0,-6887.7465972999735
80048.0,-6887.727616151174
80049.0,-6887.708635002375
80050.0,-6887.689653853576
80051.0,-6887.670672704776
80052.0,-6887.651691555977
80053.0,-6887.632710407178
80054.0,-6887.613729258378
80055.0,-6887.594748109579
80056.0,-6887.57576696078
80057.0,-6887.55678581198
80058.0,-6887.537804663181
80059.0,-6887.518823514382
80060.0,-6887.4998423655825
80061.0,-6887.4808612167835
80062.0,-6887.461880067985
80063.0,-6887.442898919185
80064.0,-6887.423917770386
80065.0,-6887.404936621587
80066.0,-6887.385955472787
80067.0,-6887.366974323988
80068.0,-6887.347993175189
80069.0,-6887.329012026389
80070.0,-6887.31003087759
80071.0,-6887.291049728791
80072.0,-6887.272068579991
80073.0,-6887.253087431192
80074.0,-6887.234106282393
80075.0,-6887.215125133594
80076.0,-6887.196143984795
80077.0,-6887.177162835996
80078.0,-6887.158181687196
80079.0,-6887.139200538397
80080.0,-6887.120219389598
80081.0,-6887.101238240798
80082.0,-6887.082257091999
80083.0,-6887.0632759432
80084.0,-6887.0442947944
80085.0,-6887.025313645601
80086.0,-6887.006332496802
80087.0,-6886.987351348002
80088.0,-6886.9683701992035
80089.0,-6886.9493890504045
80090.0,-6886.930407901605
80091.0,-6886.911426752806
80092.0,-6886.892445604007
80093.0,-6886.873464455207
80094.0,-6886.854483306408
80095.0,-6886.835502157609
80096.0,-6886.816521008809
80097.0,-6886.79753986001
80098.0,-6886.778558711211
80099.0,-6886.759577562411
80100.0,-6886.740596413612
80101.0,-6886.721615264813
80102.0,-6886.7026341160135
80103.0,-6886.683652967215
80104.0,-6886.664671818416
80105.0,-6886.645690669616
80106.0,-6886.626709520817
80107.0,-6886.607728372018
80108.0,-6886.588747223218
80109.0,-6886.569766074419
80110.0,-6886.55078492562
80111.0,-6886.53180377682
80112.0,-6886.512822628021
80113.0,-6886.493841479222
80114.0,-6886.474860330422
80115.0,-6886.4558791816235
80116.0,-6886.4368980328245
80117.0,-6886.417916884025
80118.0,-6886.398935735226
80119.0,-6886.379954586427
80120.0,-6886.360973437627
80121.0,-6886.341992288828
80122.0,-6886.323011140029
80123.0,-6886.304029991229
80124.0,-6886.28504884243
80125.0,-6886.266067693631
80126.0,-6886.247086544831
80127.0,-6886.228105396032
80128.0,-6886.209124247233
80129.0,-6886.1901430984335
80130.0,-6886.171161949635
80131.0,-6886.152180800836
80132.0,-6886.133199652036
80133.0,-6886.114218503237
80134.0,-6886.095237354438
80135.0,-6886.076256205638
80136.0,-6886.057275056839
80137.0,-6886.03829390804
80138.0,-6886.01931275924
80139.0,-6886.000331610441
80140.0,-6885.981350461642
80141.0,-6885.962369312842
80142.0,-6885.943388164043
80143.0,-6885.9244070152445
80144.0,-6885.905425866445
80145.0,-6885.886444717646
80146.0,-6885.867463568847
80147.0,-6885.848482420047
80148.0,-6885.829501271248
80149.0,-6885.810520122449
80150.0,-6885.791538973649
80151.0,-6885.77255782485
80152.0,-6885.753576676051
80153.0,-6885.734595527251
80154.0,-6885.715614378452
80155.0,-6885.696633229653
80156.0,-6885.6776520808535
80157.0,-6885.6586709320545
80158.0,-6885.639689783256
80159.0,-6885.620708634456
80160.0,-6885.601727485657
80161.0,-6885.582746336858
80162.0,-6885.563765188058
80163.0,-6885.544784039259
80164.0,-6885.52580289046
80165.0,-6885.50682174166
80166.0,-6885.487840592861
80167.0,-6885.468859444062
80168.0,-6885.449878295262
80169.0,-6885.430897146463
80170.0,-6885.411915997664
80171.0,-6885.392934848865
80172.0,-6885.373953700066
80173.0,-6885.354972551267
80174.0,-6885.335991402467
80175.0,-6885.317010253668
80176.0,-6885.298029104869
80177.0,-6885.279047956069
80178.0,-6885.26006680727
80179.0,-6885.241085658471
80180.0,-6885.222104509671
80181.0,-6885.203123360872
80182.0,-6885.184142212073
80183.0,-6885.165161063273
80184.0,-6885.1461799144745
80185.0,-6885.1271987656755
80186.0,-6885.108217616876
80187.0,-6885.089236468077
80188.0,-6885.070255319278
80189.0,-6885.051274170478
80190.0,-6885.032293021679
80191.0,-6885.01331187288
80192.0,-6884.99433072408
80193.0,-6884.975349575281
80194.0,-6884.956368426482
80195.0,-6884.937387277682
80196.0,-6884.918406128883
80197.0,-6884.899424980084
80198.0,-6884.8804438312845
80199.0,-6884.861462682486
80200.0,-6884.842481533687
80201.0,-6884.823500384887
80202.0,-6884.804519236088
80203.0,-6884.785538087289
80204.0,-6884.766556938489
80205.0,-6884.74757578969
80206.0,-6884.728594640891
80207.0,-6884.709613492091
80208.0,-6884.690632343292
80209.0,-6884.671651194493
80210.0,-6884.652670045693
80211.0,-6884.6336888968945
80212.0,-6884.6147077480955
80213.0,-6884.595726599296
80214.0,-6884.576745450497
80215.0,-6884.557764301698
80216.0,-6884.538783152898
80217.0,-6884.519802004099
80218.0,-6884.5008208553
80219.0,-6884.4818397065
80220.0,-6884.462858557701
80221.0,-6884.443877408902
80222.0,-6884.424896260102
80223.0,-6884.405915111303
80224.0,-6884.386933962504
80225.0,-6884.3679528137045
80226.0,-6884.348971664906
80227.0,-6884.329990516107
80228.0,-6884.311009367307
80229.0,-6884.292028218508
80230.0,-6884.273047069709
80231.0,-6884.254065920909
80232.0,-6884.23508477211
80233.0,-6884.216103623311
80234.0,-6884.197122474511
80235.0,-6884.178141325712
80236.0,-6884.159160176913
80237.0,-6884.140179028113
80238.0,-6884.121197879314
80239.0,-6884.1022167305155
80240.0,-6884.083235581716
80241.0,-6884.064254432917
80242.0,-6884.045273284118
80243.0,-6884.026292135318
80244.0,-6884.007310986519
80245.0,-6883.98832983772
80246.0,-6883.96934868892
80247.0,-6883.950367540121
80248.0,-6883.931386391322
80249.0,-6883.912405242522
80250.0,-6883.893424093723
80251.0,-6883.874442944924
80252.0,-6883.8554617961245
80253.0,-6883.8364806473255
80254.0,-6883.817499498527
80255.0,-6883.798518349727
80256.0,-6883.779537200928
80257.0,-6883.760556052129
80258.0,-6883.741574903329
80259.0,-6883.72259375453
80260.0,-6883.703612605731
80261.0,-6883.684631456931
80262.0,-6883.665650308132
80263.0,-6883.646669159333
80264.0,-6883.627688010533
80265.0,-6883.608706861734
80266.0,-6883.589725712935
80267.0,-6883.570744564136
80268.0,-6883.551763415337
80269.0,-6883.532782266538
80270.0,-6883.513801117738
80271.0,-6883.494819968939
80272.0,-6883.47583882014
80273.0,-6883.45685767134
80274.0,-6883.437876522541
80275.0,-6883.418895373742
80276.0,-6883.399914224942
80277.0,-6883.380933076143
80278.0,-6883.361951927344
80279.0,-6883.342970778544
80280.0,-6883.3239896297455
80281.0,-6883.3050084809465
80282.0,-6883.286027332147
80283.0,-6883.267046183348
80284.0,-6883.248065034549
80285.0,-6883.229083885749
80286.0,-6883.21010273695
80287.0,-6883.191121588151
80288.0,-6883.172140439351
80289.0,-6883.153159290552
80290.0,-6883.134178141753
80291.0,-6883.115196992953
80292.0,-6883.096215844154
80293.0,-6883.077234695355
80294.0,-6883.0582535465555
80295.0,-6883.039272397757
80296.0,-6883.020291248958
80297.0,-6883.001310100158
80298.0,-6882.982328951359
80299.0,-6882.96334780256
80300.0,-6882.94436665376
80301.0,-6882.925385504961
80302.0,-6882.906404356162
80303.0,-6882.887423207362
80304.0,-6882.868442058563
80305.0,-6882.849460909764
80306.0,-6882.830479760964
80307.0,-6882.811498612165
80308.0,-6882.7925174633665
80309.0,-6882.773536314567
80310.0,-6882.754555165768
80311.0,-6882.735574016969
80312.0,-6882.716592868169
80313.0,-6882.69761171937
80314.0,-6882.678630570571
80315.0,-6882.659649421771
80316.0,-6882.640668272972
80317.0,-6882.621687124173
80318.0,-6882.602705975373
80319.0,-6882.583724826574
80320.0,-6882.564743677775
80321.0,-6882.5457625289755
80322.0,-6882.5267813801765
80323.0,-6882.507800231378
80324.0,-6882.488819082578
80325.0,-6882.469837933779
80326.0,-6882.45085678498
80327.0,-6882.43187563618
80328.0,-6882.412894487381
80329.0,-6882.393913338582
80330.0,-6882.374932189782
80331.0,-6882.355951040983
80332.0,-6882.336969892184
80333.0,-6882.317988743384
80334.0,-6882.299007594585
80335.0,-6882.2800264457865
80336.0,-6882.261045296987
80337.0,-6882.242064148188
80338.0,-6882.223082999389
80339.0,-6882.204101850589
80340.0,-6882.18512070179
80341.0,-6882.166139552991
80342.0,-6882.147158404191
80343.0,-6882.128177255392
80344.0,-6882.109196106593
80345.0,-6882.090214957793
80346.0,-6882.071233808994
80347.0,-6882.052252660195
80348.0,-6882.0332715113955
80349.0,-6882.0142903625965
80350.0,-6881.995309213798
80351.0,-6881.976328064998
80352.0,-6881.957346916199
80353.0,-6881.9383657674
80354.0,-6881.9193846186
80355.0,-6881.900403469801
80356.0,-6881.881422321002
80357.0,-6881.862441172202
80358.0,-6881.843460023403
80359.0,-6881.824478874604
80360.0,-6881.805497725804
80361.0,-6881.786516577005
80362.0,-6881.767535428206
80363.0,-6881.748554279407
80364.0,-6881.729573130608
80365.0,-6881.710591981809
80366.0,-6881.691610833009
80367.0,-6881.67262968421
80368.0,-6881.653648535411
80369.0,-6881.634667386611
80370.0,-6881.615686237812
80371.0,-6881.596705089013
80372.0,-6881.577723940213
80373.0,-6881.558742791414
80374.0,-6881.539761642615
80375.0,-6881.520780493815
80376.0,-6881.5017993450165
80377.0,-6881.4828181962175
80378.0,-6881.463837047418
80379.0,-6881.444855898619
80380.0,-6881.42587474982
80381.0,-6881.40689360102
80382.0,-6881.387912452221
80383.0,-6881.368931303422
80384.0,-6881.349950154622
80385.0,-6881.330969005823
80386.0,-6881.311987857024
80387.0,-6881.293006708224
80388.0,-6881.274025559425
80389.0,-6881.255044410626
80390.0,-6881.2360632618265
80391.0,-6881.217082113028
80392.0,-6881.198100964229
80393.0,-6881.179119815429
80394.0,-6881.16013866663
80395.0,-6881.141157517831
80396.0,-6881.122176369031
80397.0,-6881.103195220232
80398.0,-6881.084214071433
80399.0,-6881.065232922633
80400.0,-6881.046251773834
80401.0,-6881.027270625035
80402.0,-6881.008289476235
80403.0,-6880.989308327436
80404.0,-6880.9703271786375
80405.0,-6880.951346029838
80406.0,-6880.932364881039
80407.0,-6880.91338373224
80408.0,-6880.89440258344
80409.0,-6880.875421434641
80410.0,-6880.856440285842
80411.0,-6880.837459137042
80412.0,-6880.818477988243
80413.0,-6880.799496839444
80414.0,-6880.780515690644
80415.0,-6880.761534541845
80416.0,-6880.742553393046
80417.0,-6880.7235722442465
80418.0,-6880.7045910954475
80419.0,-6880.685609946649
80420.0,-6880.666628797849
80421.0,-6880.64764764905
80422.0,-6880.628666500251
80423.0,-6880.609685351451
80424.0,-6880.590704202652
80425.0,-6880.571723053853
80426.0,-6880.552741905053
80427.0,-6880.533760756254
80428.0,-6880.514779607455
80429.0,-6880.495798458655
80430.0,-6880.476817309856
80431.0,-6880.4578361610575
80432.0,-6880.438855012258
80433.0,-6880.419873863459
80434.0,-6880.40089271466
80435.0,-6880.38191156586
80436.0,-6880.362930417061
80437.0,-6880.343949268262
80438.0,-6880.324968119462
80439.0,-6880.305986970663
80440.0,-6880.287005821864
80441.0,-6880.268024673064
80442.0,-6880.249043524265
80443.0,-6880.230062375466
80444.0,-6880.2110812266665
80445.0,-6880.1921000778675
80446.0,-6880.173118929069
80447.0,-6880.154137780269
80448.0,-6880.13515663147
80449.0,-6880.116175482671
80450.0,-6880.097194333871
80451.0,-6880.078213185072
80452.0,-6880.059232036273
80453.0,-6880.040250887473
80454.0,-6880.021269738674
80455.0,-6880.002288589875
80456.0,-6879.983307441075
80457.0,-6879.964326292276
80458.0,-6879.945345143477
80459.0,-6879.926363994678
80460.0,-6879.907382845879
80461.0,-6879.88840169708
80462.0,-6879.86942054828
80463.0,-6879.850439399481
80464.0,-6879.831458250682
80465.0,-6879.812477101882
80466.0,-6879.793495953083
80467.0,-6879.774514804284
80468.0,-6879.755533655484
80469.0,-6879.736552506685
80470.0,-6879.717571357886
80471.0,-6879.698590209086
80472.0,-6879.6796090602875
80473.0,-6879.6606279114885
80474.0,-6879.641646762689
80475.0,-6879.62266561389
80476.0,-6879.603684465091
80477.0,-6879.584703316291
80478.0,-6879.565722167492
80479.0,-6879.546741018693
80480.0,-6879.527759869893
80481.0,-6879.508778721094
80482.0,-6879.489797572295
80483.0,-6879.470816423495
80484.0,-6879.451835274696
80485.0,-6879.432854125897
80486.0,-6879.4138729770975
80487.0,-6879.394891828299
80488.0,-6879.3759106795
80489.0,-6879.3569295307
80490.0,-6879.337948381901
80491.0,-6879.318967233102
80492.0,-6879.299986084302
80493.0,-6879.281004935503
80494.0,-6879.262023786704
80495.0,-6879.243042637904
80496.0,-6879.224061489105
80497.0,-6879.205080340306
80498.0,-6879.186099191506
80499.0,-6879.167118042707
80500.0,-6879.1481368939085
80501.0,-6879.129155745109
80502.0,-6879.11017459631
80503.0,-6879.091193447511
80504.0,-6879.072212298711
80505.0,-6879.053231149912
80506.0,-6879.034250001113
80507.0,-6879.015268852313
80508.0,-6878.996287703514
80509.0,-6878.977306554715
80510.0,-6878.958325405915
80511.0,-6878.939344257116
80512.0,-6878.920363108317
80513.0,-6878.9013819595175
80514.0,-6878.8824008107185
80515.0,-6878.86341966192
80516.0,-6878.84443851312
80517.0,-6878.825457364321
80518.0,-6878.806476215522
80519.0,-6878.787495066722
80520.0,-6878.768513917923
80521.0,-6878.749532769124
80522.0,-6878.730551620324
80523.0,-6878.711570471525
80524.0,-6878.692589322726
80525.0,-6878.673608173926
80526.0,-6878.654627025127
80527.0,-6878.635645876328
80528.0,-6878.616664727529
80529.0,-6878.59768357873
80530.0,-6878.578702429931
80531.0,-6878.559721281131
80532.0,-6878.540740132332
80533.0,-6878.521758983533
80534.0,-6878.502777834733
80535.0,-6878.483796685934
80536.0,-6878.464815537135
80537.0,-6878.445834388335
80538.0,-6878.426853239536
80539.0,-6878.407872090737
80540.0,-6878.3888909419375
80541.0,-6878.3699097931385
80542.0,-6878.35092864434
80543.0,-6878.33194749554
80544.0,-6878.312966346741
80545.0,-6878.293985197942
80546.0,-6878.275004049142
80547.0,-6878.256022900343
80548.0,-6878.237041751544
80549.0,-6878.218060602744
80550.0,-6878.199079453945
80551.0,-6878.180098305146
80552.0,-6878.161117156346
80553.0,-6878.142136007547
80554.0,-6878.123154858748
80555.0,-6878.104173709949
80556.0,-6878.08519256115
80557.0,-6878.066211412351
80558.0,-6878.047230263551
80559.0,-6878.028249114752
80560.0,-6878.009267965953
80561.0,-6877.990286817153
80562.0,-6877.971305668354
80563.0,-6877.952324519555
80564.0,-6877.933343370755
80565.0,-6877.914362221956
80566.0,-6877.895381073157
80567.0,-6877.876399924357
80568.0,-6877.8574187755585
80569.0,-6877.8384376267595
80570.0,-6877.81945647796
80571.0,-6877.800475329161
80572.0,-6877.781494180362
80573.0,-6877.762513031562
80574.0,-6877.743531882763
80575.0,-6877.724550733964
80576.0,-6877.705569585164
80577.0,-6877.686588436365
80578.0,-6877.667607287566
80579.0,-6877.648626138766
80580.0,-6877.629644989967
80581.0,-6877.610663841168
80582.0,-6877.5916826923685
80583.0,-6877.57270154357
80584.0,-6877.553720394771
80585.0,-6877.534739245971
80586.0,-6877.515758097172
80587.0,-6877.496776948373
80588.0,-6877.477795799573
80589.0,-6877.458814650774
80590.0,-6877.439833501975
80591.0,-6877.420852353175
80592.0,-6877.401871204376
80593.0,-6877.382890055577
80594.0,-6877.363908906777
80595.0,-6877.344927757978
80596.0,-6877.3259466091795
80597.0,-6877.30696546038
80598.0,-6877.287984311581
80599.0,-6877.269003162782
80600.0,-6877.250022013982
80601.0,-6877.231040865183
80602.0,-6877.212059716384
80603.0,-6877.193078567584
80604.0,-6877.174097418785
80605.0,-6877.155116269986
80606.0,-6877.136135121186
80607.0,-6877.117153972387
80608.0,-6877.098172823588
80609.0,-6877.0791916747885
80610.0,-6877.0602105259895
80611.0,-6877.041229377191
80612.0,-6877.022248228391
80613.0,-6877.003267079592
80614.0,-6876.984285930793
80615.0,-6876.965304781993
80616.0,-6876.946323633194
80617.0,-6876.927342484395
80618.0,-6876.908361335595
80619.0,-6876.889380186796
80620.0,-6876.870399037997
80621.0,-6876.851417889197
80622.0,-6876.832436740398
80623.0,-6876.813455591599
80624.0,-6876.7944744428
80625.0,-6876.775493294001
80626.0,-6876.756512145202
80627.0,-6876.737530996402
80628.0,-6876.718549847603
80629.0,-6876.699568698804
80630.0,-6876.680587550004
80631.0,-6876.661606401205
80632.0,-6876.642625252406
80633.0,-6876.623644103606
80634.0,-6876.604662954807
80635.0,-6876.585681806008
80636.0,-6876.5667006572085
80637.0,-6876.5477195084095
80638.0,-6876.5287383596105
80639.0,-6876.509757210811
80640.0,-6876.490776062012
80641.0,-6876.471794913213
80642.0,-6876.452813764413
80643.0,-6876.433832615614
80644.0,-6876.414851466815
80645.0,-6876.395870318015
80646.0,-6876.376889169216
80647.0,-6876.357908020417
80648.0,-6876.338926871617
80649.0,-6876.319945722818
80650.0,-6876.300964574019
80651.0,-6876.28198342522
80652.0,-6876.263002276421
80653.0,-6876.244021127622
80654.0,-6876.225039978822
80655.0,-6876.206058830023
80656.0,-6876.187077681224
80657.0,-6876.168096532424
80658.0,-6876.149115383625
80659.0,-6876.130134234826
80660.0,-6876.111153086026
80661.0,-6876.092171937227
80662.0,-6876.073190788428
80663.0,-6876.054209639628
80664.0,-6876.0352284908295
80665.0,-6876.0162473420305
80666.0,-6875.997266193231
80667.0,-6875.978285044432
80668.0,-6875.959303895633
80669.0,-6875.940322746833
80670.0,-6875.921341598034
80671.0,-6875.902360449235
80672.0,-6875.883379300435
80673.0,-6875.864398151636
80674.0,-6875.845417002837
80675.0,-6875.826435854037
80676.0,-6875.807454705238
80677.0,-6875.788473556439
80678.0,-6875.7694924076395
80679.0,-6875.750511258841
80680.0,-6875.731530110042
80681.0,-6875.712548961242
80682.0,-6875.693567812443
80683.0,-6875.674586663644
80684.0,-6875.655605514844
80685.0,-6875.636624366045
80686.0,-6875.617643217246
80687.0,-6875.598662068446
80688.0,-6875.579680919647
80689.0,-6875.560699770848
80690.0,-6875.541718622048
80691.0,-6875.522737473249
80692.0,-6875.5037563244505
80693.0,-6875.484775175651
80694.0,-6875.465794026852
80695.0,-6875.446812878053
80696.0,-6875.427831729253
80697.0,-6875.408850580454
80698.0,-6875.389869431655
80699.0,-6875.370888282855
80700.0,-6875.351907134056
80701.0,-6875.332925985257
80702.0,-6875.313944836457
80703.0,-6875.294963687658
80704.0,-6875.275982538859
80705.0,-6875.2570013900595
80706.0,-6875.2380202412605
80707.0,-6875.219039092462
80708.0,-6875.200057943662
80709.0,-6875.181076794863
80710.0,-6875.162095646064
80711.0,-6875.143114497264
80712.0,-6875.124133348465
80713.0,-6875.105152199666
80714.0,-6875.086171050866
80715.0,-6875.067189902067
80716.0,-6875.048208753268
80717.0,-6875.029227604468
80718.0,-6875.010246455669
80719.0,-6874.99126530687
80720.0,-6874.972284158071
80721.0,-6874.953303009272
80722.0,-6874.934321860473
80723.0,-6874.915340711673
80724.0,-6874.896359562874
80725.0,-6874.877378414075
80726.0,-6874.858397265275
80727.0,-6874.839416116476
80728.0,-6874.820434967677
80729.0,-6874.801453818877
80730.0,-6874.782472670078
80731.0,-6874.763491521279
80732.0,-6874.744510372479
80733.0,-6874.7255292236805
80734.0,-6874.7065480748815
80735.0,-6874.687566926082
80736.0,-6874.668585777283
80737.0,-6874.649604628484
80738.0,-6874.630623479684
80739.0,-6874.611642330885
80740.0,-6874.592661182086
80741.0,-6874.573680033286
80742.0,-6874.554698884487
80743.0,-6874.535717735688
80744.0,-6874.516736586888
80745.0,-6874.497755438089
80746.0,-6874.47877428929
80747.0,-6874.459793140491
80748.0,-6874.440811991692
80749.0,-6874.421830842893
80750.0,-6874.402849694093
80751.0,-6874.383868545294
80752.0,-6874.364887396495
80753.0,-6874.345906247695
80754.0,-6874.326925098896
80755.0,-6874.307943950097
80756.0,-6874.288962801297
80757.0,-6874.269981652498
80758.0,-6874.251000503699
80759.0,-6874.232019354899
80760.0,-6874.2130382061005
80761.0,-6874.1940570573015
80762.0,-6874.175075908502
80763.0,-6874.156094759703
80764.0,-6874.137113610904
80765.0,-6874.118132462104
80766.0,-6874.099151313305
80767.0,-6874.080170164506
80768.0,-6874.061189015706
80769.0,-6874.042207866907
80770.0,-6874.023226718108
80771.0,-6874.004245569308
80772.0,-6873.985264420509
80773.0,-6873.96628327171
80774.0,-6873.9473021229105
80775.0,-6873.928320974112
80776.0,-6873.909339825313
80777.0,-6873.890358676513
80778.0,-6873.871377527714
80779.0,-6873.852396378915
80780.0,-6873.833415230115
80781.0,-6873.814434081316
80782.0,-6873.795452932517
80783.0,-6873.776471783717
80784.0,-6873.757490634918
80785.0,-6873.738509486119
80786.0,-6873.719528337319
80787.0,-6873.70054718852
80788.0,-6873.6815660397215
80789.0,-6873.662584890922
80790.0,-6873.643603742123
80791.0,-6873.624622593324
80792.0,-6873.605641444524
80793.0,-6873.586660295725
80794.0,-6873.567679146926
80795.0,-6873.548697998126
80796.0,-6873.529716849327
80797.0,-6873.510735700528
80798.0,-6873.491754551728
80799.0,-6873.472773402929
80800.0,-6873.45379225413
80801.0,-6873.4348111053305
80802.0,-6873.4158299565315
80803.0,-6873.396848807733
80804.0,-6873.377867658933
80805.0,-6873.358886510134
80806.0,-6873.339905361335
80807.0,-6873.320924212535
80808.0,-6873.301943063736
80809.0,-6873.282961914937
80810.0,-6873.263980766137
80811.0,-6873.244999617338
80812.0,-6873.226018468539
80813.0,-6873.207037319739
80814.0,-6873.18805617094
80815.0,-6873.169075022141
80816.0,-6873.150093873342
80817.0,-6873.131112724543
80818.0,-6873.112131575744
80819.0,-6873.093150426944
80820.0,-6873.074169278145
80821.0,-6873.055188129346
80822.0,-6873.036206980546
80823.0,-6873.017225831747
80824.0,-6872.998244682948
80825.0,-6872.979263534148
80826.0,-6872.960282385349
80827.0,-6872.94130123655
80828.0,-6872.92232008775
80829.0,-6872.9033389389515
80830.0,-6872.8843577901525
80831.0,-6872.865376641353
80832.0,-6872.846395492554
80833.0,-6872.827414343755
80834.0,-6872.808433194955
80835.0,-6872.789452046156
80836.0,-6872.770470897357
80837.0,-6872.751489748557
80838.0,-6872.732508599758
80839.0,-6872.713527450959
80840.0,-6872.694546302159
80841.0,-6872.67556515336
80842.0,-6872.656584004561
80843.0,-6872.6376028557615
80844.0,-6872.618621706963
80845.0,-6872.599640558164
80846.0,-6872.580659409364
80847.0,-6872.561678260565
80848.0,-6872.542697111766
80849.0,-6872.523715962966
80850.0,-6872.504734814167
80851.0,-6872.485753665368
80852.0,-6872.466772516568
80853.0,-6872.447791367769
80854.0,-6872.42881021897
80855.0,-6872.40982907017
80856.0,-6872.3908479213715
80857.0,-6872.3718667725725
80858.0,-6872.352885623773
80859.0,-6872.333904474974
80860.0,-6872.314923326175
80861.0,-6872.295942177375
80862.0,-6872.276961028576
80863.0,-6872.257979879777
80864.0,-6872.238998730977
80865.0,-6872.220017582178
80866.0,-6872.201036433379
80867.0,-6872.182055284579
80868.0,-6872.16307413578
80869.0,-6872.144092986981
80870.0,-6872.1251118381815
80871.0,-6872.106130689383
80872.0,-6872.087149540584
80873.0,-6872.068168391784
80874.0,-6872.049187242985
80875.0,-6872.030206094186
80876.0,-6872.011224945386
80877.0,-6871.992243796587
80878.0,-6871.973262647788
80879.0,-6871.954281498988
80880.0,-6871.935300350189
80881.0,-6871.91631920139
80882.0,-6871.89733805259
80883.0,-6871.878356903791
80884.0,-6871.8593757549925
80885.0,-6871.840394606193
80886.0,-6871.821413457394
80887.0,-6871.802432308595
80888.0,-6871.783451159795
80889.0,-6871.764470010996
80890.0,-6871.745488862197
80891.0,-6871.726507713397
80892.0,-6871.707526564598
80893.0,-6871.688545415799
80894.0,-6871.669564266999
80895.0,-6871.6505831182
80896.0,-6871.631601969401
80897.0,-6871.6297745803995
80898.0,-6871.627947191398
80899.0,-6871.626119802396
80900.0,-6871.624292413394
80901.0,-6871.622465024392
80902.0,-6871.62063763539
80903.0,-6871.618810246388
80904.0,-6871.616982857387
80905.0,-6871.615155468385
80906.0,-6871.613328079383
80907.0,-6871.611500690381
80908.0,-6871.609673301379
80909.0,-6871.607845912377
80910.0,-6871.6060185233755
80911.0,-6871.604191134374
80912.0,-6871.602363745372
80913.0,-6871.60053635637
80914.0,-6871.598708967368
80915.0,-6871.596881578366
80916.0,-6871.595054189364
80917.0,-6871.593226800363
80918.0,-6871.591399411361
80919.0,-6871.589572022359
80920.0,-6871.587744633357
80921.0,-6871.585917244355
80922.0,-6871.584089855353
80923.0,-6871.5822624663515
80924.0,-6871.58043507735
80925.0,-6871.578607688348
80926.0,-6871.576780299346
80927.0,-6871.574952910344
80928.0,-6871.573125521342
80929.0,-6871.57129813234
80930.0,-6871.569470743339
80931.0,-6871.567643354337
80932.0,-6871.565815965335
80933.0,-6871.563988576333
80934.0,-6871.562161187331
80935.0,-6871.560333798329
80936.0,-6871.5585064093275
80937.0,-6871.556679020326
80938.0,-6871.554851631324
80939.0,-6871.553024242322
80940.0,-6871.55119685332
80941.0,-6871.549369464318
80942.0,-6871.547542075316
80943.0,-6871.545714686315
80944.0,-6871.543887297313
80945.0,-6871.542059908311
80946.0,-6871.540232519309
80947.0,-6871.538405130307
80948.0,-6871.536577741305
80949.0,-6871.5347503523035
80950.0,-6871.532922963302
80951.0,-6871.5310955743
80952.0,-6871.529268185298
80953.0,-6871.527440796296
80954.0,-6871.525613407294
80955.0,-6871.523786018292
80956.0,-6871.521958629291
80957.0,-6871.520131240289
80958.0,-6871.518303851287
80959.0,-6871.516476462285
80960.0,-6871.514649073283
80961.0,-6871.512821684281
80962.0,-6871.5109942952795
80963.0,-6871.509166906278
80964.0,-6871.507339517276
80965.0,-6871.505512128274
80966.0,-6871.503684739272
80967.0,-6871.50185735027
80968.0,-6871.500029961268
80969.0,-6871.498202572267
80970.0,-6871.496375183265
80971.0,-6871.494547794263
80972.0,-6871.492720405261
80973.0,-6871.490893016259
80974.0,-6871.489065627257
80975.0,-6871.4872382382555
80976.0,-6871.485410849254
80977.0,-6871.483583460252
80978.0,-6871.48175607125
80979.0,-6871.479928682248
80980.0,-6871.478101293246
80981.0,-6871.476273904244
80982.0,-6871.474446515243
80983.0,-6871.472619126241
80984.0,-6871.470791737239
80985.0,-6871.468964348237
80986.0,-6871.467136959235
80987.0,-6871.465309570233
80988.0,-6871.4634821812315
80989.0,-6871.46165479223
80990.0,-6871.459827403228
80991.0,-6871.458000014226
80992.0,-6871.456172625224
80993.0,-6871.454345236222
80994.0,-6871.45251784722
80995.0,-6871.450690458219
80996.0,-6871.448863069217
80997.0,-6871.447035680215
80998.0,-6871.445208291213
80999.0,-6871.443380902211
81000.0,-6871.441553513209
81001.0,-6871.4397261242075
81002.0,-6871.437898735206
81003.0,-6871.436071346204
81004.0,-6871.434243957202
81005.0,-6871.4324165682
81006.0,-6871.430589179198
81007.0,-6871.428761790196
81008.0,-6871.426934401195
81009.0,-6871.425107012193
81010.0,-6871.423279623191
81011.0,-6871.421452234189
81012.0,-6871.419624845187
81013.0,-6871.417797456185
81014.0,-6871.4159700671835
81015.0,-6871.414142678182
81016.0,-6871.41231528918
81017.0,-6871.410487900178
81018.0,-6871.408660511176
81019.0,-6871.406833122174
81020.0,-6871.405005733172
81021.0,-6871.403178344171
81022.0,-6871.401350955169
81023.0,-6871.399523566167
81024.0,-6871.397696177165
81025.0,-6871.395868788163
81026.0,-6871.394041399161
81027.0,-6871.3922140101595
81028.0,-6871.390386621158
81029.0,-6871.388559232156
81030.0,-6871.386731843154
81031.0,-6871.384904454152
81032.0,-6871.38307706515
81033.0,-6871.381249676148
81034.0,-6871.379422287147
81035.0,-6871.377594898145
81036.0,-6871.375767509143
81037.0,-6871.373940120141
81038.0,-6871.372112731139
81039.0,-6871.370285342137
81040.0,-6871.3684579531355
81041.0,-6871.366630564134
81042.0,-6871.364803175132
81043.0,-6871.36297578613
81044.0,-6871.361148397128
81045.0,-6871.359321008126
81046.0,-6871.357493619124
81047.0,-6871.355666230123
81048.0,-6871.353838841121
81049.0,-6871.352011452119
81050.0,-6871.350184063117
81051.0,-6871.348356674115
81052.0,-6871.346529285113
81053.0,-6871.3447018961115
81054.0,-6871.34287450711
81055.0,-6871.341047118108
81056.0,-6871.339219729106
81057.0,-6871.337392340104
81058.0,-6871.335564951102
81059.0,-6871.3337375621
81060.0,-6871.331910173099
81061.0,-6871.330082784097
81062.0,-6871.328255395095
81063.0,-6871.326428006093
81064.0,-6871.324600617091
81065.0,-6871.322773228089
81066.0,-6871.3209458390875
81067.0,-6871.319118450086
81068.0,-6871.317291061084
81069.0,-6871.315463672082
81070.0,-6871.31363628308
81071.0,-6871.311808894078
81072.0,-6871.309981505076
81073.0,-6871.308154116075
81074.0,-6871.306326727073
81075.0,-6871.304499338071
81076.0,-6871.302671949069
81077.0,-6871.300844560067
81078.0,-6871.299017171065
81079.0,-6871.2971897820635
81080.0,-6871.295362393062
81081.0,-6871.29353500406
81082.0,-6871.291707615058
81083.0,-6871.289880226056
81084.0,-6871.288052837054
81085.0,-6871.286225448052
81086.0,-6871.284398059051
81087.0,-6871.282570670049
81088.0,-6871.280743281047
81089.0,-6871.278915892045
81090.0,-6871.277088503043
81091.0,-6871.275261114041
81092.0,-6871.2734337250395
81093.0,-6871.271606336038
81094.0,-6871.269778947036
81095.0,-6871.267951558034
81096.0,-6871.266124169032
81097.0,-6871.26429678003
81098.0,-6871.262469391028
81099.0,-6871.2606420020265
81100.0,-6871.258814613025
81101.0,-6871.256987224023
81102.0,-6871.255159835021
81103.0,-6871.253332446019
81104.0,-6871.251505057017
81105.0,-6871.2496776680155
81106.0,-6871.247850279014
81107.0,-6871.246022890012
81108.0,-6871.24419550101
81109.0,-6871.242368112008
81110.0,-6871.240540723006
81111.0,-6871.238713334004
81112.0,-6871.2368859450025
81113.0,-6871.235058556001
81114.0,-6871.233231166999
81115.0,-6871.231403777997
81116.0,-6871.229576388995
81117.0,-6871.227748999993
81118.0,-6871.2259216109915
81119.0,-6871.22409422199
81120.0,-6871.222266832988
81121.0,-6871.220439443986
81122.0,-6871.218612054984
81123.0,-6871.216784665982
81124.0,-6871.21495727698
81125.0,-6871.2131298879785
81126.0,-6871.211302498977
81127.0,-6871.209475109975
81128.0,-6871.207647720973
81129.0,-6871.205820331971
81130.0,-6871.203992942969
81131.0,-6871.2021655539675
81132.0,-6871.200338164966
81133.0,-6871.198510775964
81134.0,-6871.196683386962
81135.0,-6871.19485599796
81136.0,-6871.193028608958
81137.0,-6871.191201219956
81138.0,-6871.1893738309545
81139.0,-6871.187546441953
81140.0,-6871.185719052951
81141.0,-6871.183891663949
81142.0,-6871.182064274947
81143.0,-6871.180236885945
81144.0,-6871.1784094969435
81145.0,-6871.176582107942
81146.0,-6871.17475471894
81147.0,-6871.172927329938
81148.0,-6871.171099940936
81149.0,-6871.169272551934
81150.0,-6871.167445162932
81151.0,-6871.1656177739305
81152.0,-6871.163790384929
81153.0,-6871.161962995927
81154.0,-6871.160135606925
81155.0,-6871.158308217923
81156.0,-6871.156480828921
81157.0,-6871.1546534399195
81158.0,-6871.152826050918
81159.0,-6871.150998661916
81160.0,-6871.149171272914
81161.0,-6871.147343883912
81162.0,-6871.14551649491
81163.0,-6871.143689105908
81164.0,-6871.1418617169065
81165.0,-6871.140034327905
81166.0,-6871.138206938903
81167.0,-6871.136379549901
81168.0,-6871.134552160899
81169.0,-6871.132724771897
81170.0,-6871.1308973828955
81171.0,-6871.129069993894
81172.0,-6871.127242604892
81173.0,-6871.12541521589
81174.0,-6871.123587826888
81175.0,-6871.121760437886
81176.0,-6871.119933048884
81177.0,-6871.1181056598825
81178.0,-6871.116278270881
81179.0,-6871.114450881879
81180.0,-6871.112623492877
81181.0,-6871.110796103875
81182.0,-6871.108968714873
81183.0,-6871.107141325871
81184.0,-6871.10531393687
81185.0,-6871.103486547868
81186.0,-6871.101659158866
81187.0,-6871.099831769864
81188.0,-6871.098004380862
81189.0,-6871.09617699186
81190.0,-6871.0943496028585
81191.0,-6871.092522213857
81192.0,-6871.090694824855
81193.0,-6871.088867435853
81194.0,-6871.087040046851
81195.0,-6871.085212657849
81196.0,-6871.083385268847
81197.0,-6871.081557879846
81198.0,-6871.079730490844
81199.0,-6871.077903101842
81200.0,-6871.07607571284
81201.0,-6871.074248323838
81202.0,-6871.072420934836
81203.0,-6871.0705935458345
81204.0,-6871.068766156833
81205.0,-6871.066938767831
81206.0,-6871.065111378829
81207.0,-6871.063283989827
81208.0,-6871.061456600825
81209.0,-6871.059629211823
81210.0,-6871.057801822822
81211.0,-6871.05597443382
81212.0,-6871.054147044818
81213.0,-6871.052319655816
81214.0,-6871.050492266814
81215.0,-6871.048664877812
81216.0,-6871.0468374888105
81217.0,-6871.045010099809
81218.0,-6871.043182710807
81219.0,-6871.041355321805
81220.0,-6871.039527932803
81221.0,-6871.037700543801
81222.0,-6871.035873154799
81223.0,-6871.034045765798
81224.0,-6871.032218376796
81225.0,-6871.030390987794
81226.0,-6871.028563598792
81227.0,-6871.02673620979
81228.0,-6871.024908820788
81229.0,-6871.0230814317865
81230.0,-6871.021254042785
81231.0,-6871.019426653783
81232.0,-6871.017599264781
81233.0,-6871.015771875779
81234.0,-6871.013944486777
81235.0,-6871.012117097775
81236.0,-6871.010289708774
81237.0,-6871.008462319772
81238.0,-6871.00663493077
81239.0,-6871.004807541768
81240.0,-6871.002980152766
81241.0,-6871.001152763764
81242.0,-6870.9993253747625
81243.0,-6870.997497985761
81244.0,-6870.995670596759
81245.0,-6870.993843207757
81246.0,-6870.992015818755
81247.0,-6870.990188429753
81248.0,-6870.988361040751
81249.0,-6870.98653365175
81250.0,-6870.984706262748
81251.0,-6870.982878873746
81252.0,-6870.981051484744
81253.0,-6870.979224095742
81254.0,-6870.97739670674
81255.0,-6870.9755693177385
81256.0,-6870.973741928737
81257.0,-6870.971914539735
81258.0,-6870.970087150733
81259.0,-6870.968259761731
81260.0,-6870.966432372729
81261.0,-6870.964604983727
81262.0,-6870.962777594726
81263.0,-6870.960950205724
81264.0,-6870.959122816722
81265.0,-6870.95729542772
81266.0,-6870.955468038718
81267.0,-6870.953640649716
81268.0,-6870.9518132607145
81269.0,-6870.949985871713
81270.0,-6870.948158482711
81271.0,-6870.946331093709
81272.0,-6870.944503704707
81273.0,-6870.942676315705
81274.0,-6870.940848926703
81275.0,-6870.939021537702
81276.0,-6870.9371941487
81277.0,-6870.935366759698
81278.0,-6870.933539370696
81279.0,-6870.931711981694
81280.0,-6870.929884592692
81281.0,-6870.9280572036905
81282.0,-6870.926229814689
81283.0,-6870.924402425687
81284.0,-6870.922575036685
81285.0,-6870.920747647683
81286.0,-6870.918920258681
81287.0,-6870.917092869679
81288.0,-6870.915265480678
81289.0,-6870.913438091676
81290.0,-6870.911610702674
81291.0,-6870.909783313672
81292.0,-6870.90795592467
81293.0,-6870.906128535668
81294.0,-6870.9043011466665
81295.0,-6870.902473757665
81296.0,-6870.900646368663
81297.0,-6870.898818979661
81298.0,-6870.896991590659
81299.0,-6870.895164201657
81300.0,-6870.893336812655
81301.0,-6870.891509423654
81302.0,-6870.889682034652
81303.0,-6870.88785464565
81304.0,-6870.886027256648
81305.0,-6870.884199867646
81306.0,-6870.882372478644
81307.0,-6870.8805450896425
81308.0,-6870.878717700641
81309.0,-6870.876890311639
81310.0,-6870.875062922637
81311.0,-6870.873235533635
81312.0,-6870.871408144633
81313.0,-6870.869580755631
81314.0,-6870.86775336663
81315.0,-6870.865925977628
81316.0,-6870.864098588626
81317.0,-6870.862271199624
81318.0,-6870.860443810622
81319.0,-6870.85861642162
81320.0,-6870.8567890326185
81321.0,-6870.854961643617
81322.0,-6870.853134254615
81323.0,-6870.851306865613
81324.0,-6870.849479476611
81325.0,-6870.847652087609
81326.0,-6870.845824698607
81327.0,-6870.843997309606
81328.0,-6870.842169920604
81329.0,-6870.840342531602
81330.0,-6870.8385151426
81331.0,-6870.836687753598
81332.0,-6870.834860364596
81333.0,-6870.8330329755945
81334.0,-6870.831205586593
81335.0,-6870.829378197591
81336.0,-6870.827550808589
81337.0,-6870.825723419587
81338.0,-6870.823896030585
81339.0,-6870.822068641583
81340.0,-6870.820241252582
81341.0,-6870.81841386358
81342.0,-6870.816586474578
81343.0,-6870.814759085576
81344.0,-6870.812931696574
81345.0,-6870.811104307572
81346.0,-6870.8092769185705
81347.0,-6870.807449529569
81348.0,-6870.805622140567
81349.0,-6870.803794751565
81350.0,-6870.801967362563
81351.0,-6870.800139973561
81352.0,-6870.798312584559
81353.0,-6870.796485195558
81354.0,-6870.794657806556
81355.0,-6870.792830417554
81356.0,-6870.791003028552
81357.0,-6870.78917563955
81358.0,-6870.787348250548
81359.0,-6870.7855208615465
81360.0,-6870.783693472545
81361.0,-6870.781866083543
81362.0,-6870.780038694541
81363.0,-6870.778211305539
81364.0,-6870.776383916537
81365.0,-6870.774556527535
81366.0,-6870.772729138534
81367.0,-6870.770901749532
81368.0,-6870.76907436053
81369.0,-6870.767246971528
81370.0,-6870.765419582526
81371.0,-6870.763592193524
81372.0,-6870.7617648045225
81373.0,-6870.759937415521
81374.0,-6870.758110026519
81375.0,-6870.756282637517
81376.0,-6870.754455248515
81377.0,-6870.752627859513
81378.0,-6870.750800470511
81379.0,-6870.74897308151
81380.0,-6870.747145692508
81381.0,-6870.745318303506
81382.0,-6870.743490914504
81383.0,-6870.741663525502
81384.0,-6870.7398361365
81385.0,-6870.7380087474985
81386.0,-6870.736181358497
81387.0,-6870.734353969495
81388.0,-6870.732526580493
81389.0,-6870.730699191491
81390.0,-6870.728871802489
81391.0,-6870.727044413487
81392.0,-6870.725217024486
81393.0,-6870.723389635484
81394.0,-6870.721562246482
81395.0,-6870.71973485748
81396.0,-6870.717907468478
81397.0,-6870.716080079476
81398.0,-6870.7142526904745
81399.0,-6870.712425301473
81400.0,-6870.710597912471
81401.0,-6870.708770523469
81402.0,-6870.706943134467
81403.0,-6870.705115745465
81404.0,-6870.703288356463
81405.0,-6870.701460967462
81406.0,-6870.69963357846
81407.0,-6870.697806189458
81408.0,-6870.695978800456
81409.0,-6870.694151411454
81410.0,-6870.692324022452
81411.0,-6870.6904966334505
81412.0,-6870.688669244449
81413.0,-6870.686841855447
81414.0,-6870.685014466445
81415.0,-6870.683187077443
81416.0,-6870.681359688441
81417.0,-6870.679532299439
81418.0,-6870.677704910438
81419.0,-6870.675877521436
81420.0,-6870.674050132434
81421.0,-6870.672222743432
81422.0,-6870.67039535443
81423.0,-6870.668567965428
81424.0,-6870.6667405764265
81425.0,-6870.664913187425
81426.0,-6870.663085798423
81427.0,-6870.661258409421
81428.0,-6870.659431020419
81429.0,-6870.657603631417
81430.0,-6870.655776242415
81431.0,-6870.653948853414
81432.0,-6870.652121464412
81433.0,-6870.65029407541
81434.0,-6870.648466686408
81435.0,-6870.646639297406
81436.0,-6870.644811908404
81437.0,-6870.6429845194025
81438.0,-6870.641157130401
81439.0,-6870.639329741399
81440.0,-6870.637502352397
81441.0,-6870.635674963395
81442.0,-6870.633847574393
81443.0,-6870.632020185391
81444.0,-6870.63019279639
81445.0,-6870.628365407388
81446.0,-6870.626538018386
81447.0,-6870.624710629384
81448.0,-6870.622883240382
81449.0,-6870.62105585138
81450.0,-6870.6192284623785
81451.0,-6870.617401073377
81452.0,-6870.615573684375
81453.0,-6870.613746295373
81454.0,-6870.611918906371
81455.0,-6870.610091517369
81456.0,-6870.608264128367
81457.0,-6870.606436739366
81458.0,-6870.604609350364
81459.0,-6870.602781961362
81460.0,-6870.60095457236
81461.0,-6870.599127183358
81462.0,-6870.597299794356
81463.0,-6870.5954724053545
81464.0,-6870.593645016353
81465.0,-6870.591817627351
81466.0,-6870.589990238349
81467.0,-6870.588162849347
81468.0,-6870.586335460345
81469.0,-6870.584508071343
81470.0,-6870.582680682342
81471.0,-6870.58085329334
81472.0,-6870.579025904338
81473.0,-6870.577198515336
81474.0,-6870.575371126334
81475.0,-6870.573543737332
81476.0,-6870.5717163483305
81477.0,-6870.569888959329
81478.0,-6870.568061570327
81479.0,-6870.566234181325
81480.0,-6870.564406792323
81481.0,-6870.562579403321
81482.0,-6870.560752014319
81483.0,-6870.558924625318
81484.0,-6870.557097236316
81485.0,-6870.555269847314
81486.0,-6870.553442458312
81487.0,-6870.55161506931
81488.0,-6870.549787680308
81489.0,-6870.5479602913065
81490.0,-6870.546132902305
81491.0,-6870.544305513303
81492.0,-6870.542478124301
81493.0,-6870.540650735299
81494.0,-6870.538823346297
81495.0,-6870.536995957295
81496.0,-6870.535168568294
81497.0,-6870.533341179292
81498.0,-6870.53151379029
81499.0,-6870.529686401288
81500.0,-6870.527859012286
81501.0,-6870.526031623284
81502.0,-6870.5242042342825
81503.0,-6870.522376845281
81504.0,-6870.520549456279
81505.0,-6870.518722067277
81506.0,-6870.516894678275
81507.0,-6870.515067289273
81508.0,-6870.513239900271
81509.0,-6870.51141251127
81510.0,-6870.509585122268
81511.0,-6870.507757733266
81512.0,-6870.505930344264
81513.0,-6870.504102955262
81514.0,-6870.50227556626
81515.0,-6870.5004481772585
81516.0,-6870.498620788257
81517.0,-6870.496793399255
81518.0,-6870.494966010253
81519.0,-6870.493138621251
81520.0,-6870.491311232249
81521.0,-6870.489483843247
81522.0,-6870.487656454246
81523.0,-6870.485829065244
81524.0,-6870.484001676242
81525.0,-6870.48217428724
81526.0,-6870.480346898238
81527.0,-6870.478519509236
81528.0,-6870.4766921202345
81529.0,-6870.474864731233
81530.0,-6870.473037342231
81531.0,-6870.471209953229
81532.0,-6870.469382564227
81533.0,-6870.467555175225
81534.0,-6870.465727786223
81535.0,-6870.463900397222
81536.0,-6870.46207300822
81537.0,-6870.460245619218
81538.0,-6870.458418230216
81539.0,-6870.456590841214
81540.0,-6870.454763452212
81541.0,-6870.4529360632105
81542.0,-6870.451108674209
81543.0,-6870.449281285207
81544.0,-6870.447453896205
81545.0,-6870.445626507203
81546.0,-6870.443799118201
81547.0,-6870.441971729199
81548.0,-6870.440144340198
81549.0,-6870.438316951196
81550.0,-6870.436489562194
81551.0,-6870.434662173192
81552.0,-6870.43283478419
81553.0,-6870.431007395188
81554.0,-6870.4291800061865
81555.0,-6870.427352617185
81556.0,-6870.425525228183
81557.0,-6870.423697839181
81558.0,-6870.421870450179
81559.0,-6870.420043061177
81560.0,-6870.418215672175
81561.0,-6870.416388283174
81562.0,-6870.414560894172
81563.0,-6870.41273350517
81564.0,-6870.410906116168
81565.0,-6870.409078727166
81566.0,-6870.407251338164
81567.0,-6870.4054239491625
81568.0,-6870.403596560161
81569.0,-6870.401769171159
81570.0,-6870.399941782157
81571.0,-6870.398114393155
81572.0,-6870.396287004153
81573.0,-6870.394459615151
81574.0,-6870.3926322261495
81575.0,-6870.390804837148
81576.0,-6870.388977448146
81577.0,-6870.387150059144
81578.0,-6870.385322670142
81579.0,-6870.38349528114
81580.0,-6870.3816678921385
81581.0,-6870.379840503137
81582.0,-6870.378013114135
81583.0,-6870.376185725133
81584.0,-6870.374358336131
81585.0,-6870.372530947129
81586.0,-6870.370703558127
81587.0,-6870.3688761691255
81588.0,-6870.367048780124
81589.0,-6870.365221391122
81590.0,-6870.36339400212
81591.0,-6870.361566613118
81592.0,-6870.359739224116
81593.0,-6870.3579118351145
81594.0,-6870.356084446113
81595.0,-6870.354257057111
81596.0,-6870.352429668109
81597.0,-6870.350602279107
81598.0,-6870.348774890105
81599.0,-6870.346947501103
81600.0,-6870.3451201121015
81601.0,-6870.3432927231
81602.0,-6870.341465334098
81603.0,-6870.339637945096
81604.0,-6870.337810556094
81605.0,-6870.335983167092
81606.0,-6870.3341557780905
81607.0,-6870.332328389089
81608.0,-6870.330501000087
81609.0,-6870.328673611085
81610.0,-6870.326846222083
81611.0,-6870.325018833081
81612.0,-6870.323191444079
81613.0,-6870.3213640550775
81614.0,-6870.319536666076
81615.0,-6870.317709277074
81616.0,-6870.315881888072
81617.0,-6870.31405449907
81618.0,-6870.312227110068
81619.0,-6870.3103997210665
81620.0,-6870.308572332065
81621.0,-6870.306744943063
81622.0,-6870.304917554061
81623.0,-6870.303090165059
81624.0,-6870.301262776057
81625.0,-6870.299435387055
81626.0,-6870.2976079980535
81627.0,-6870.295780609052
81628.0,-6870.29395322005
81629.0,-6870.292125831048
81630.0,-6870.290298442046
81631.0,-6870.288471053044
81632.0,-6870.2866436640425
81633.0,-6870.284816275041
81634.0,-6870.282988886039
81635.0,-6870.281161497037
81636.0,-6870.279334108035
81637.0,-6870.277506719033
81638.0,-6870.275679330031
81639.0,-6870.2738519410295
81640.0,-6870.272024552028
81641.0,-6870.270197163026
81642.0,-6870.268369774024
81643.0,-6870.266542385022
81644.0,-6870.26471499602
81645.0,-6870.2628876070185
81646.0,-6870.261060218017
81647.0,-6870.259232829015
81648.0,-6870.257405440013
81649.0,-6870.255578051011
81650.0,-6870.253750662009
81651.0,-6870.251923273007
81652.0,-6870.2500958840055
81653.0,-6870.248268495004
81654.0,-6870.246441106002
81655.0,-6870.244613717
81656.0,-6870.242786327998
81657.0,-6870.240958938996
81658.0,-6870.239131549994
81659.0,-6870.237304160993
81660.0,-6870.235476771991
81661.0,-6870.233649382989
81662.0,-6870.231821993987
81663.0,-6870.229994604985
81664.0,-6870.228167215983
81665.0,-6870.2263398269815
81666.0,-6870.22451243798
81667.0,-6870.222685048978
81668.0,-6870.220857659976
81669.0,-6870.219030270974
81670.0,-6870.217202881972
81671.0,-6870.21537549297
81672.0,-6870.213548103969
81673.0,-6870.211720714967
81674.0,-6870.209893325965
81675.0,-6870.208065936963
81676.0,-6870.206238547961
81677.0,-6870.204411158959
81678.0,-6870.2025837699575
81679.0,-6870.200756380956
81680.0,-6870.198928991954
81681.0,-6870.197101602952
81682.0,-6870.19527421395
81683.0,-6870.193446824948
81684.0,-6870.191619435946
81685.0,-6870.189792046945
81686.0,-6870.187964657943
81687.0,-6870.186137268941
81688.0,-6870.184309879939
81689.0,-6870.182482490937
81690.0,-6870.180655101935
81691.0,-6870.1788277129335
81692.0,-6870.177000323932
81693.0,-6870.17517293493
81694.0,-6870.173345545928
81695.0,-6870.171518156926
81696.0,-6870.169690767924
81697.0,-6870.167863378922
81698.0,-6870.166035989921
81699.0,-6870.164208600919
81700.0,-6870.162381211917
81701.0,-6870.160553822915
81702.0,-6870.158726433913
81703.0,-6870.156899044911
81704.0,-6870.1550716559095
81705.0,-6870.153244266908
81706.0,-6870.151416877906
81707.0,-6870.149589488904
81708.0,-6870.147762099902
81709.0,-6870.1459347109
81710.0,-6870.144107321898
81711.0,-6870.142279932897
81712.0,-6870.140452543895
81713.0,-6870.138625154893
81714.0,-6870.136797765891
81715.0,-6870.134970376889
81716.0,-6870.133142987887
81717.0,-6870.1313155988855
81718.0,-6870.129488209884
81719.0,-6870.127660820882
81720.0,-6870.12583343188
81721.0,-6870.124006042878
81722.0,-6870.122178653876
81723.0,-6870.120351264874
81724.0,-6870.118523875873
81725.0,-6870.116696486871
81726.0,-6870.114869097869
81727.0,-6870.113041708867
81728.0,-6870.111214319865
81729.0,-6870.109386930863
81730.0,-6870.1075595418615
81731.0,-6870.10573215286
81732.0,-6870.103904763858
81733.0,-6870.102077374856
81734.0,-6870.100249985854
81735.0,-6870.098422596852
81736.0,-6870.09659520785
81737.0,-6870.094767818849
81738.0,-6870.092940429847
81739.0,-6870.091113040845
81740.0,-6870.089285651843
81741.0,-6870.087458262841
81742.0,-6870.085630873839
81743.0,-6870.0838034848375
81744.0,-6870.081976095836
81745.0,-6870.080148706834
81746.0,-6870.078321317832
81747.0,-6870.07649392883
81748.0,-6870.074666539828
81749.0,-6870.072839150826
81750.0,-6870.071011761825
81751.0,-6870.069184372823
81752.0,-6870.067356983821
81753.0,-6870.065529594819
81754.0,-6870.063702205817
81755.0,-6870.061874816815
81756.0,-6870.0600474278135
81757.0,-6870.058220038812
81758.0,-6870.05639264981
81759.0,-6870.054565260808
81760.0,-6870.052737871806
81761.0,-6870.050910482804
81762.0,-6870.049083093802
81763.0,-6870.047255704801
81764.0,-6870.045428315799
81765.0,-6870.043600926797
81766.0,-6870.041773537795
81767.0,-6870.039946148793
81768.0,-6870.038118759791
81769.0,-6870.0362913707895
81770.0,-6870.034463981788
81771.0,-6870.032636592786
81772.0,-6870.030809203784
81773.0,-6870.028981814782
81774.0,-6870.02715442578
81775.0,-6870.025327036778
81776.0,-6870.023499647777
81777.0,-6870.021672258775
81778.0,-6870.019844869773
81779.0,-6870.018017480771
81780.0,-6870.016190091769
81781.0,-6870.014362702767
81782.0,-6870.0125353137655
81783.0,-6870.010707924764
81784.0,-6870.008880535762
81785.0,-6870.00705314676
81786.0,-6870.005225757758
81787.0,-6870.003398368756
81788.0,-6870.001570979754
81789.0,-6869.999743590753
81790.0,-6869.997916201751
81791.0,-6869.996088812749
81792.0,-6869.994261423747
81793.0,-6869.992434034745
81794.0,-6869.990606645743
81795.0,-6869.9887792567415
81796.0,-6869.98695186774
81797.0,-6869.985124478738
81798.0,-6869.983297089736
81799.0,-6869.981469700734
81800.0,-6869.979642311732
81801.0,-6869.97781492273
81802.0,-6869.975987533729
81803.0,-6869.974160144727
81804.0,-6869.972332755725
81805.0,-6869.970505366723
81806.0,-6869.968677977721
81807.0,-6869.966850588719
81808.0,-6869.9650231997175
81809.0,-6869.963195810716
81810.0,-6869.961368421714
81811.0,-6869.959541032712
81812.0,-6869.95771364371
81813.0,-6869.955886254708
81814.0,-6869.954058865706
81815.0,-6869.952231476705
81816.0,-6869.950404087703
81817.0,-6869.948576698701
81818.0,-6869.946749309699
81819.0,-6869.944921920697
81820.0,-6869.943094531695
81821.0,-6869.9412671426935
81822.0,-6869.939439753692
81823.0,-6869.93761236469
81824.0,-6869.935784975688
81825.0,-6869.933957586686
81826.0,-6869.932130197684
81827.0,-6869.930302808682
81828.0,-6869.928475419681
81829.0,-6869.926648030679
81830.0,-6869.924820641677
81831.0,-6869.922993252675
81832.0,-6869.921165863673
81833.0,-6869.919338474671
81834.0,-6869.9175110856695
81835.0,-6869.915683696668
81836.0,-6869.913856307666
81837.0,-6869.912028918664
81838.0,-6869.910201529662
81839.0,-6869.90837414066
81840.0,-6869.906546751658
81841.0,-6869.904719362657
81842.0,-6869.902891973655
81843.0,-6869.901064584653
81844.0,-6869.899237195651
81845.0,-6869.897409806649
81846.0,-6869.895582417647
81847.0,-6869.8937550286455
81848.0,-6869.891927639644
81849.0,-6869.890100250642
81850.0,-6869.88827286164
81851.0,-6869.886445472638
81852.0,-6869.884618083636
81853.0,-6869.882790694634
81854.0,-6869.880963305633
81855.0,-6869.879135916631
81856.0,-6869.877308527629
81857.0,-6869.875481138627
81858.0,-6869.873653749625
81859.0,-6869.871826360623
81860.0,-6869.8699989716215
81861.0,-6869.86817158262
81862.0,-6869.866344193618
81863.0,-6869.864516804616
81864.0,-6869.862689415614
81865.0,-6869.860862026612
81866.0,-6869.85903463761
81867.0,-6869.857207248609
81868.0,-6869.855379859607
81869.0,-6869.853552470605
81870.0,-6869.851725081603
81871.0,-6869.849897692601
81872.0,-6869.848070303599
81873.0,-6869.8462429145975
81874.0,-6869.844415525596
81875.0,-6869.842588136594
81876.0,-6869.840760747592
81877.0,-6869.83893335859
81878.0,-6869.837105969588
81879.0,-6869.835278580586
81880.0,-6869.833451191585
81881.0,-6869.831623802583
81882.0,-6869.829796413581
81883.0,-6869.827969024579
81884.0,-6869.826141635577
81885.0,-6869.824314246575
81886.0,-6869.8224868575735
81887.0,-6869.820659468572
81888.0,-6869.81883207957
81889.0,-6869.817004690568
81890.0,-6869.815177301566
81891.0,-6869.813349912564
81892.0,-6869.811522523562
81893.0,-6869.809695134561
81894.0,-6869.807867745559
81895.0,-6869.806040356557
81896.0,-6869.804212967555
81897.0,-6869.802385578553
81898.0,-6869.800558189551
81899.0,-6869.7987308005495
81900.0,-6869.796903411548
81901.0,-6869.795076022546
81902.0,-6869.793248633544
81903.0,-6869.791421244542
81904.0,-6869.78959385554
81905.0,-6869.787766466538
81906.0,-6869.785939077537
81907.0,-6869.784111688535
81908.0,-6869.782284299533
81909.0,-6869.780456910531
81910.0,-6869.778629521529
81911.0,-6869.776802132527
81912.0,-6869.7749747435255
81913.0,-6869.773147354524
81914.0,-6869.771319965522
81915.0,-6869.76949257652
81916.0,-6869.767665187518
81917.0,-6869.765837798516
81918.0,-6869.764010409514
81919.0,-6869.762183020513
81920.0,-6869.760355631511
81921.0,-6869.763201306264
81922.0,-6869.766046981017
81923.0,-6869.76889265577
81924.0,-6869.7717383305235
81925.0,-6869.774584005277
81926.0,-6869.77742968003
81927.0,-6869.780275354783
81928.0,-6869.783121029536
81929.0,-6869.785966704289
81930.0,-6869.788812379043
81931.0,-6869.791658053796
81932.0,-6869.794503728549
81933.0,-6869.797349403302
81934.0,-6869.800195078055
81935.0,-6869.803040752809
81936.0,-6869.805886427562
81937.0,-6869.808732102315
81938.0,-6869.811577777068
81939.0,-6869.814423451821
81940.0,-6869.8172691265745
81941.0,-6869.820114801328
81942.0,-6869.822960476081
81943.0,-6869.825806150834
81944.0,-6869.828651825587
81945.0,-6869.83149750034
81946.0,-6869.834343175094
81947.0,-6869.837188849847
81948.0,-6869.8400345246
81949.0,-6869.842880199353
81950.0,-6869.845725874106
81951.0,-6869.84857154886
81952.0,-6869.851417223613
81953.0,-6869.854262898366
81954.0,-6869.857108573119
81955.0,-6869.859954247872
81956.0,-6869.8627999226255
81957.0,-6869.865645597379
81958.0,-6869.868491272132
81959.0,-6869.871336946885
81960.0,-6869.874182621638
81961.0,-6869.8770282963915
81962.0,-6869.879873971145
81963.0,-6869.882719645898
81964.0,-6869.885565320651
81965.0,-6869.888410995404
81966.0,-6869.891256670157
81967.0,-6869.894102344911
81968.0,-6869.896948019664
81969.0,-6869.899793694417
81970.0,-6869.90263936917
81971.0,-6869.905485043923
81972.0,-6869.908330718677
81973.0,-6869.91117639343
81974.0,-6869.914022068183
81975.0,-6869.916867742936
81976.0,-6869.919713417689
81977.0,-6869.9225590924425
81978.0,-6869.925404767196
81979.0,-6869.928250441949
81980.0,-6869.931096116702
81981.0,-6869.933941791455
81982.0,-6869.936787466208
81983.0,-6869.939633140962
81984.0,-6869.942478815715
81985.0,-6869.945324490468
81986.0,-6869.948170165221
81987.0,-6869.951015839974
81988.0,-6869.953861514728
81989.0,-6869.956707189481
81990.0,-6869.959552864234
81991.0,-6869.962398538987
81992.0,-6869.96524421374
81993.0,-6869.9680898884935
81994.0,-6869.970935563247
81995.0,-6869.973781238
81996.0,-6869.976626912753
81997.0,-6869.979472587506
81998.0,-6869.9823182622595
81999.0,-6869.985163937013
82000.0,-6869.988009611766
82001.0,-6869.990855286519
82002.0,-6869.993700961272
82003.0,-6869.996546636025
82004.0,-6869.999392310779
82005.0,-6870.002237985532
82006.0,-6870.005083660285
82007.0,-6870.007929335038
82008.0,-6870.010775009791
82009.0,-6870.013620684545
82010.0,-6870.016466359298
82011.0,-6870.019312034051
82012.0,-6870.022157708804
82013.0,-6870.025003383557
82014.0,-6870.0278490583105
82015.0,-6870.030694733064
82016.0,-6870.033540407817
82017.0,-6870.03638608257
82018.0,-6870.039231757323
82019.0,-6870.042077432076
82020.0,-6870.04492310683
82021.0,-6870.047768781583
82022.0,-6870.050614456336
82023.0,-6870.053460131089
82024.0,-6870.056305805842
82025.0,-6870.059151480596
82026.0,-6870.061997155349
82027.0,-6870.064842830102
82028.0,-6870.067688504855
82029.0,-6870.070534179608
82030.0,-6870.0733798543615
82031.0,-6870.076225529115
82032.0,-6870.079071203868
82033.0,-6870.081916878621
82034.0,-6870.084762553374
82035.0,-6870.0876082281275
82036.0,-6870.090453902881
82037.0,-6870.093299577634
82038.0,-6870.096145252387
82039.0,-6870.09899092714
82040.0,-6870.101836601893
82041.0,-6870.104682276647
82042.0,-6870.1075279514
82043.0,-6870.110373626153
82044.0,-6870.113219300906
82045.0,-6870.116064975659
82046.0,-6870.1189106504125
82047.0,-6870.121756325166
82048.0,-6870.124601999919
82049.0,-6870.127447674672
82050.0,-6870.130293349425
82051.0,-6870.1331390241785
82052.0,-6870.135984698932
82053.0,-6870.138830373685
82054.0,-6870.141676048438
82055.0,-6870.144521723191
82056.0,-6870.147367397944
82057.0,-6870.150213072698
82058.0,-6870.153058747451
82059.0,-6870.155904422204
82060.0,-6870.158750096957
82061.0,-6870.16159577171
82062.0,-6870.164441446464
82063.0,-6870.167287121217
82064.0,-6870.17013279597
82065.0,-6870.172978470723
82066.0,-6870.175824145476
82067.0,-6870.1786698202295
82068.0,-6870.181515494983
82069.0,-6870.184361169736
82070.0,-6870.187206844489
82071.0,-6870.190052519242
82072.0,-6870.1928981939955
82073.0,-6870.195743868749
82074.0,-6870.198589543502
82075.0,-6870.201435218255
82076.0,-6870.204280893008
82077.0,-6870.207126567761
82078.0,-6870.209972242515
82079.0,-6870.212817917268
82080.0,-6870.215663592021
82081.0,-6870.218509266774
82082.0,-6870.221354941527
82083.0,-6870.2242006162805
82084.0,-6870.227046291034
82085.0,-6870.229891965787
82086.0,-6870.23273764054
82087.0,-6870.235583315293
82088.0,-6870.2384289900465
82089.0,-6870.2412746648
82090.0,-6870.244120339553
82091.0,-6870.246966014306
82092.0,-6870.249811689059
82093.0,-6870.252657363812
82094.0,-6870.255503038566
82095.0,-6870.258348713319
82096.0,-6870.261194388072
82097.0,-6870.264040062825
82098.0,-6870.266885737578
82099.0,-6870.269731412332
82100.0,-6870.272577087085
82101.0,-6870.275422761838
82102.0,-6870.278268436591
82103.0,-6870.281114111344
82104.0,-6870.2839597860975
82105.0,-6870.286805460851
82106.0,-6870.289651135604
82107.0,-6870.292496810357
82108.0,-6870.29534248511
82109.0,-6870.2981881598635
82110.0,-6870.301033834617
82111.0,-6870.30387950937
82112.0,-6870.306725184123
82113.0,-6870.309570858876
82114.0,-6870.312416533629
82115.0,-6870.315262208383
82116.0,-6870.318107883136
82117.0,-6870.320953557889
82118.0,-6870.323799232642
82119.0,-6870.326644907395
82120.0,-6870.3294905821485
82121.0,-6870.332336256902
82122.0,-6870.335181931655
82123.0,-6870.338027606408
82124.0,-6870.340873281161
82125.0,-6870.3437189559145
82126.0,-6870.346564630668
82127.0,-6870.349410305421
82128.0,-6870.352255980174
82129.0,-6870.355101654927
82130.0,-6870.35794732968
82131.0,-6870.360793004434
82132.0,-6870.363638679187
82133.0,-6870.36648435394
82134.0,-6870.369330028693
82135.0,-6870.372175703446
82136.0,-6870.3750213782
82137.0,-6870.377867052953
82138.0,-6870.380712727706
82139.0,-6870.383558402459
82140.0,-6870.386404077212
82141.0,-6870.3892497519655
82142.0,-6870.392095426719
82143.0,-6870.394941101472
82144.0,-6870.397786776225
82145.0,-6870.400632450978
82146.0,-6870.403478125731
82147.0,-6870.406323800485
82148.0,-6870.409169475238
82149.0,-6870.412015149991
82150.0,-6870.414860824744
82151.0,-6870.417706499497
82152.0,-6870.420552174251
82153.0,-6870.423397849004
82154.0,-6870.426243523757
82155.0,-6870.42908919851
82156.0,-6870.431934873263
82157.0,-6870.4347805480165
82158.0,-6870.43762622277
82159.0,-6870.440471897523
82160.0,-6870.443317572276
82161.0,-6870.446163247029
82162.0,-6870.4490089217825
82163.0,-6870.451854596536
82164.0,-6870.454700271289
82165.0,-6870.457545946042
82166.0,-6870.460391620795
82167.0,-6870.463237295548
82168.0,-6870.466082970302
82169.0,-6870.468928645055
82170.0,-6870.471774319808
82171.0,-6870.474619994561
82172.0,-6870.477465669314
82173.0,-6870.480311344068
82174.0,-6870.483157018821
82175.0,-6870.486002693574
82176.0,-6870.488848368327
82177.0,-6870.49169404308
82178.0,-6870.4945397178335
82179.0,-6870.497385392587
82180.0,-6870.50023106734
82181.0,-6870.503076742093
82182.0,-6870.505922416846
82183.0,-6870.508768091599
82184.0,-6870.511613766353
82185.0,-6870.514459441106
82186.0,-6870.517305115859
82187.0,-6870.520150790612
82188.0,-6870.522996465365
82189.0,-6870.525842140119
82190.0,-6870.528687814872
82191.0,-6870.531533489625
82192.0,-6870.534379164378
82193.0,-6870.537224839131
82194.0,-6870.5400705138845
82195.0,-6870.542916188638
82196.0,-6870.545761863391
82197.0,-6870.548607538144
82198.0,-6870.551453212897
82199.0,-6870.5542988876505
82200.0,-6870.557144562404
82201.0,-6870.559990237157
82202.0,-6870.56283591191
82203.0,-6870.565681586663
82204.0,-6870.568527261416
82205.0,-6870.57137293617
82206.0,-6870.574218610923
82207.0,-6870.577064285676
82208.0,-6870.579909960429
82209.0,-6870.582755635182
82210.0,-6870.585601309936
82211.0,-6870.588446984689
82212.0,-6870.591292659442
82213.0,-6870.594138334195
82214.0,-6870.596984008948
82215.0,-6870.5998296837015
82216.0,-6870.602675358455
82217.0,-6870.605521033208
82218.0,-6870.608366707961
82219.0,-6870.611212382714
82220.0,-6870.614058057467
82221.0,-6870.616903732221
82222.0,-6870.619749406974
82223.0,-6870.622595081727
82224.0,-6870.62544075648
82225.0,-6870.628286431233
82226.0,-6870.631132105987
82227.0,-6870.63397778074
82228.0,-6870.636823455493
82229.0,-6870.639669130246
82230.0,-6870.642514804999
82231.0,-6870.6453604797525
82232.0,-6870.648206154506
82233.0,-6870.651051829259
82234.0,-6870.653897504012
82235.0,-6870.656743178765
82236.0,-6870.6595888535185
82237.0,-6870.662434528272
82238.0,-6870.665280203025
82239.0,-6870.668125877778
82240.0,-6870.670971552531
82241.0,-6870.673817227284
82242.0,-6870.676662902038
82243.0,-6870.679508576791
82244.0,-6870.682354251544
82245.0,-6870.685199926297
82246.0,-6870.68804560105
82247.0,-6870.690891275804
82248.0,-6870.693736950557
82249.0,-6870.69658262531
82250.0,-6870.699428300063
82251.0,-6870.702273974816
82252.0,-6870.7051196495695
82253.0,-6870.707965324323
82254.0,-6870.710810999076
82255.0,-6870.713656673829
82256.0,-6870.716502348582
82257.0,-6870.719348023335
82258.0,-6870.722193698089
82259.0,-6870.725039372842
82260.0,-6870.727885047595
82261.0,-6870.730730722348
82262.0,-6870.733576397101
82263.0,-6870.736422071855
82264.0,-6870.739267746608
82265.0,-6870.742113421361
82266.0,-6870.744959096114
82267.0,-6870.747804770867
82268.0,-6870.7506504456205
82269.0,-6870.753496120374
82270.0,-6870.756341795127
82271.0,-6870.75918746988
82272.0,-6870.762033144633
82273.0,-6870.7648788193865
82274.0,-6870.76772449414
82275.0,-6870.770570168893
82276.0,-6870.773415843646
82277.0,-6870.776261518399
82278.0,-6870.779107193152
82279.0,-6870.781952867906
82280.0,-6870.784798542659
82281.0,-6870.787644217412
82282.0,-6870.790489892165
82283.0,-6870.793335566918
82284.0,-6870.796181241672
82285.0,-6870.799026916425
82286.0,-6870.801872591178
82287.0,-6870.804718265931
82288.0,-6870.807563940684
82289.0,-6870.8104096154375
82290.0,-6870.813255290191
82291.0,-6870.816100964944
82292.0,-6870.818946639697
82293.0,-6870.82179231445
82294.0,-6870.824637989203
82295.0,-6870.827483663957
82296.0,-6870.83032933871
82297.0,-6870.833175013463
82298.0,-6870.836020688216
82299.0,-6870.838866362969
82300.0,-6870.841712037723
82301.0,-6870.844557712476
82302.0,-6870.847403387229
82303.0,-6870.850249061982
82304.0,-6870.853094736735
82305.0,-6870.8559404114885
82306.0,-6870.858786086242
82307.0,-6870.861631760995
82308.0,-6870.864477435748
82309.0,-6870.867323110501
82310.0,-6870.8701687852545
82311.0,-6870.873014460008
82312.0,-6870.875860134761
82313.0,-6870.878705809514
82314.0,-6870.881551484267
82315.0,-6870.88439715902
82316.0,-6870.887242833774
82317.0,-6870.890088508527
82318.0,-6870.89293418328
82319.0,-6870.895779858033
82320.0,-6870.898625532786
82321.0,-6870.9014712075395
82322.0,-6870.904316882293
82323.0,-6870.907162557046
82324.0,-6870.910008231799
82325.0,-6870.912853906552
82326.0,-6870.9156995813055
82327.0,-6870.918545256059
82328.0,-6870.921390930812
82329.0,-6870.924236605565
82330.0,-6870.927082280318
82331.0,-6870.929927955071
82332.0,-6870.932773629825
82333.0,-6870.935619304578
82334.0,-6870.938464979331
82335.0,-6870.941310654084
82336.0,-6870.944156328837
82337.0,-6870.947002003591
82338.0,-6870.949847678344
82339.0,-6870.952693353097
82340.0,-6870.95553902785
82341.0,-6870.958384702603
82342.0,-6870.9612303773565
82343.0,-6870.96407605211
82344.0,-6870.966921726863
82345.0,-6870.969767401616
82346.0,-6870.972613076369
82347.0,-6870.9754587511225
82348.0,-6870.978304425876
82349.0,-6870.981150100629
82350.0,-6870.983995775382
82351.0,-6870.986841450135
82352.0,-6870.989687124888
82353.0,-6870.992532799642
82354.0,-6870.995378474395
82355.0,-6870.998224149148
82356.0,-6871.001069823901
82357.0,-6871.003915498654
82358.0,-6871.0067611734075
82359.0,-6871.009606848161
82360.0,-6871.012452522914
82361.0,-6871.015298197667
82362.0,-6871.01814387242
82363.0,-6871.0209895471735
82364.0,-6871.023835221927
82365.0,-6871.02668089668
82366.0,-6871.029526571433
82367.0,-6871.032372246186
82368.0,-6871.035217920939
82369.0,-6871.038063595693
82370.0,-6871.040909270446
82371.0,-6871.043754945199
82372.0,-6871.046600619952
82373.0,-6871.049446294705
82374.0,-6871.052291969459
82375.0,-6871.055137644212
82376.0,-6871.057983318965
82377.0,-6871.060828993718
82378.0,-6871.063674668471
82379.0,-6871.0665203432245
82380.0,-6871.069366017978
82381.0,-6871.072211692731
82382.0,-6871.075057367484
82383.0,-6871.077903042237
82384.0,-6871.0807487169905
82385.0,-6871.083594391744
82386.0,-6871.086440066497
82387.0,-6871.08928574125
82388.0,-6871.092131416003
82389.0,-6871.094977090756
82390.0,-6871.09782276551
82391.0,-6871.100668440263
82392.0,-6871.103514115016
82393.0,-6871.106359789769
82394.0,-6871.109205464522
82395.0,-6871.1120511392755
82396.0,-6871.114896814029
82397.0,-6871.117742488782
82398.0,-6871.120588163535
82399.0,-6871.123433838288
82400.0,-6871.1262795130415
82401.0,-6871.129125187795
82402.0,-6871.131970862548
82403.0,-6871.134816537301
82404.0,-6871.137662212054
82405.0,-6871.140507886807
82406.0,-6871.143353561561
82407.0,-6871.146199236314
82408.0,-6871.149044911067
82409.0,-6871.15189058582
82410.0,-6871.154736260573
82411.0,-6871.157581935327
82412.0,-6871.16042761008
82413.0,-6871.163273284833
82414.0,-6871.166118959586
82415.0,-6871.168964634339
82416.0,-6871.1718103090925
82417.0,-6871.174655983846
82418.0,-6871.177501658599
82419.0,-6871.180347333352
82420.0,-6871.183193008105
82421.0,-6871.186038682858
82422.0,-6871.188884357612
82423.0,-6871.191730032365
82424.0,-6871.194575707118
82425.0,-6871.197421381871
82426.0,-6871.200267056624
82427.0,-6871.203112731378
82428.0,-6871.205958406131
82429.0,-6871.208804080884
82430.0,-6871.211649755637
82431.0,-6871.21449543039
82432.0,-6871.2173411051435
82433.0,-6871.220186779897
82434.0,-6871.22303245465
82435.0,-6871.225878129403
82436.0,-6871.228723804156
82437.0,-6871.2315694789095
82438.0,-6871.234415153663
82439.0,-6871.237260828416
82440.0,-6871.240106503169
82441.0,-6871.242952177922
82442.0,-6871.245797852675
82443.0,-6871.248643527429
82444.0,-6871.251489202182
82445.0,-6871.254334876935
82446.0,-6871.257180551688
82447.0,-6871.260026226441
82448.0,-6871.262871901195
82449.0,-6871.265717575948
82450.0,-6871.268563250701
82451.0,-6871.271408925454
82452.0,-6871.274254600207
82453.0,-6871.2771002749605
82454.0,-6871.279945949714
82455.0,-6871.282791624467
82456.0,-6871.28563729922
82457.0,-6871.288482973973
82458.0,-6871.291328648726
82459.0,-6871.29417432348
82460.0,-6871.297019998233
82461.0,-6871.299865672986
82462.0,-6871.302711347739
82463.0,-6871.305557022492
82464.0,-6871.308402697246
82465.0,-6871.311248371999
82466.0,-6871.314094046752
82467.0,-6871.316939721505
82468.0,-6871.319785396258
82469.0,-6871.3226310710115
82470.0,-6871.325476745765
82471.0,-6871.328322420518
82472.0,-6871.331168095271
82473.0,-6871.334013770024
82474.0,-6871.3368594447775
82475.0,-6871.339705119531
82476.0,-6871.342550794284
82477.0,-6871.345396469037
82478.0,-6871.34824214379
82479.0,-6871.351087818543
82480.0,-6871.353933493297
82481.0,-6871.35677916805
82482.0,-6871.359624842803
82483.0,-6871.362470517556
82484.0,-6871.365316192309
82485.0,-6871.368161867063
82486.0,-6871.371007541816
82487.0,-6871.373853216569
82488.0,-6871.376698891322
82489.0,-6871.379544566075
82490.0,-6871.3823902408285
82491.0,-6871.385235915582
82492.0,-6871.388081590335
82493.0,-6871.390927265088
82494.0,-6871.393772939841
82495.0,-6871.396618614594
82496.0,-6871.399464289348
82497.0,-6871.402309964101
82498.0,-6871.405155638854
82499.0,-6871.408001313607
82500.0,-6871.41084698836
82501.0,-6871.413692663114
82502.0,-6871.416538337867
82503.0,-6871.41938401262
82504.0,-6871.422229687373
82505.0,-6871.425075362126
82506.0,-6871.4279210368795
82507.0,-6871.430766711633
82508.0,-6871.433612386386
82509.0,-6871.436458061139
82510.0,-6871.439303735892
82511.0,-6871.4421494106455
82512.0,-6871.444995085399
82513.0,-6871.447840760152
82514.0,-6871.450686434905
82515.0,-6871.453532109658
82516.0,-6871.456377784411
82517.0,-6871.459223459165
82518.0,-6871.462069133918
82519.0,-6871.464914808671
82520.0,-6871.467760483424
82521.0,-6871.470606158177
82522.0,-6871.473451832931
82523.0,-6871.476297507684
82524.0,-6871.479143182437
82525.0,-6871.48198885719
82526.0,-6871.484834531943
82527.0,-6871.4876802066965
82528.0,-6871.49052588145
82529.0,-6871.493371556203
82530.0,-6871.496217230956
82531.0,-6871.499062905709
82532.0,-6871.501908580462
82533.0,-6871.504754255216
82534.0,-6871.507599929969
82535.0,-6871.510445604722
82536.0,-6871.513291279475
82537.0,-6871.516136954228
82538.0,-6871.518982628982
82539.0,-6871.521828303735
82540.0,-6871.524673978488
82541.0,-6871.527519653241
82542.0,-6871.530365327994
82543.0,-6871.5332110027475
82544.0,-6871.536056677501
82545.0,-6871.538902352254
82546.0,-6871.541748027007
82547.0,-6871.54459370176
82548.0,-6871.5474393765135
82549.0,-6871.550285051267
82550.0,-6871.55313072602
82551.0,-6871.555976400773
82552.0,-6871.558822075526
82553.0,-6871.561667750279
82554.0,-6871.564513425033
82555.0,-6871.567359099786
82556.0,-6871.570204774539
82557.0,-6871.573050449292
82558.0,-6871.575896124045
82559.0,-6871.578741798799
82560.0,-6871.581587473552
82561.0,-6871.584433148305
82562.0,-6871.587278823058
82563.0,-6871.590124497811
82564.0,-6871.5929701725645
82565.0,-6871.595815847318
82566.0,-6871.598661522071
82567.0,-6871.601507196824
82568.0,-6871.604352871577
82569.0,-6871.60719854633
82570.0,-6871.610044221084
82571.0,-6871.612889895837
82572.0,-6871.61573557059
82573.0,-6871.618581245343
82574.0,-6871.621426920096
82575.0,-6871.62427259485
82576.0,-6871.627118269603
82577.0,-6871.629963944356
82578.0,-6871.632809619109
82579.0,-6871.635655293862
82580.0,-6871.6385009686155
82581.0,-6871.641346643369
82582.0,-6871.644192318122
82583.0,-6871.647037992875
82584.0,-6871.649883667628
82585.0,-6871.6527293423815
82586.0,-6871.655575017135
82587.0,-6871.658420691888
82588.0,-6871.661266366641
82589.0,-6871.664112041394
82590.0,-6871.666957716147
82591.0,-6871.669803390901
82592.0,-6871.672649065654
82593.0,-6871.675494740407
82594.0,-6871.67834041516
82595.0,-6871.681186089913
82596.0,-6871.6840317646665
82597.0,-6871.68687743942
82598.0,-6871.689723114173
82599.0,-6871.692568788926
82600.0,-6871.695414463679
82601.0,-6871.6982601384325
82602.0,-6871.701105813186
82603.0,-6871.703951487939
82604.0,-6871.706797162692
82605.0,-6871.709642837445
82606.0,-6871.712488512198
82607.0,-6871.715334186952
82608.0,-6871.718179861705
82609.0,-6871.721025536458
82610.0,-6871.723871211211
82611.0,-6871.726716885964
82612.0,-6871.729562560718
82613.0,-6871.732408235471
82614.0,-6871.735253910224
82615.0,-6871.738099584977
82616.0,-6871.74094525973
82617.0,-6871.7437909344835
82618.0,-6871.746636609237
82619.0,-6871.74948228399
82620.0,-6871.752327958743
82621.0,-6871.755173633496
82622.0,-6871.7580193082495
82623.0,-6871.760864983003
82624.0,-6871.763710657756
82625.0,-6871.766556332509
82626.0,-6871.769402007262
82627.0,-6871.772247682015
82628.0,-6871.775093356769
82629.0,-6871.777939031522
82630.0,-6871.780784706275
82631.0,-6871.783630381028
82632.0,-6871.786476055781
82633.0,-6871.7893217305345
82634.0,-6871.792167405288
82635.0,-6871.795013080041
82636.0,-6871.797858754794
82637.0,-6871.800704429547
82638.0,-6871.8035501043005
82639.0,-6871.806395779054
82640.0,-6871.809241453807
82641.0,-6871.81208712856
82642.0,-6871.814932803313
82643.0,-6871.817778478066
82644.0,-6871.82062415282
82645.0,-6871.823469827573
82646.0,-6871.826315502326
82647.0,-6871.829161177079
82648.0,-6871.832006851832
82649.0,-6871.834852526586
82650.0,-6871.837698201339
82651.0,-6871.840543876092
82652.0,-6871.843389550845
82653.0,-6871.846235225598
82654.0,-6871.8490809003515
82655.0,-6871.851926575105
82656.0,-6871.854772249858
82657.0,-6871.857617924611
82658.0,-6871.860463599364
82659.0,-6871.8633092741175
82660.0,-6871.866154948871
82661.0,-6871.869000623624
82662.0,-6871.871846298377
82663.0,-6871.87469197313
82664.0,-6871.877537647883
82665.0,-6871.880383322637
82666.0,-6871.88322899739
82667.0,-6871.886074672143
82668.0,-6871.888920346896
82669.0,-6871.891766021649
82670.0,-6871.8946116964025
82671.0,-6871.897457371156
82672.0,-6871.900303045909
82673.0,-6871.903148720662
82674.0,-6871.905994395415
82675.0,-6871.9088400701685
82676.0,-6871.911685744922
82677.0,-6871.914531419675
82678.0,-6871.917377094428
82679.0,-6871.920222769181
82680.0,-6871.923068443934
82681.0,-6871.925914118688
82682.0,-6871.928759793441
82683.0,-6871.931605468194
82684.0,-6871.934451142947
82685.0,-6871.9372968177
82686.0,-6871.940142492454
82687.0,-6871.942988167207
82688.0,-6871.94583384196
82689.0,-6871.948679516713
82690.0,-6871.951525191466
82691.0,-6871.9543708662195
82692.0,-6871.957216540973
82693.0,-6871.960062215726
82694.0,-6871.962907890479
82695.0,-6871.965753565232
82696.0,-6871.968599239985
82697.0,-6871.971444914739
82698.0,-6871.974290589492
82699.0,-6871.977136264245
82700.0,-6871.979981938998
82701.0,-6871.982827613751
82702.0,-6871.985673288505
82703.0,-6871.988518963258
82704.0,-6871.991364638011
82705.0,-6871.994210312764
82706.0,-6871.997055987517
82707.0,-6871.9999016622705
82708.0,-6872.002747337024
82709.0,-6872.005593011777
82710.0,-6872.00843868653
82711.0,-6872.011284361283
82712.0,-6872.0141300360365
82713.0,-6872.01697571079
82714.0,-6872.019821385543
82715.0,-6872.022667060296
82716.0,-6872.025512735049
82717.0,-6872.028358409802
82718.0,-6872.031204084556
82719.0,-6872.034049759309
82720.0,-6872.036895434062
82721.0,-6872.039741108815
82722.0,-6872.042586783568
82723.0,-6872.045432458322
82724.0,-6872.048278133075
82725.0,-6872.051123807828
82726.0,-6872.053969482581
82727.0,-6872.056815157334
82728.0,-6872.0596608320875
82729.0,-6872.062506506841
82730.0,-6872.065352181594
82731.0,-6872.068197856347
82732.0,-6872.0710435311
82733.0,-6872.073889205853
82734.0,-6872.076734880607
82735.0,-6872.07958055536
82736.0,-6872.082426230113
82737.0,-6872.085271904866
82738.0,-6872.088117579619
82739.0,-6872.090963254373
82740.0,-6872.093808929126
82741.0,-6872.096654603879
82742.0,-6872.099500278632
82743.0,-6872.102345953385
82744.0,-6872.1051916281385
82745.0,-6872.108037302892
82746.0,-6872.110882977645
82747.0,-6872.113728652398
82748.0,-6872.116574327151
82749.0,-6872.1194200019045
82750.0,-6872.122265676658
82751.0,-6872.125111351411
82752.0,-6872.127957026164
82753.0,-6872.130802700917
82754.0,-6872.13364837567
82755.0,-6872.136494050424
82756.0,-6872.139339725177
82757.0,-6872.14218539993
82758.0,-6872.145031074683
82759.0,-6872.147876749436
82760.0,-6872.15072242419
82761.0,-6872.153568098943
82762.0,-6872.156413773696
82763.0,-6872.159259448449
82764.0,-6872.162105123202
82765.0,-6872.1649507979555
82766.0,-6872.167796472709
82767.0,-6872.170642147462
82768.0,-6872.173487822215
82769.0,-6872.176333496968
82770.0,-6872.179179171721
82771.0,-6872.182024846475
82772.0,-6872.184870521228
82773.0,-6872.187716195981
82774.0,-6872.190561870734
82775.0,-6872.193407545487
82776.0,-6872.196253220241
82777.0,-6872.199098894994
82778.0,-6872.201944569747
82779.0,-6872.2047902445
82780.0,-6872.207635919253
82781.0,-6872.2104815940065
82782.0,-6872.21332726876
82783.0,-6872.216172943513
82784.0,-6872.219018618266
82785.0,-6872.221864293019
82786.0,-6872.2247099677725
82787.0,-6872.227555642526
82788.0,-6872.230401317279
82789.0,-6872.233246992032
82790.0,-6872.236092666785
82791.0,-6872.238938341538
82792.0,-6872.241784016292
82793.0,-6872.244629691045
82794.0,-6872.247475365798
82795.0,-6872.250321040551
82796.0,-6872.253166715304
82797.0,-6872.256012390058
82798.0,-6872.258858064811
82799.0,-6872.261703739564
82800.0,-6872.264549414317
82801.0,-6872.26739508907
82802.0,-6872.2702407638235
82803.0,-6872.273086438577
82804.0,-6872.27593211333
82805.0,-6872.278777788083
82806.0,-6872.281623462836
82807.0,-6872.284469137589
82808.0,-6872.287314812343
82809.0,-6872.290160487096
82810.0,-6872.293006161849
82811.0,-6872.295851836602
82812.0,-6872.298697511355
82813.0,-6872.301543186109
82814.0,-6872.304388860862
82815.0,-6872.307234535615
82816.0,-6872.310080210368
82817.0,-6872.312925885121
82818.0,-6872.3157715598745
82819.0,-6872.318617234628
82820.0,-6872.321462909381
82821.0,-6872.324308584134
82822.0,-6872.327154258887
82823.0,-6872.3299999336405
82824.0,-6872.332845608394
82825.0,-6872.335691283147
82826.0,-6872.3385369579
82827.0,-6872.341382632653
82828.0,-6872.344228307406
82829.0,-6872.34707398216
82830.0,-6872.349919656913
82831.0,-6872.352765331666
82832.0,-6872.355611006419
82833.0,-6872.358456681172
82834.0,-6872.361302355926
82835.0,-6872.364148030679
82836.0,-6872.366993705432
82837.0,-6872.369839380185
82838.0,-6872.372685054938
82839.0,-6872.3755307296915
82840.0,-6872.378376404445
82841.0,-6872.381222079198
82842.0,-6872.384067753951
82843.0,-6872.386913428704
82844.0,-6872.389759103457
82845.0,-6872.392604778211
82846.0,-6872.395450452964
82847.0,-6872.398296127717
82848.0,-6872.40114180247
82849.0,-6872.403987477223
82850.0,-6872.406833151977
82851.0,-6872.40967882673
82852.0,-6872.412524501483
82853.0,-6872.415370176236
82854.0,-6872.418215850989
82855.0,-6872.4210615257425
82856.0,-6872.423907200496
82857.0,-6872.426752875249
82858.0,-6872.429598550002
82859.0,-6872.432444224755
82860.0,-6872.4352898995085
82861.0,-6872.438135574262
82862.0,-6872.440981249015
82863.0,-6872.443826923768
82864.0,-6872.446672598521
82865.0,-6872.449518273274
82866.0,-6872.452363948028
82867.0,-6872.455209622781
82868.0,-6872.458055297534
82869.0,-6872.460900972287
82870.0,-6872.46374664704
82871.0,-6872.4665923217935
82872.0,-6872.469437996547
82873.0,-6872.4722836713
82874.0,-6872.475129346053
82875.0,-6872.477975020806
82876.0,-6872.4808206955595
82877.0,-6872.483666370313
82878.0,-6872.486512045066
82879.0,-6872.489357719819
82880.0,-6872.492203394572
82881.0,-6872.495049069325
82882.0,-6872.497894744079
82883.0,-6872.500740418832
82884.0,-6872.503586093585
82885.0,-6872.506431768338
82886.0,-6872.509277443091
82887.0,-6872.512123117845
82888.0,-6872.514968792598
82889.0,-6872.517814467351
82890.0,-6872.520660142104
82891.0,-6872.523505816857
82892.0,-6872.5263514916105
82893.0,-6872.529197166364
82894.0,-6872.532042841117
82895.0,-6872.53488851587
82896.0,-6872.537734190623
82897.0,-6872.5405798653765
82898.0,-6872.54342554013
82899.0,-6872.546271214883
82900.0,-6872.549116889636
82901.0,-6872.551962564389
82902.0,-6872.554808239142
82903.0,-6872.557653913896
82904.0,-6872.560499588649
82905.0,-6872.563345263402
82906.0,-6872.566190938155
82907.0,-6872.569036612908
82908.0,-6872.5718822876615
82909.0,-6872.574727962415
82910.0,-6872.577573637168
82911.0,-6872.580419311921
82912.0,-6872.583264986674
82913.0,-6872.5861106614275
82914.0,-6872.588956336181
82915.0,-6872.591802010934
82916.0,-6872.594647685687
82917.0,-6872.59749336044
82918.0,-6872.600339035193
82919.0,-6872.603184709947
82920.0,-6872.6060303847
82921.0,-6872.608876059453
82922.0,-6872.611721734206
82923.0,-6872.614567408959
82924.0,-6872.617413083713
82925.0,-6872.620258758466
82926.0,-6872.623104433219
82927.0,-6872.625950107972
82928.0,-6872.628795782725
82929.0,-6872.6316414574785
82930.0,-6872.634487132232
82931.0,-6872.637332806985
82932.0,-6872.640178481738
82933.0,-6872.643024156491
82934.0,-6872.645869831244
82935.0,-6872.648715505998
82936.0,-6872.651561180751
82937.0,-6872.654406855504
82938.0,-6872.657252530257
82939.0,-6872.66009820501
82940.0,-6872.662943879764
82941.0,-6872.665789554517
82942.0,-6872.66863522927
82943.0,-6872.671480904023
82944.0,-6872.674326578776
82945.0,-6872.718925317128
82946.0,-6872.763524055481
82947.0,-6872.808122793834
82948.0,-6872.852721532186
82949.0,-6872.897320270538
82950.0,-6872.941919008891
82951.0,-6872.986517747243
82952.0,-6873.031116485596
82953.0,-6873.0757152239485
82954.0,-6873.1203139623
82955.0,-6873.164912700653
82956.0,-6873.209511439006
82957.0,-6873.254110177358
82958.0,-6873.29870891571
82959.0,-6873.343307654063
82960.0,-6873.387906392415
82961.0,-6873.432505130768
82962.0,-6873.477103869121
82963.0,-6873.521702607472
82964.0,-6873.566301345825
82965.0,-6873.610900084178
82966.0,-6873.65549882253
82967.0,-6873.700097560883
82968.0,-6873.744696299235
82969.0,-6873.789295037587
82970.0,-6873.83389377594
82971.0,-6873.878492514293
82972.0,-6873.923091252645
82973.0,-6873.967689990997
82974.0,-6874.01228872935
82975.0,-6874.056887467702
82976.0,-6874.101486206055
82977.0,-6874.146084944407
82978.0,-6874.190683682759
82979.0,-6874.235282421112
82980.0,-6874.279881159465
82981.0,-6874.324479897817
82982.0,-6874.369078636169
82983.0,-6874.413677374522
82984.0,-6874.458276112874
82985.0,-6874.502874851227
82986.0,-6874.54747358958
82987.0,-6874.592072327931
82988.0,-6874.636671066284
82989.0,-6874.681269804637
82990.0,-6874.725868542989
82991.0,-6874.770467281342
82992.0,-6874.815066019694
82993.0,-6874.859664758046
82994.0,-6874.904263496399
82995.0,-6874.948862234752
82996.0,-6874.9934609731035
82997.0,-6875.038059711456
82998.0,-6875.082658449809
82999.0,-6875.127257188161
83000.0,-6875.171855926514
83001.0,-6875.216454664866
83002.0,-6875.261053403218
83003.0,-6875.305652141571
83004.0,-6875.350250879924
83005.0,-6875.394849618276
83006.0,-6875.439448356628
83007.0,-6875.484047094981
83008.0,-6875.528645833333
83009.0,-6875.573244571686
83010.0,-6875.617843310039
83011.0,-6875.66244204839
83012.0,-6875.707040786743
83013.0,-6875.751639525096
83014.0,-6875.796238263448
83015.0,-6875.8408370018005
83016.0,-6875.885435740153
83017.0,-6875.930034478505
83018.0,-6875.974633216858
83019.0,-6876.019231955211
83020.0,-6876.0638306935625
83021.0,-6876.108429431915
83022.0,-6876.153028170268
83023.0,-6876.19762690862
83024.0,-6876.242225646973
83025.0,-6876.286824385325
83026.0,-6876.331423123677
83027.0,-6876.37602186203
83028.0,-6876.420620600383
83029.0,-6876.465219338735
83030.0,-6876.509818077087
83031.0,-6876.55441681544
83032.0,-6876.599015553792
83033.0,-6876.643614292145
83034.0,-6876.6882130304975
83035.0,-6876.732811768849
83036.0,-6876.777410507202
83037.0,-6876.822009245555
83038.0,-6876.866607983907
83039.0,-6876.9112067222595
83040.0,-6876.955805460612
83041.0,-6877.000404198964
83042.0,-6877.045002937317
83043.0,-6877.08960167567
83044.0,-6877.1342004140215
83045.0,-6877.178799152374
83046.0,-6877.223397890727
83047.0,-6877.267996629079
83048.0,-6877.312595367432
83049.0,-6877.357194105784
83050.0,-6877.401792844136
83051.0,-6877.446391582489
83052.0,-6877.490990320842
83053.0,-6877.535589059194
83054.0,-6877.580187797546
83055.0,-6877.624786535899
83056.0,-6877.669385274251
83057.0,-6877.713984012604
83058.0,-6877.7585827509565
83059.0,-6877.803181489308
83060.0,-6877.847780227661
83061.0,-6877.892378966014
83062.0,-6877.936977704366
83063.0,-6877.9815764427185
83064.0,-6878.026175181071
83065.0,-6878.070773919423
83066.0,-6878.115372657776
83067.0,-6878.159971396129
83068.0,-6878.2045701344805
83069.0,-6878.249168872833
83070.0,-6878.293767611186
83071.0,-6878.338366349538
83072.0,-6878.382965087891
83073.0,-6878.427563826243
83074.0,-6878.472162564595
83075.0,-6878.516761302948
83076.0,-6878.561360041301
83077.0,-6878.605958779653
83078.0,-6878.650557518005
83079.0,-6878.695156256358
83080.0,-6878.73975499471
83081.0,-6878.784353733063
83082.0,-6878.8289524714155
83083.0,-6878.873551209767
83084.0,-6878.91814994812
83085.0,-6878.962748686473
83086.0,-6879.007347424825
83087.0,-6879.0519461631775
83088.0,-6879.09654490153
83089.0,-6879.141143639882
83090.0,-6879.185742378235
83091.0,-6879.230341116588
83092.0,-6879.2749398549395
83093.0,-6879.319538593292
83094.0,-6879.364137331645
83095.0,-6879.408736069997
83096.0,-6879.45333480835
83097.0,-6879.497933546702
83098.0,-6879.542532285054
83099.0,-6879.587131023407
83100.0,-6879.63172976176
83101.0,-6879.676328500112
83102.0,-6879.720927238464
83103.0,-6879.765525976817
83104.0,-6879.810124715169
83105.0,-6879.854723453522
83106.0,-6879.8993221918745
83107.0,-6879.943920930226
83108.0,-6879.988519668579
83109.0,-6880.033118406932
83110.0,-6880.077717145284
83111.0,-6880.1223158836365
83112.0,-6880.166914621989
83113.0,-6880.211513360341
83114.0,-6880.256112098694
83115.0,-6880.300710837047
83116.0,-6880.3453095753985
83117.0,-6880.389908313751
83118.0,-6880.434507052104
83119.0,-6880.479105790456
83120.0,-6880.523704528809
83121.0,-6880.568303267161
83122.0,-6880.612902005513
83123.0,-6880.657500743866
83124.0,-6880.702099482219
83125.0,-6880.746698220571
83126.0,-6880.791296958923
83127.0,-6880.835895697276
83128.0,-6880.880494435628
83129.0,-6880.925093173981
83130.0,-6880.9696919123335
83131.0,-6881.014290650685
83132.0,-6881.058889389038
83133.0,-6881.103488127391
83134.0,-6881.148086865743
83135.0,-6881.1926856040955
83136.0,-6881.237284342448
83137.0,-6881.2818830808
83138.0,-6881.326481819153
83139.0,-6881.371080557506
83140.0,-6881.415679295857
83141.0,-6881.46027803421
83142.0,-6881.504876772563
83143.0,-6881.549475510915
83144.0,-6881.594074249268
83145.0,-6881.63867298762
83146.0,-6881.683271725972
83147.0,-6881.727870464325
83148.0,-6881.772469202678
83149.0,-6881.81706794103
83150.0,-6881.861666679382
83151.0,-6881.906265417735
83152.0,-6881.950864156087
83153.0,-6881.99546289444
83154.0,-6882.0400616327925
83155.0,-6882.084660371144
83156.0,-6882.129259109497
83157.0,-6882.17385784785
83158.0,-6882.218456586202
83159.0,-6882.263055324554
83160.0,-6882.307654062907
83161.0,-6882.352252801259
83162.0,-6882.396851539612
83163.0,-6882.441450277965
83164.0,-6882.486049016316
83165.0,-6882.530647754669
83166.0,-6882.575246493022
83167.0,-6882.619845231374
83168.0,-6882.664443969727
83169.0,-6882.709042708079
83170.0,-6882.753641446431
83171.0,-6882.798240184784
83172.0,-6882.842838923137
83173.0,-6882.887437661489
83174.0,-6882.932036399841
83175.0,-6882.976635138194
83176.0,-6883.021233876546
83177.0,-6883.065832614899
83178.0,-6883.110431353251
83179.0,-6883.155030091603
83180.0,-6883.199628829956
83181.0,-6883.244227568309
83182.0,-6883.288826306661
83183.0,-6883.333425045013
83184.0,-6883.378023783366
83185.0,-6883.422622521718
83186.0,-6883.467221260071
83187.0,-6883.511819998424
83188.0,-6883.556418736775
83189.0,-6883.601017475128
83190.0,-6883.645616213481
83191.0,-6883.690214951833
83192.0,-6883.734813690186
83193.0,-6883.779412428538
83194.0,-6883.82401116689
83195.0,-6883.868609905243
83196.0,-6883.913208643596
83197.0,-6883.9578073819475
83198.0,-6884.0024061203
83199.0,-6884.047004858653
83200.0,-6884.091603597005
83201.0,-6884.136202335358
83202.0,-6884.18080107371
83203.0,-6884.225399812062
83204.0,-6884.269998550415
83205.0,-6884.314597288768
83206.0,-6884.35919602712
83207.0,-6884.403794765472
83208.0,-6884.448393503825
83209.0,-6884.492992242177
83210.0,-6884.53759098053
83211.0,-6884.582189718883
83212.0,-6884.626788457234
83213.0,-6884.671387195587
83214.0,-6884.71598593394
83215.0,-6884.760584672292
83216.0,-6884.8051834106445
83217.0,-6884.849782148997
83218.0,-6884.894380887349
83219.0,-6884.938979625702
83220.0,-6884.983578364055
83221.0,-6885.0281771024065
83222.0,-6885.072775840759
83223.0,-6885.117374579112
83224.0,-6885.161973317464
83225.0,-6885.206572055817
83226.0,-6885.251170794169
83227.0,-6885.295769532521
83228.0,-6885.340368270874
83229.0,-6885.384967009227
83230.0,-6885.429565747579
83231.0,-6885.474164485931
83232.0,-6885.518763224284
83233.0,-6885.563361962636
83234.0,-6885.607960700989
83235.0,-6885.6525594393415
83236.0,-6885.697158177693
83237.0,-6885.741756916046
83238.0,-6885.786355654399
83239.0,-6885.830954392751
83240.0,-6885.8755531311035
83241.0,-6885.920151869456
83242.0,-6885.964750607808
83243.0,-6886.009349346161
83244.0,-6886.053948084514
83245.0,-6886.0985468228655
83246.0,-6886.143145561218
83247.0,-6886.187744299571
83248.0,-6886.232343037923
83249.0,-6886.276941776276
83250.0,-6886.321540514628
83251.0,-6886.36613925298
83252.0,-6886.410737991333
83253.0,-6886.455336729686
83254.0,-6886.499935468038
83255.0,-6886.54453420639
83256.0,-6886.589132944743
83257.0,-6886.633731683095
83258.0,-6886.678330421448
83259.0,-6886.7229291598005
83260.0,-6886.767527898152
83261.0,-6886.812126636505
83262.0,-6886.856725374858
83263.0,-6886.90132411321
83264.0,-6886.9459228515625
83265.0,-6886.990521589915
83266.0,-6887.035120328267
83267.0,-6887.07971906662
83268.0,-6887.124317804973
83269.0,-6887.1689165433245
83270.0,-6887.213515281677
83271.0,-6887.25811402003
83272.0,-6887.302712758382
83273.0,-6887.347311496735
83274.0,-6887.391910235087
83275.0,-6887.436508973439
83276.0,-6887.481107711792
83277.0,-6887.525706450145
83278.0,-6887.570305188497
83279.0,-6887.614903926849
83280.0,-6887.659502665202
83281.0,-6887.704101403554
83282.0,-6887.748700141907
83283.0,-6887.7932988802595
83284.0,-6887.837897618611
83285.0,-6887.882496356964
83286.0,-6887.927095095317
83287.0,-6887.971693833669
83288.0,-6888.0162925720215
83289.0,-6888.060891310374
83290.0,-6888.105490048726
83291.0,-6888.150088787079
83292.0,-6888.194687525432
83293.0,-6888.2392862637835
83294.0,-6888.283885002136
83295.0,-6888.328483740489
83296.0,-6888.373082478841
83297.0,-6888.417681217194
83298.0,-6888.462279955546
83299.0,-6888.506878693898
83300.0,-6888.551477432251
83301.0,-6888.596076170604
83302.0,-6888.640674908956
83303.0,-6888.685273647308
83304.0,-6888.729872385661
83305.0,-6888.774471124013
83306.0,-6888.819069862366
83307.0,-6888.8636686007185
83308.0,-6888.90826733907
83309.0,-6888.952866077423
83310.0,-6888.997464815776
83311.0,-6889.042063554128
83312.0,-6889.0866622924805
83313.0,-6889.131261030833
83314.0,-6889.175859769185
83315.0,-6889.220458507538
83316.0,-6889.265057245891
83317.0,-6889.309655984242
83318.0,-6889.354254722595
83319.0,-6889.398853460948
83320.0,-6889.4434521993
83321.0,-6889.488050937653
83322.0,-6889.532649676005
83323.0,-6889.577248414357
83324.0,-6889.62184715271
83325.0,-6889.666445891063
83326.0,-6889.711044629415
83327.0,-6889.755643367767
83328.0,-6889.80024210612
83329.0,-6889.844840844472
83330.0,-6889.889439582825
83331.0,-6889.9340383211775
83332.0,-6889.978637059529
83333.0,-6890.023235797882
83334.0,-6890.067834536235
83335.0,-6890.112433274587
83336.0,-6890.157032012939
83337.0,-6890.201630751292
83338.0,-6890.246229489644
83339.0,-6890.290828227997
83340.0,-6890.33542696635
83341.0,-6890.380025704701
83342.0,-6890.424624443054
83343.0,-6890.469223181407
83344.0,-6890.513821919759
83345.0,-6890.558420658112
83346.0,-6890.603019396464
83347.0,-6890.647618134816
83348.0,-6890.692216873169
83349.0,-6890.736815611522
83350.0,-6890.781414349874
83351.0,-6890.826013088226
83352.0,-6890.870611826579
83353.0,-6890.915210564931
83354.0,-6890.959809303284
83355.0,-6891.004408041636
83356.0,-6891.049006779988
83357.0,-6891.093605518341
83358.0,-6891.138204256694
83359.0,-6891.182802995046
83360.0,-6891.227401733398
83361.0,-6891.272000471751
83362.0,-6891.316599210103
83363.0,-6891.361197948456
83364.0,-6891.405796686809
83365.0,-6891.45039542516
83366.0,-6891.494994163513
83367.0,-6891.539592901866
83368.0,-6891.584191640218
83369.0,-6891.628790378571
83370.0,-6891.673389116923
83371.0,-6891.717987855275
83372.0,-6891.762586593628
83373.0,-6891.807185331981
83374.0,-6891.8517840703325
83375.0,-6891.896382808685
83376.0,-6891.940981547038
83377.0,-6891.98558028539
83378.0,-6892.030179023743
83379.0,-6892.074777762095
83380.0,-6892.119376500447
83381.0,-6892.1639752388
83382.0,-6892.208573977153
83383.0,-6892.253172715505
83384.0,-6892.297771453857
83385.0,-6892.34237019221
83386.0,-6892.386968930562
83387.0,-6892.431567668915
83388.0,-6892.476166407268
83389.0,-6892.520765145619
83390.0,-6892.565363883972
83391.0,-6892.609962622325
83392.0,-6892.654561360677
83393.0,-6892.6991600990295
83394.0,-6892.743758837382
83395.0,-6892.788357575734
83396.0,-6892.832956314087
83397.0,-6892.87755505244
83398.0,-6892.9221537907915
83399.0,-6892.966752529144
83400.0,-6893.011351267497
83401.0,-6893.055950005849
83402.0,-6893.100548744202
83403.0,-6893.145147482554
83404.0,-6893.189746220906
83405.0,-6893.234344959259
83406.0,-6893.278943697612
83407.0,-6893.323542435964
83408.0,-6893.368141174316
83409.0,-6893.412739912669
83410.0,-6893.457338651021
83411.0,-6893.501937389374
83412.0,-6893.5465361277265
83413.0,-6893.591134866078
83414.0,-6893.635733604431
83415.0,-6893.680332342784
83416.0,-6893.724931081136
83417.0,-6893.7695298194885
83418.0,-6893.814128557841
83419.0,-6893.858727296193
83420.0,-6893.903326034546
83421.0,-6893.947924772899
83422.0,-6893.9925235112505
83423.0,-6894.037122249603
83424.0,-6894.081720987956
83425.0,-6894.126319726308
83426.0,-6894.170918464661
83427.0,-6894.215517203013
83428.0,-6894.260115941365
83429.0,-6894.304714679718
83430.0,-6894.349313418071
83431.0,-6894.393912156423
83432.0,-6894.438510894775
83433.0,-6894.483109633128
83434.0,-6894.52770837148
83435.0,-6894.572307109833
83436.0,-6894.6169058481855
83437.0,-6894.661504586537
83438.0,-6894.70610332489
83439.0,-6894.750702063243
83440.0,-6894.795300801595
83441.0,-6894.8398995399475
83442.0,-6894.8844982783
83443.0,-6894.929097016652
83444.0,-6894.973695755005
83445.0,-6895.018294493358
83446.0,-6895.0628932317095
83447.0,-6895.107491970062
83448.0,-6895.152090708415
83449.0,-6895.196689446767
83450.0,-6895.24128818512
83451.0,-6895.285886923472
83452.0,-6895.330485661824
83453.0,-6895.375084400177
83454.0,-6895.41968313853
83455.0,-6895.464281876882
83456.0,-6895.508880615234
83457.0,-6895.553479353587
83458.0,-6895.598078091939
83459.0,-6895.642676830292
83460.0,-6895.6872755686445
83461.0,-6895.731874306996
83462.0,-6895.776473045349
83463.0,-6895.821071783702
83464.0,-6895.865670522054
83465.0,-6895.9102692604065
83466.0,-6895.954867998759
83467.0,-6895.999466737111
83468.0,-6896.044065475464
83469.0,-6896.088664213817
83470.0,-6896.1332629521685
83471.0,-6896.177861690521
83472.0,-6896.222460428874
83473.0,-6896.267059167226
83474.0,-6896.311657905579
83475.0,-6896.356256643931
83476.0,-6896.400855382283
83477.0,-6896.445454120636
83478.0,-6896.490052858989
83479.0,-6896.534651597341
83480.0,-6896.579250335693
83481.0,-6896.623849074046
83482.0,-6896.668447812398
83483.0,-6896.713046550751
83484.0,-6896.7576452891035
83485.0,-6896.802244027455
83486.0,-6896.846842765808
83487.0,-6896.891441504161
83488.0,-6896.936040242513
83489.0,-6896.9806389808655
83490.0,-6897.025237719218
83491.0,-6897.06983645757
83492.0,-6897.114435195923
83493.0,-6897.159033934276
83494.0,-6897.2036326726275
83495.0,-6897.24823141098
83496.0,-6897.292830149333
83497.0,-6897.337428887685
83498.0,-6897.382027626038
83499.0,-6897.42662636439
83500.0,-6897.471225102742
83501.0,-6897.515823841095
83502.0,-6897.560422579448
83503.0,-6897.6050213178
83504.0,-6897.649620056152
83505.0,-6897.694218794505
83506.0,-6897.738817532857
83507.0,-6897.78341627121
83508.0,-6897.8280150095625
83509.0,-6897.872613747914
83510.0,-6897.917212486267
83511.0,-6897.96181122462
83512.0,-6898.006409962972
83513.0,-6898.0510087013245
83514.0,-6898.095607439677
83515.0,-6898.140206178029
83516.0,-6898.184804916382
83517.0,-6898.229403654735
83518.0,-6898.274002393086
83519.0,-6898.318601131439
83520.0,-6898.363199869792
83521.0,-6898.407798608144
83522.0,-6898.452397346497
83523.0,-6898.496996084849
83524.0,-6898.541594823201
83525.0,-6898.586193561554
83526.0,-6898.630792299907
83527.0,-6898.675391038259
83528.0,-6898.719989776611
83529.0,-6898.764588514964
83530.0,-6898.809187253316
83531.0,-6898.853785991669
83532.0,-6898.8983847300215
83533.0,-6898.942983468373
83534.0,-6898.987582206726
83535.0,-6899.032180945079
83536.0,-6899.076779683431
83537.0,-6899.121378421783
83538.0,-6899.165977160136
83539.0,-6899.210575898488
83540.0,-6899.255174636841
83541.0,-6899.299773375194
83542.0,-6899.344372113545
83543.0,-6899.388970851898
83544.0,-6899.433569590251
83545.0,-6899.478168328603
83546.0,-6899.522767066956
83547.0,-6899.567365805308
83548.0,-6899.61196454366
83549.0,-6899.656563282013
83550.0,-6899.701162020366
83551.0,-6899.745760758718
83552.0,-6899.79035949707
83553.0,-6899.834958235423
83554.0,-6899.879556973775
83555.0,-6899.924155712128
83556.0,-6899.96875445048
83557.0,-6900.013353188832
83558.0,-6900.057951927185
83559.0,-6900.102550665538
83560.0,-6900.14714940389
83561.0,-6900.191748142242
83562.0,-6900.236346880595
83563.0,-6900.280945618947
83564.0,-6900.3255443573
83565.0,-6900.370143095653
83566.0,-6900.414741834004
83567.0,-6900.459340572357
83568.0,-6900.50393931071
83569.0,-6900.548538049062
83570.0,-6900.593136787415
83571.0,-6900.637735525767
83572.0,-6900.682334264119
83573.0,-6900.726933002472
83574.0,-6900.771531740825
83575.0,-6900.8161304791765
83576.0,-6900.860729217529
83577.0,-6900.905327955882
83578.0,-6900.949926694234
83579.0,-6900.994525432587
83580.0,-6901.039124170939
83581.0,-6901.083722909291
83582.0,-6901.128321647644
83583.0,-6901.172920385997
83584.0,-6901.217519124349
83585.0,-6901.262117862701
83586.0,-6901.306716601054
83587.0,-6901.351315339406
83588.0,-6901.395914077759
83589.0,-6901.440512816112
83590.0,-6901.485111554463
83591.0,-6901.529710292816
83592.0,-6901.574309031169
83593.0,-6901.618907769521
83594.0,-6901.6635065078735
83595.0,-6901.708105246226
83596.0,-6901.752703984578
83597.0,-6901.797302722931
83598.0,-6901.841901461284
83599.0,-6901.8865001996355
83600.0,-6901.931098937988
83601.0,-6901.975697676341
83602.0,-6902.020296414693
83603.0,-6902.064895153046
83604.0,-6902.109493891398
83605.0,-6902.15409262975
83606.0,-6902.198691368103
83607.0,-6902.243290106456
83608.0,-6902.287888844808
83609.0,-6902.33248758316
83610.0,-6902.377086321513
83611.0,-6902.421685059865
83612.0,-6902.466283798218
83613.0,-6902.5108825365705
83614.0,-6902.555481274922
83615.0,-6902.600080013275
83616.0,-6902.644678751628
83617.0,-6902.68927748998
83618.0,-6902.7338762283325
83619.0,-6902.778474966685
83620.0,-6902.823073705037
83621.0,-6902.86767244339
83622.0,-6902.912271181743
83623.0,-6902.9568699200945
83624.0,-6903.001468658447
83625.0,-6903.0460673968
83626.0,-6903.090666135152
83627.0,-6903.135264873505
83628.0,-6903.179863611857
83629.0,-6903.224462350209
83630.0,-6903.269061088562
83631.0,-6903.313659826915
83632.0,-6903.358258565267
83633.0,-6903.402857303619
83634.0,-6903.447456041972
83635.0,-6903.492054780324
83636.0,-6903.536653518677
83637.0,-6903.5812522570295
83638.0,-6903.625850995381
83639.0,-6903.670449733734
83640.0,-6903.715048472087
83641.0,-6903.759647210439
83642.0,-6903.8042459487915
83643.0,-6903.848844687144
83644.0,-6903.893443425496
83645.0,-6903.938042163849
83646.0,-6903.982640902202
83647.0,-6904.0272396405535
83648.0,-6904.071838378906
83649.0,-6904.116437117259
83650.0,-6904.161035855611
83651.0,-6904.205634593964
83652.0,-6904.250233332316
83653.0,-6904.294832070668
83654.0,-6904.339430809021
83655.0,-6904.384029547374
83656.0,-6904.428628285726
83657.0,-6904.473227024078
83658.0,-6904.517825762431
83659.0,-6904.562424500783
83660.0,-6904.607023239136
83661.0,-6904.6516219774885
83662.0,-6904.69622071584
83663.0,-6904.740819454193
83664.0,-6904.785418192546
83665.0,-6904.830016930898
83666.0,-6904.8746156692505
83667.0,-6904.919214407603
83668.0,-6904.963813145955
83669.0,-6905.008411884308
83670.0,-6905.053010622661
83671.0,-6905.0976093610125
83672.0,-6905.142208099365
83673.0,-6905.186806837718
83674.0,-6905.23140557607
83675.0,-6905.276004314423
83676.0,-6905.320603052775
83677.0,-6905.365201791127
83678.0,-6905.40980052948
83679.0,-6905.454399267833
83680.0,-6905.498998006185
83681.0,-6905.543596744537
83682.0,-6905.58819548289
83683.0,-6905.632794221242
83684.0,-6905.677392959595
83685.0,-6905.7219916979475
83686.0,-6905.766590436299
83687.0,-6905.811189174652
83688.0,-6905.855787913005
83689.0,-6905.900386651357
83690.0,-6905.9449853897095
83691.0,-6905.989584128062
83692.0,-6906.034182866414
83693.0,-6906.078781604767
83694.0,-6906.12338034312
83695.0,-6906.1679790814715
83696.0,-6906.212577819824
83697.0,-6906.257176558177
83698.0,-6906.301775296529
83699.0,-6906.346374034882
83700.0,-6906.390972773234
83701.0,-6906.435571511586
83702.0,-6906.480170249939
83703.0,-6906.524768988292
83704.0,-6906.569367726644
83705.0,-6906.613966464996
83706.0,-6906.658565203349
83707.0,-6906.703163941701
83708.0,-6906.747762680054
83709.0,-6906.7923614184065
83710.0,-6906.836960156758
83711.0,-6906.881558895111
83712.0,-6906.926157633464
83713.0,-6906.970756371816
83714.0,-6907.0153551101685
83715.0,-6907.059953848521
83716.0,-6907.104552586873
83717.0,-6907.149151325226
83718.0,-6907.193750063579
83719.0,-6907.23834880193
83720.0,-6907.282947540283
83721.0,-6907.327546278636
83722.0,-6907.372145016988
83723.0,-6907.416743755341
83724.0,-6907.461342493693
83725.0,-6907.505941232045
83726.0,-6907.550539970398
83727.0,-6907.595138708751
83728.0,-6907.639737447103
83729.0,-6907.684336185455
83730.0,-6907.728934923808
83731.0,-6907.77353366216
83732.0,-6907.818132400513
83733.0,-6907.8627311388655
83734.0,-6907.907329877217
83735.0,-6907.95192861557
83736.0,-6907.996527353923
83737.0,-6908.041126092275
83738.0,-6908.085724830627
83739.0,-6908.13032356898
83740.0,-6908.174922307332
83741.0,-6908.219521045685
83742.0,-6908.264119784038
83743.0,-6908.308718522389
83744.0,-6908.353317260742
83745.0,-6908.397915999095
83746.0,-6908.442514737447
83747.0,-6908.4871134758
83748.0,-6908.531712214152
83749.0,-6908.576310952504
83750.0,-6908.620909690857
83751.0,-6908.66550842921
83752.0,-6908.710107167562
83753.0,-6908.754705905914
83754.0,-6908.799304644267
83755.0,-6908.843903382619
83756.0,-6908.888502120972
83757.0,-6908.933100859324
83758.0,-6908.977699597676
83759.0,-6909.022298336029
83760.0,-6909.066897074382
83761.0,-6909.111495812734
83762.0,-6909.156094551086
83763.0,-6909.200693289439
83764.0,-6909.245292027791
83765.0,-6909.289890766144
83766.0,-6909.334489504497
83767.0,-6909.379088242848
83768.0,-6909.423686981201
83769.0,-6909.468285719554
83770.0,-6909.512884457906
83771.0,-6909.5574831962585
83772.0,-6909.602081934611
83773.0,-6909.646680672963
83774.0,-6909.691279411316
83775.0,-6909.735878149669
83776.0,-6909.7804768880205
83777.0,-6909.825075626373
83778.0,-6909.869674364726
83779.0,-6909.914273103078
83780.0,-6909.958871841431
83781.0,-6910.003470579783
83782.0,-6910.048069318135
83783.0,-6910.092668056488
83784.0,-6910.137266794841
83785.0,-6910.181865533193
83786.0,-6910.226464271545
83787.0,-6910.271063009898
83788.0,-6910.31566174825
83789.0,-6910.360260486603
83790.0,-6910.4048592249555
83791.0,-6910.449457963307
83792.0,-6910.49405670166
83793.0,-6910.538655440013
83794.0,-6910.583254178365
83795.0,-6910.6278529167175
83796.0,-6910.67245165507
83797.0,-6910.717050393422
83798.0,-6910.761649131775
83799.0,-6910.806247870128
83800.0,-6910.8508466084795
83801.0,-6910.895445346832
83802.0,-6910.940044085185
83803.0,-6910.984642823537
83804.0,-6911.02924156189
83805.0,-6911.073840300242
83806.0,-6911.118439038594
83807.0,-6911.163037776947
83808.0,-6911.2076365153
83809.0,-6911.252235253652
83810.0,-6911.296833992004
83811.0,-6911.341432730357
83812.0,-6911.386031468709
83813.0,-6911.430630207062
83814.0,-6911.4752289454145
83815.0,-6911.519827683766
83816.0,-6911.564426422119
83817.0,-6911.609025160472
83818.0,-6911.653623898824
83819.0,-6911.6982226371765
83820.0,-6911.742821375529
83821.0,-6911.787420113881
83822.0,-6911.832018852234
83823.0,-6911.876617590587
83824.0,-6911.9212163289385
83825.0,-6911.965815067291
83826.0,-6912.010413805644
83827.0,-6912.055012543996
83828.0,-6912.099611282349
83829.0,-6912.144210020701
83830.0,-6912.188808759053
83831.0,-6912.233407497406
83832.0,-6912.278006235759
83833.0,-6912.322604974111
83834.0,-6912.367203712463
83835.0,-6912.411802450816
83836.0,-6912.456401189168
83837.0,-6912.500999927521
83838.0,-6912.5455986658735
83839.0,-6912.590197404225
83840.0,-6912.634796142578
83841.0,-6912.679394880931
83842.0,-6912.723993619283
83843.0,-6912.7685923576355
83844.0,-6912.813191095988
83845.0,-6912.85778983434
83846.0,-6912.902388572693
83847.0,-6912.946987311046
83848.0,-6912.9915860493975
83849.0,-6913.03618478775
83850.0,-6913.080783526103
83851.0,-6913.125382264455
83852.0,-6913.169981002808
83853.0,-6913.21457974116
83854.0,-6913.259178479512
83855.0,-6913.303777217865
83856.0,-6913.348375956218
83857.0,-6913.39297469457
83858.0,-6913.437573432922
83859.0,-6913.482172171275
83860.0,-6913.526770909627
83861.0,-6913.57136964798
83862.0,-6913.6159683863325
83863.0,-6913.660567124684
83864.0,-6913.705165863037
83865.0,-6913.74976460139
83866.0,-6913.794363339742
83867.0,-6913.8389620780945
83868.0,-6913.883560816447
83869.0,-6913.928159554799
83870.0,-6913.972758293152
83871.0,-6914.017357031505
83872.0,-6914.0619557698565
83873.0,-6914.106554508209
83874.0,-6914.151153246562
83875.0,-6914.195751984914
83876.0,-6914.240350723267
83877.0,-6914.284949461619
83878.0,-6914.329548199971
83879.0,-6914.374146938324
83880.0,-6914.418745676677
83881.0,-6914.463344415029
83882.0,-6914.507943153381
83883.0,-6914.552541891734
83884.0,-6914.597140630086
83885.0,-6914.641739368439
83886.0,-6914.6863381067915
83887.0,-6914.730936845143
83888.0,-6914.775535583496
83889.0,-6914.820134321849
83890.0,-6914.864733060201
83891.0,-6914.9093317985535
83892.0,-6914.953930536906
83893.0,-6914.998529275258
83894.0,-6915.043128013611
83895.0,-6915.087726751964
83896.0,-6915.132325490315
83897.0,-6915.176924228668
83898.0,-6915.221522967021
83899.0,-6915.266121705373
83900.0,-6915.310720443726
83901.0,-6915.355319182078
83902.0,-6915.39991792043
83903.0,-6915.444516658783
83904.0,-6915.489115397136
83905.0,-6915.533714135488
83906.0,-6915.57831287384
83907.0,-6915.622911612193
83908.0,-6915.667510350545
83909.0,-6915.712109088898
83910.0,-6915.7567078272505
83911.0,-6915.801306565602
83912.0,-6915.845905303955
83913.0,-6915.890504042308
83914.0,-6915.93510278066
83915.0,-6915.979701519012
83916.0,-6916.024300257365
83917.0,-6916.068898995717
83918.0,-6916.11349773407
83919.0,-6916.158096472423
83920.0,-6916.202695210774
83921.0,-6916.247293949127
83922.0,-6916.29189268748
83923.0,-6916.336491425832
83924.0,-6916.381090164185
83925.0,-6916.425688902537
83926.0,-6916.470287640889
83927.0,-6916.514886379242
83928.0,-6916.559485117595
83929.0,-6916.604083855947
83930.0,-6916.648682594299
83931.0,-6916.693281332652
83932.0,-6916.737880071004
83933.0,-6916.782478809357
83934.0,-6916.827077547709
83935.0,-6916.871676286061
83936.0,-6916.916275024414
83937.0,-6916.960873762767
83938.0,-6917.005472501119
83939.0,-6917.050071239471
83940.0,-6917.094669977824
83941.0,-6917.139268716176
83942.0,-6917.183867454529
83943.0,-6917.228466192882
83944.0,-6917.273064931233
83945.0,-6917.317663669586
83946.0,-6917.362262407939
83947.0,-6917.406861146291
83948.0,-6917.451459884644
83949.0,-6917.496058622996
83950.0,-6917.540657361348
83951.0,-6917.585256099701
83952.0,-6917.629854838054
83953.0,-6917.6744535764055
83954.0,-6917.719052314758
83955.0,-6917.763651053111
83956.0,-6917.808249791463
83957.0,-6917.852848529816
83958.0,-6917.897447268168
83959.0,-6917.94204600652
83960.0,-6917.986644744873
83961.0,-6918.031243483226
83962.0,-6918.075842221578
83963.0,-6918.12044095993
83964.0,-6918.165039698283
83965.0,-6918.209638436635
83966.0,-6918.254237174988
83967.0,-6918.298835913341
83968.0,-6918.343434651692
83969.0,-6918.336044838031
83970.0,-6918.328655024369
83971.0,-6918.321265210708
83972.0,-6918.313875397046
83973.0,-6918.3064855833845
83974.0,-6918.299095769723
83975.0,-6918.291705956061
83976.0,-6918.2843161424
83977.0,-6918.276926328738
83978.0,-6918.269536515077
83979.0,-6918.262146701415
83980.0,-6918.2547568877535
83981.0,-6918.247367074092
83982.0,-6918.23997726043
83983.0,-6918.232587446769
83984.0,-6918.225197633107
83985.0,-6918.217807819446
83986.0,-6918.210418005784
83987.0,-6918.2030281921225
83988.0,-6918.195638378461
83989.0,-6918.188248564799
83990.0,-6918.180858751138
83991.0,-6918.173468937476
83992.0,-6918.166079123815
83993.0,-6918.158689310153
83994.0,-6918.151299496491
83995.0,-6918.14390968283
83996.0,-6918.136519869168
83997.0,-6918.129130055507
83998.0,-6918.121740241845
83999.0,-6918.114350428184
84000.0,-6918.106960614522
84001.0,-6918.09957080086
84002.0,-6918.092180987199
84003.0,-6918.084791173537
84004.0,-6918.077401359876
84005.0,-6918.070011546214
84006.0,-6918.0626217325525
84007.0,-6918.055231918891
84008.0,-6918.047842105229
84009.0,-6918.040452291568
84010.0,-6918.033062477906
84011.0,-6918.025672664245
84012.0,-6918.018282850583
84013.0,-6918.0108930369215
84014.0,-6918.00350322326
84015.0,-6917.996113409598
84016.0,-6917.988723595937
84017.0,-6917.981333782275
84018.0,-6917.973943968614
84019.0,-6917.966554154952
84020.0,-6917.9591643412905
84021.0,-6917.951774527629
84022.0,-6917.944384713967
84023.0,-6917.936994900306
84024.0,-6917.929605086644
84025.0,-6917.922215272983
84026.0,-6917.914825459321
84027.0,-6917.9074356456595
84028.0,-6917.900045831998
84029.0,-6917.892656018336
84030.0,-6917.885266204675
84031.0,-6917.877876391013
84032.0,-6917.870486577352
84033.0,-6917.86309676369
84034.0,-6917.855706950028
84035.0,-6917.848317136367
84036.0,-6917.840927322705
84037.0,-6917.833537509044
84038.0,-6917.826147695382
84039.0,-6917.818757881721
84040.0,-6917.811368068059
84041.0,-6917.803978254397
84042.0,-6917.796588440736
84043.0,-6917.789198627074
84044.0,-6917.781808813413
84045.0,-6917.774418999751
84046.0,-6917.7670291860895
84047.0,-6917.759639372428
84048.0,-6917.752249558766
84049.0,-6917.744859745105
84050.0,-6917.737469931443
84051.0,-6917.730080117782
84052.0,-6917.72269030412
84053.0,-6917.7153004904585
84054.0,-6917.707910676797
84055.0,-6917.700520863135
84056.0,-6917.693131049474
84057.0,-6917.685741235812
84058.0,-6917.678351422151
84059.0,-6917.670961608489
84060.0,-6917.6635717948275
84061.0,-6917.656181981166
84062.0,-6917.648792167504
84063.0,-6917.641402353843
84064.0,-6917.634012540181
84065.0,-6917.62662272652
84066.0,-6917.619232912858
84067.0,-6917.611843099196
84068.0,-6917.604453285535
84069.0,-6917.597063471873
84070.0,-6917.589673658212
84071.0,-6917.58228384455
84072.0,-6917.574894030889
84073.0,-6917.567504217227
84074.0,-6917.560114403565
84075.0,-6917.552724589904
84076.0,-6917.545334776242
84077.0,-6917.537944962581
84078.0,-6917.530555148919
84079.0,-6917.5231653352575
84080.0,-6917.515775521596
84081.0,-6917.508385707934
84082.0,-6917.500995894273
84083.0,-6917.493606080611
84084.0,-6917.48621626695
84085.0,-6917.478826453288
84086.0,-6917.4714366396265
84087.0,-6917.464046825965
84088.0,-6917.456657012303
84089.0,-6917.449267198642
84090.0,-6917.44187738498
84091.0,-6917.434487571319
84092.0,-6917.427097757657
84093.0,-6917.4197079439955
84094.0,-6917.412318130334
84095.0,-6917.404928316672
84096.0,-6917.397538503011
84097.0,-6917.390148689349
84098.0,-6917.382758875688
84099.0,-6917.375369062026
84100.0,-6917.3679792483645
84101.0,-6917.360589434703
84102.0,-6917.353199621041
84103.0,-6917.34580980738
84104.0,-6917.338419993718
84105.0,-6917.331030180057
84106.0,-6917.323640366395
84107.0,-6917.316250552733
84108.0,-6917.308860739072
84109.0,-6917.30147092541
84110.0,-6917.294081111749
84111.0,-6917.286691298087
84112.0,-6917.279301484426
84113.0,-6917.271911670764
84114.0,-6917.264521857102
84115.0,-6917.257132043441
84116.0,-6917.249742229779
84117.0,-6917.242352416118
84118.0,-6917.234962602456
84119.0,-6917.2275727887945
84120.0,-6917.220182975133
84121.0,-6917.212793161471
84122.0,-6917.20540334781
84123.0,-6917.198013534148
84124.0,-6917.190623720487
84125.0,-6917.183233906825
84126.0,-6917.1758440931635
84127.0,-6917.168454279502
84128.0,-6917.16106446584
84129.0,-6917.153674652179
84130.0,-6917.146284838517
84131.0,-6917.138895024856
84132.0,-6917.131505211194
84133.0,-6917.1241153975325
84134.0,-6917.116725583871
84135.0,-6917.109335770209
84136.0,-6917.101945956548
84137.0,-6917.094556142886
84138.0,-6917.087166329225
84139.0,-6917.079776515563
84140.0,-6917.072386701901
84141.0,-6917.06499688824
84142.0,-6917.057607074578
84143.0,-6917.050217260917
84144.0,-6917.042827447255
84145.0,-6917.035437633594
84146.0,-6917.028047819932
84147.0,-6917.02065800627
84148.0,-6917.013268192609
84149.0,-6917.005878378947
84150.0,-6916.998488565286
84151.0,-6916.991098751624
84152.0,-6916.983708937963
84153.0,-6916.976319124301
84154.0,-6916.968929310639
84155.0,-6916.961539496978
84156.0,-6916.954149683316
84157.0,-6916.946759869655
84158.0,-6916.939370055993
84159.0,-6916.9319802423315
84160.0,-6916.92459042867
84161.0,-6916.917200615008
84162.0,-6916.909810801347
84163.0,-6916.902420987685
84164.0,-6916.895031174024
84165.0,-6916.887641360362
84166.0,-6916.8802515467005
84167.0,-6916.872861733039
84168.0,-6916.865471919377
84169.0,-6916.858082105716
84170.0,-6916.850692292054
84171.0,-6916.843302478393
84172.0,-6916.835912664731
84173.0,-6916.8285228510695
84174.0,-6916.821133037408
84175.0,-6916.813743223746
84176.0,-6916.806353410085
84177.0,-6916.798963596423
84178.0,-6916.791573782762
84179.0,-6916.7841839691
84180.0,-6916.776794155438
84181.0,-6916.769404341777
84182.0,-6916.762014528115
84183.0,-6916.754624714454
84184.0,-6916.747234900792
84185.0,-6916.739845087131
84186.0,-6916.732455273469
84187.0,-6916.725065459807
84188.0,-6916.717675646146
84189.0,-6916.710285832484
84190.0,-6916.702896018823
84191.0,-6916.695506205161
84192.0,-6916.6881163914995
84193.0,-6916.680726577838
84194.0,-6916.673336764176
84195.0,-6916.665946950515
84196.0,-6916.658557136853
84197.0,-6916.651167323192
84198.0,-6916.64377750953
84199.0,-6916.6363876958685
84200.0,-6916.628997882207
84201.0,-6916.621608068545
84202.0,-6916.614218254884
84203.0,-6916.606828441222
84204.0,-6916.599438627561
84205.0,-6916.592048813899
84206.0,-6916.5846590002375
84207.0,-6916.577269186576
84208.0,-6916.569879372914
84209.0,-6916.562489559253
84210.0,-6916.555099745591
84211.0,-6916.54770993193
84212.0,-6916.540320118268
84213.0,-6916.532930304606
84214.0,-6916.525540490945
84215.0,-6916.518150677283
84216.0,-6916.510760863622
84217.0,-6916.50337104996
84218.0,-6916.495981236299
84219.0,-6916.488591422637
84220.0,-6916.481201608975
84221.0,-6916.473811795314
84222.0,-6916.466421981652
84223.0,-6916.459032167991
84224.0,-6916.451642354329
84225.0,-6916.444252540668
84226.0,-6916.436862727006
84227.0,-6916.429472913344
84228.0,-6916.422083099683
84229.0,-6916.414693286021
84230.0,-6916.40730347236
84231.0,-6916.399913658698
84232.0,-6916.3925238450365
84233.0,-6916.385134031375
84234.0,-6916.377744217713
84235.0,-6916.370354404052
84236.0,-6916.36296459039
84237.0,-6916.355574776729
84238.0,-6916.348184963067
84239.0,-6916.3407951494055
84240.0,-6916.333405335744
84241.0,-6916.326015522082
84242.0,-6916.318625708421
84243.0,-6916.311235894759
84244.0,-6916.303846081098
84245.0,-6916.296456267436
84246.0,-6916.2890664537745
84247.0,-6916.281676640113
84248.0,-6916.274286826451
84249.0,-6916.26689701279
84250.0,-6916.259507199128
84251.0,-6916.252117385467
84252.0,-6916.244727571805
84253.0,-6916.237337758143
84254.0,-6916.229947944482
84255.0,-6916.22255813082
84256.0,-6916.215168317159
84257.0,-6916.207778503497
84258.0,-6916.200388689836
84259.0,-6916.192998876174
84260.0,-6916.185609062512
84261.0,-6916.178219248851
84262.0,-6916.170829435189
84263.0,-6916.163439621528
84264.0,-6916.156049807866
84265.0,-6916.1486599942045
84266.0,-6916.141270180543
84267.0,-6916.133880366881
84268.0,-6916.12649055322
84269.0,-6916.119100739558
84270.0,-6916.111710925897
84271.0,-6916.104321112235
84272.0,-6916.0969312985735
84273.0,-6916.089541484912
84274.0,-6916.08215167125
84275.0,-6916.074761857589
84276.0,-6916.067372043927
84277.0,-6916.059982230266
84278.0,-6916.052592416604
84279.0,-6916.0452026029425
84280.0,-6916.037812789281
84281.0,-6916.030422975619
84282.0,-6916.023033161958
84283.0,-6916.015643348296
84284.0,-6916.008253534635
84285.0,-6916.000863720973
84286.0,-6915.993473907311
84287.0,-6915.98608409365
84288.0,-6915.978694279988
84289.0,-6915.971304466327
84290.0,-6915.963914652665
84291.0,-6915.956524839004
84292.0,-6915.949135025342
84293.0,-6915.94174521168
84294.0,-6915.934355398019
84295.0,-6915.926965584357
84296.0,-6915.919575770696
84297.0,-6915.912185957034
84298.0,-6915.904796143373
84299.0,-6915.897406329711
84300.0,-6915.890016516049
84301.0,-6915.882626702388
84302.0,-6915.875236888726
84303.0,-6915.867847075065
84304.0,-6915.860457261403
84305.0,-6915.8530674477415
84306.0,-6915.84567763408
84307.0,-6915.838287820418
84308.0,-6915.830898006757
84309.0,-6915.823508193095
84310.0,-6915.816118379434
84311.0,-6915.808728565772
84312.0,-6915.8013387521105
84313.0,-6915.793948938449
84314.0,-6915.786559124787
84315.0,-6915.779169311126
84316.0,-6915.771779497464
84317.0,-6915.764389683803
84318.0,-6915.756999870141
84319.0,-6915.7496100564795
84320.0,-6915.742220242818
84321.0,-6915.734830429156
84322.0,-6915.727440615495
84323.0,-6915.720050801833
84324.0,-6915.712660988172
84325.0,-6915.70527117451
84326.0,-6915.697881360848
84327.0,-6915.690491547187
84328.0,-6915.683101733525
84329.0,-6915.675711919864
84330.0,-6915.668322106202
84331.0,-6915.660932292541
84332.0,-6915.653542478879
84333.0,-6915.646152665217
84334.0,-6915.638762851556
84335.0,-6915.631373037894
84336.0,-6915.623983224233
84337.0,-6915.616593410571
84338.0,-6915.6092035969095
84339.0,-6915.601813783248
84340.0,-6915.594423969586
84341.0,-6915.587034155925
84342.0,-6915.579644342263
84343.0,-6915.572254528602
84344.0,-6915.56486471494
84345.0,-6915.5574749012785
84346.0,-6915.550085087617
84347.0,-6915.542695273955
84348.0,-6915.535305460294
84349.0,-6915.527915646632
84350.0,-6915.520525832971
84351.0,-6915.513136019309
84352.0,-6915.5057462056475
84353.0,-6915.498356391986
84354.0,-6915.490966578324
84355.0,-6915.483576764663
84356.0,-6915.476186951001
84357.0,-6915.46879713734
84358.0,-6915.461407323678
84359.0,-6915.4540175100165
84360.0,-6915.446627696355
84361.0,-6915.439237882693
84362.0,-6915.431848069032
84363.0,-6915.42445825537
84364.0,-6915.417068441709
84365.0,-6915.409678628047
84366.0,-6915.402288814385
84367.0,-6915.394899000724
84368.0,-6915.387509187062
84369.0,-6915.380119373401
84370.0,-6915.372729559739
84371.0,-6915.365339746078
84372.0,-6915.357949932416
84373.0,-6915.350560118754
84374.0,-6915.343170305093
84375.0,-6915.335780491431
84376.0,-6915.32839067777
84377.0,-6915.321000864108
84378.0,-6915.3136110504465
84379.0,-6915.306221236785
84380.0,-6915.298831423123
84381.0,-6915.291441609462
84382.0,-6915.2840517958
84383.0,-6915.276661982139
84384.0,-6915.269272168477
84385.0,-6915.2618823548155
84386.0,-6915.254492541154
84387.0,-6915.247102727492
84388.0,-6915.239712913831
84389.0,-6915.232323100169
84390.0,-6915.224933286508
84391.0,-6915.217543472846
84392.0,-6915.2101536591845
84393.0,-6915.202763845523
84394.0,-6915.195374031861
84395.0,-6915.1879842182
84396.0,-6915.180594404538
84397.0,-6915.173204590877
84398.0,-6915.165814777215
84399.0,-6915.158424963553
84400.0,-6915.151035149892
84401.0,-6915.14364533623
84402.0,-6915.136255522569
84403.0,-6915.128865708907
84404.0,-6915.121475895246
84405.0,-6915.114086081584
84406.0,-6915.106696267922
84407.0,-6915.099306454261
84408.0,-6915.091916640599
84409.0,-6915.084526826938
84410.0,-6915.077137013276
84411.0,-6915.0697471996145
84412.0,-6915.062357385953
84413.0,-6915.054967572291
84414.0,-6915.04757775863
84415.0,-6915.040187944968
84416.0,-6915.032798131307
84417.0,-6915.025408317645
84418.0,-6915.0180185039835
84419.0,-6915.010628690322
84420.0,-6915.00323887666
84421.0,-6914.995849062999
84422.0,-6914.988459249337
84423.0,-6914.981069435676
84424.0,-6914.973679622014
84425.0,-6914.9662898083525
84426.0,-6914.958899994691
84427.0,-6914.951510181029
84428.0,-6914.944120367368
84429.0,-6914.936730553706
84430.0,-6914.929340740045
84431.0,-6914.921950926383
84432.0,-6914.9145611127215
84433.0,-6914.90717129906
84434.0,-6914.899781485398
84435.0,-6914.892391671737
84436.0,-6914.885001858075
84437.0,-6914.877612044414
84438.0,-6914.870222230752
84439.0,-6914.86283241709
84440.0,-6914.855442603429
84441.0,-6914.848052789767
84442.0,-6914.840662976106
84443.0,-6914.833273162444
84444.0,-6914.825883348783
84445.0,-6914.818493535121
84446.0,-6914.811103721459
84447.0,-6914.803713907798
84448.0,-6914.796324094136
84449.0,-6914.788934280475
84450.0,-6914.781544466813
84451.0,-6914.7741546531515
84452.0,-6914.76676483949
84453.0,-6914.759375025828
84454.0,-6914.751985212167
84455.0,-6914.744595398505
84456.0,-6914.737205584844
84457.0,-6914.729815771182
84458.0,-6914.7224259575205
84459.0,-6914.715036143859
84460.0,-6914.707646330197
84461.0,-6914.700256516536
84462.0,-6914.692866702874
84463.0,-6914.685476889213
84464.0,-6914.678087075551
84465.0,-6914.6706972618895
84466.0,-6914.663307448228
84467.0,-6914.655917634566
84468.0,-6914.648527820905
84469.0,-6914.641138007243
84470.0,-6914.633748193582
84471.0,-6914.62635837992
84472.0,-6914.618968566258
84473.0,-6914.611578752597
84474.0,-6914.604188938935
84475.0,-6914.596799125274
84476.0,-6914.589409311612
84477.0,-6914.582019497951
84478.0,-6914.574629684289
84479.0,-6914.567239870627
84480.0,-6914.559850056966
84481.0,-6914.552460243304
84482.0,-6914.545070429643
84483.0,-6914.537680615981
84484.0,-6914.5302908023195
84485.0,-6914.522900988658
84486.0,-6914.515511174996
84487.0,-6914.508121361335
84488.0,-6914.500731547673
84489.0,-6914.493341734012
84490.0,-6914.48595192035
84491.0,-6914.4785621066885
84492.0,-6914.471172293027
84493.0,-6914.463782479365
84494.0,-6914.456392665704
84495.0,-6914.449002852042
84496.0,-6914.441613038381
84497.0,-6914.434223224719
84498.0,-6914.4268334110575
84499.0,-6914.419443597396
84500.0,-6914.412053783734
84501.0,-6914.404663970073
84502.0,-6914.397274156411
84503.0,-6914.38988434275
84504.0,-6914.382494529088
84505.0,-6914.3751047154265
84506.0,-6914.367714901765
84507.0,-6914.360325088103
84508.0,-6914.352935274442
84509.0,-6914.34554546078
84510.0,-6914.338155647119
84511.0,-6914.330765833457
84512.0,-6914.323376019795
84513.0,-6914.315986206134
84514.0,-6914.308596392472
84515.0,-6914.301206578811
84516.0,-6914.293816765149
84517.0,-6914.286426951488
84518.0,-6914.279037137826
84519.0,-6914.271647324164
84520.0,-6914.264257510503
84521.0,-6914.256867696841
84522.0,-6914.24947788318
84523.0,-6914.242088069518
84524.0,-6914.2346982558565
84525.0,-6914.227308442195
84526.0,-6914.219918628533
84527.0,-6914.212528814872
84528.0,-6914.20513900121
84529.0,-6914.197749187549
84530.0,-6914.190359373887
84531.0,-6914.1829695602255
84532.0,-6914.175579746564
84533.0,-6914.168189932902
84534.0,-6914.160800119241
84535.0,-6914.153410305579
84536.0,-6914.146020491918
84537.0,-6914.138630678256
84538.0,-6914.1312408645945
84539.0,-6914.123851050933
84540.0,-6914.116461237271
84541.0,-6914.10907142361
84542.0,-6914.101681609948
84543.0,-6914.094291796287
84544.0,-6914.086901982625
84545.0,-6914.079512168963
84546.0,-6914.072122355302
84547.0,-6914.06473254164
84548.0,-6914.057342727979
84549.0,-6914.049952914317
84550.0,-6914.042563100656
84551.0,-6914.035173286994
84552.0,-6914.027783473332
84553.0,-6914.020393659671
84554.0,-6914.013003846009
84555.0,-6914.005614032348
84556.0,-6913.998224218686
84557.0,-6913.9908344050245
84558.0,-6913.983444591363
84559.0,-6913.976054777701
84560.0,-6913.96866496404
84561.0,-6913.961275150378
84562.0,-6913.953885336717
84563.0,-6913.946495523055
84564.0,-6913.9391057093935
84565.0,-6913.931715895732
84566.0,-6913.92432608207
84567.0,-6913.916936268409
84568.0,-6913.909546454747
84569.0,-6913.902156641086
84570.0,-6913.894766827424
84571.0,-6913.8873770137625
84572.0,-6913.879987200101
84573.0,-6913.872597386439
84574.0,-6913.865207572778
84575.0,-6913.857817759116
84576.0,-6913.850427945455
84577.0,-6913.843038131793
84578.0,-6913.8356483181315
84579.0,-6913.82825850447
84580.0,-6913.820868690808
84581.0,-6913.813478877147
84582.0,-6913.806089063485
84583.0,-6913.798699249824
84584.0,-6913.791309436162
84585.0,-6913.7839196225
84586.0,-6913.776529808839
84587.0,-6913.769139995177
84588.0,-6913.761750181516
84589.0,-6913.754360367854
84590.0,-6913.746970554193
84591.0,-6913.739580740531
84592.0,-6913.732190926869
84593.0,-6913.724801113208
84594.0,-6913.717411299546
84595.0,-6913.710021485885
84596.0,-6913.702631672223
84597.0,-6913.6952418585615
84598.0,-6913.6878520449
84599.0,-6913.680462231238
84600.0,-6913.673072417577
84601.0,-6913.665682603915
84602.0,-6913.658292790254
84603.0,-6913.650902976592
84604.0,-6913.6435131629305
84605.0,-6913.636123349269
84606.0,-6913.628733535607
84607.0,-6913.621343721946
84608.0,-6913.613953908284
84609.0,-6913.606564094623
84610.0,-6913.599174280961
84611.0,-6913.5917844672995
84612.0,-6913.584394653638
84613.0,-6913.577004839976
84614.0,-6913.569615026315
84615.0,-6913.562225212653
84616.0,-6913.554835398992
84617.0,-6913.54744558533
84618.0,-6913.540055771668
84619.0,-6913.532665958007
84620.0,-6913.525276144345
84621.0,-6913.517886330684
84622.0,-6913.510496517022
84623.0,-6913.503106703361
84624.0,-6913.495716889699
84625.0,-6913.488327076037
84626.0,-6913.480937262376
84627.0,-6913.473547448714
84628.0,-6913.466157635053
84629.0,-6913.458767821391
84630.0,-6913.4513780077295
84631.0,-6913.443988194068
84632.0,-6913.436598380406
84633.0,-6913.429208566745
84634.0,-6913.421818753083
84635.0,-6913.414428939422
84636.0,-6913.40703912576
84637.0,-6913.3996493120985
84638.0,-6913.392259498437
84639.0,-6913.384869684775
84640.0,-6913.377479871114
84641.0,-6913.370090057452
84642.0,-6913.362700243791
84643.0,-6913.355310430129
84644.0,-6913.3479206164675
84645.0,-6913.340530802806
84646.0,-6913.333140989144
84647.0,-6913.325751175483
84648.0,-6913.318361361821
84649.0,-6913.31097154816
84650.0,-6913.303581734498
84651.0,-6913.2961919208365
84652.0,-6913.288802107175
84653.0,-6913.281412293513
84654.0,-6913.274022479852
84655.0,-6913.26663266619
84656.0,-6913.259242852529
84657.0,-6913.251853038867
84658.0,-6913.244463225205
84659.0,-6913.237073411544
84660.0,-6913.229683597882
84661.0,-6913.222293784221
84662.0,-6913.214903970559
84663.0,-6913.207514156898
84664.0,-6913.200124343236
84665.0,-6913.192734529574
84666.0,-6913.185344715913
84667.0,-6913.177954902251
84668.0,-6913.17056508859
84669.0,-6913.163175274928
84670.0,-6913.1557854612665
84671.0,-6913.148395647605
84672.0,-6913.141005833943
84673.0,-6913.133616020282
84674.0,-6913.12622620662
84675.0,-6913.118836392959
84676.0,-6913.111446579297
84677.0,-6913.1040567656355
84678.0,-6913.096666951974
84679.0,-6913.089277138312
84680.0,-6913.081887324651
84681.0,-6913.074497510989
84682.0,-6913.067107697328
84683.0,-6913.059717883666
84684.0,-6913.0523280700045
84685.0,-6913.044938256343
84686.0,-6913.037548442681
84687.0,-6913.03015862902
84688.0,-6913.022768815358
84689.0,-6913.015379001697
84690.0,-6913.007989188035
84691.0,-6913.000599374373
84692.0,-6912.993209560712
84693.0,-6912.98581974705
84694.0,-6912.978429933389
84695.0,-6912.971040119727
84696.0,-6912.963650306066
84697.0,-6912.956260492404
84698.0,-6912.948870678742
84699.0,-6912.941480865081
84700.0,-6912.934091051419
84701.0,-6912.926701237758
84702.0,-6912.919311424096
84703.0,-6912.911921610435
84704.0,-6912.904531796773
84705.0,-6912.897141983111
84706.0,-6912.88975216945
84707.0,-6912.882362355788
84708.0,-6912.874972542127
84709.0,-6912.867582728465
84710.0,-6912.8601929148035
84711.0,-6912.852803101142
84712.0,-6912.84541328748
84713.0,-6912.838023473819
84714.0,-6912.830633660157
84715.0,-6912.823243846496
84716.0,-6912.815854032834
84717.0,-6912.8084642191725
84718.0,-6912.801074405511
84719.0,-6912.793684591849
84720.0,-6912.786294778188
84721.0,-6912.778904964526
84722.0,-6912.771515150865
84723.0,-6912.764125337203
84724.0,-6912.7567355235415
84725.0,-6912.74934570988
84726.0,-6912.741955896218
84727.0,-6912.734566082557
84728.0,-6912.727176268895
84729.0,-6912.719786455234
84730.0,-6912.712396641572
84731.0,-6912.70500682791
84732.0,-6912.697617014249
84733.0,-6912.690227200587
84734.0,-6912.682837386926
84735.0,-6912.675447573264
84736.0,-6912.668057759603
84737.0,-6912.660667945941
84738.0,-6912.653278132279
84739.0,-6912.645888318618
84740.0,-6912.638498504956
84741.0,-6912.631108691295
84742.0,-6912.623718877633
84743.0,-6912.6163290639715
84744.0,-6912.60893925031
84745.0,-6912.601549436648
84746.0,-6912.594159622987
84747.0,-6912.586769809325
84748.0,-6912.579379995664
84749.0,-6912.571990182002
84750.0,-6912.5646003683405
84751.0,-6912.557210554679
84752.0,-6912.549820741017
84753.0,-6912.542430927356
84754.0,-6912.535041113694
84755.0,-6912.527651300033
84756.0,-6912.520261486371
84757.0,-6912.5128716727095
84758.0,-6912.505481859048
84759.0,-6912.498092045386
84760.0,-6912.490702231725
84761.0,-6912.483312418063
84762.0,-6912.475922604402
84763.0,-6912.46853279074
84764.0,-6912.461142977078
84765.0,-6912.453753163417
84766.0,-6912.446363349755
84767.0,-6912.438973536094
84768.0,-6912.431583722432
84769.0,-6912.424193908771
84770.0,-6912.416804095109
84771.0,-6912.409414281447
84772.0,-6912.402024467786
84773.0,-6912.394634654124
84774.0,-6912.387244840463
84775.0,-6912.379855026801
84776.0,-6912.37246521314
84777.0,-6912.365075399478
84778.0,-6912.357685585816
84779.0,-6912.350295772155
84780.0,-6912.342905958493
84781.0,-6912.335516144832
84782.0,-6912.32812633117
84783.0,-6912.3207365175085
84784.0,-6912.313346703847
84785.0,-6912.305956890185
84786.0,-6912.298567076524
84787.0,-6912.291177262862
84788.0,-6912.283787449201
84789.0,-6912.276397635539
84790.0,-6912.2690078218775
84791.0,-6912.261618008216
84792.0,-6912.254228194554
84793.0,-6912.246838380893
84794.0,-6912.239448567231
84795.0,-6912.23205875357
84796.0,-6912.224668939908
84797.0,-6912.2172791262465
84798.0,-6912.209889312585
84799.0,-6912.202499498923
84800.0,-6912.195109685262
84801.0,-6912.1877198716
84802.0,-6912.180330057939
84803.0,-6912.172940244277
84804.0,-6912.165550430615
84805.0,-6912.158160616954
84806.0,-6912.150770803292
84807.0,-6912.143380989631
84808.0,-6912.135991175969
84809.0,-6912.128601362308
84810.0,-6912.121211548646
84811.0,-6912.113821734984
84812.0,-6912.106431921323
84813.0,-6912.099042107661
84814.0,-6912.091652294
84815.0,-6912.084262480338
84816.0,-6912.0768726666765
84817.0,-6912.069482853015
84818.0,-6912.062093039353
84819.0,-6912.054703225692
84820.0,-6912.04731341203
84821.0,-6912.039923598369
84822.0,-6912.032533784707
84823.0,-6912.0251439710455
84824.0,-6912.017754157384
84825.0,-6912.010364343722
84826.0,-6912.002974530061
84827.0,-6911.995584716399
84828.0,-6911.988194902738
84829.0,-6911.980805089076
84830.0,-6911.9734152754145
84831.0,-6911.966025461753
84832.0,-6911.958635648091
84833.0,-6911.95124583443
84834.0,-6911.943856020768
84835.0,-6911.936466207107
84836.0,-6911.929076393445
84837.0,-6911.921686579783
84838.0,-6911.914296766122
84839.0,-6911.90690695246
84840.0,-6911.899517138799
84841.0,-6911.892127325137
84842.0,-6911.884737511476
84843.0,-6911.877347697814
84844.0,-6911.869957884152
84845.0,-6911.862568070491
84846.0,-6911.855178256829
84847.0,-6911.847788443168
84848.0,-6911.840398629506
84849.0,-6911.833008815845
84850.0,-6911.825619002183
84851.0,-6911.818229188521
84852.0,-6911.81083937486
84853.0,-6911.803449561198
84854.0,-6911.796059747537
84855.0,-6911.788669933875
84856.0,-6911.7812801202135
84857.0,-6911.773890306552
84858.0,-6911.76650049289
84859.0,-6911.759110679229
84860.0,-6911.751720865567
84861.0,-6911.744331051906
84862.0,-6911.736941238244
84863.0,-6911.7295514245825
84864.0,-6911.722161610921
84865.0,-6911.714771797259
84866.0,-6911.707381983598
84867.0,-6911.699992169936
84868.0,-6911.692602356275
84869.0,-6911.685212542613
84870.0,-6911.6778227289515
84871.0,-6911.67043291529
84872.0,-6911.663043101628
84873.0,-6911.655653287967
84874.0,-6911.648263474305
84875.0,-6911.640873660644
84876.0,-6911.633483846982
84877.0,-6911.62609403332
84878.0,-6911.618704219659
84879.0,-6911.611314405997
84880.0,-6911.603924592336
84881.0,-6911.596534778674
84882.0,-6911.589144965013
84883.0,-6911.581755151351
84884.0,-6911.574365337689
84885.0,-6911.566975524028
84886.0,-6911.559585710366
84887.0,-6911.552195896705
84888.0,-6911.544806083043
84889.0,-6911.5374162693815
84890.0,-6911.53002645572
84891.0,-6911.522636642058
84892.0,-6911.515246828397
84893.0,-6911.507857014735
84894.0,-6911.500467201074
84895.0,-6911.493077387412
84896.0,-6911.4856875737505
84897.0,-6911.478297760089
84898.0,-6911.470907946427
84899.0,-6911.463518132766
84900.0,-6911.456128319104
84901.0,-6911.448738505443
84902.0,-6911.441348691781
84903.0,-6911.4339588781195
84904.0,-6911.426569064458
84905.0,-6911.419179250796
84906.0,-6911.411789437135
84907.0,-6911.404399623473
84908.0,-6911.397009809812
84909.0,-6911.38961999615
84910.0,-6911.3822301824885
84911.0,-6911.374840368827
84912.0,-6911.367450555165
84913.0,-6911.360060741504
84914.0,-6911.352670927842
84915.0,-6911.345281114181
84916.0,-6911.337891300519
84917.0,-6911.330501486857
84918.0,-6911.323111673196
84919.0,-6911.315721859534
84920.0,-6911.308332045873
84921.0,-6911.300942232211
84922.0,-6911.29355241855
84923.0,-6911.286162604888
84924.0,-6911.278772791226
84925.0,-6911.271382977565
84926.0,-6911.263993163903
84927.0,-6911.256603350242
84928.0,-6911.24921353658
84929.0,-6911.2418237229185
84930.0,-6911.234433909257
84931.0,-6911.227044095595
84932.0,-6911.219654281934
84933.0,-6911.212264468272
84934.0,-6911.204874654611
84935.0,-6911.197484840949
84936.0,-6911.1900950272875
84937.0,-6911.182705213626
84938.0,-6911.175315399964
84939.0,-6911.167925586303
84940.0,-6911.160535772641
84941.0,-6911.15314595898
84942.0,-6911.145756145318
84943.0,-6911.1383663316565
84944.0,-6911.130976517995
84945.0,-6911.123586704333
84946.0,-6911.116196890672
84947.0,-6911.10880707701
84948.0,-6911.101417263349
84949.0,-6911.094027449687
84950.0,-6911.086637636025
84951.0,-6911.079247822364
84952.0,-6911.071858008702
84953.0,-6911.064468195041
84954.0,-6911.057078381379
84955.0,-6911.049688567718
84956.0,-6911.042298754056
84957.0,-6911.034908940394
84958.0,-6911.027519126733
84959.0,-6911.020129313071
84960.0,-6911.01273949941
84961.0,-6911.005349685748
84962.0,-6910.9979598720865
84963.0,-6910.990570058425
84964.0,-6910.983180244763
84965.0,-6910.975790431102
84966.0,-6910.96840061744
84967.0,-6910.961010803779
84968.0,-6910.953620990117
84969.0,-6910.9462311764555
84970.0,-6910.938841362794
84971.0,-6910.931451549132
84972.0,-6910.924061735471
84973.0,-6910.916671921809
84974.0,-6910.909282108148
84975.0,-6910.901892294486
84976.0,-6910.8945024808245
84977.0,-6910.887112667163
84978.0,-6910.879722853501
84979.0,-6910.87233303984
84980.0,-6910.864943226178
84981.0,-6910.857553412517
84982.0,-6910.850163598855
84983.0,-6910.8427737851935
84984.0,-6910.835383971532
84985.0,-6910.82799415787
84986.0,-6910.820604344209
84987.0,-6910.813214530547
84988.0,-6910.805824716886
84989.0,-6910.798434903224
84990.0,-6910.791045089562
84991.0,-6910.783655275901
84992.0,-6910.776265462239
84993.0,-6910.728705922763
84994.0,-6910.6811463832855
84995.0,-6910.633586843808
84996.0,-6910.586027304332
84997.0,-6910.538467764854
84998.0,-6910.490908225377
84999.0,-6910.443348685901
85000.0,-6910.395789146423
85001.0,-6910.348229606946
85002.0,-6910.30067006747
85003.0,-6910.253110527992
85004.0,-6910.205550988515
85005.0,-6910.1579914490385
85006.0,-6910.110431909561
85007.0,-6910.062872370084
85008.0,-6910.015312830607
85009.0,-6909.96775329113
85010.0,-6909.920193751653
85011.0,-6909.872634212176
85012.0,-6909.825074672699
85013.0,-6909.777515133222
85014.0,-6909.729955593745
85015.0,-6909.682396054268
85016.0,-6909.634836514791
85017.0,-6909.587276975314
85018.0,-6909.539717435837
85019.0,-6909.4921578963595
85020.0,-6909.444598356883
85021.0,-6909.397038817406
85022.0,-6909.349479277928
85023.0,-6909.301919738452
85024.0,-6909.254360198975
85025.0,-6909.206800659497
85026.0,-6909.159241120021
85027.0,-6909.1116815805435
85028.0,-6909.064122041066
85029.0,-6909.01656250159
85030.0,-6908.969002962112
85031.0,-6908.921443422635
85032.0,-6908.873883883159
85033.0,-6908.826324343681
85034.0,-6908.778764804204
85035.0,-6908.731205264728
85036.0,-6908.68364572525
85037.0,-6908.636086185773
85038.0,-6908.5885266462965
85039.0,-6908.540967106819
85040.0,-6908.493407567342
85041.0,-6908.445848027865
85042.0,-6908.398288488388
85043.0,-6908.350728948911
85044.0,-6908.303169409434
85045.0,-6908.255609869957
85046.0,-6908.20805033048
85047.0,-6908.160490791003
85048.0,-6908.112931251526
85049.0,-6908.065371712049
85050.0,-6908.017812172572
85051.0,-6907.970252633095
85052.0,-6907.922693093617
85053.0,-6907.875133554141
85054.0,-6907.827574014664
85055.0,-6907.780014475186
85056.0,-6907.73245493571
85057.0,-6907.684895396233
85058.0,-6907.637335856755
85059.0,-6907.589776317279
85060.0,-6907.5422167778015
85061.0,-6907.494657238324
85062.0,-6907.447097698848
85063.0,-6907.39953815937
85064.0,-6907.351978619893
85065.0,-6907.304419080417
85066.0,-6907.256859540939
85067.0,-6907.209300001462
85068.0,-6907.161740461986
85069.0,-6907.114180922508
85070.0,-6907.066621383031
85071.0,-6907.0190618435545
85072.0,-6906.971502304077
85073.0,-6906.9239427646
85074.0,-6906.876383225123
85075.0,-6906.828823685646
85076.0,-6906.781264146169
85077.0,-6906.733704606692
85078.0,-6906.686145067215
85079.0,-6906.638585527738
85080.0,-6906.591025988261
85081.0,-6906.543466448784
85082.0,-6906.4959069093065
85083.0,-6906.44834736983
85084.0,-6906.400787830353
85085.0,-6906.353228290875
85086.0,-6906.305668751399
85087.0,-6906.258109211922
85088.0,-6906.210549672444
85089.0,-6906.162990132968
85090.0,-6906.115430593491
85091.0,-6906.067871054013
85092.0,-6906.020311514537
85093.0,-6905.9727519750595
85094.0,-6905.925192435582
85095.0,-6905.877632896106
85096.0,-6905.830073356628
85097.0,-6905.782513817151
85098.0,-6905.734954277675
85099.0,-6905.687394738197
85100.0,-6905.63983519872
85101.0,-6905.592275659244
85102.0,-6905.544716119766
85103.0,-6905.497156580289
85104.0,-6905.4495970408125
85105.0,-6905.402037501335
85106.0,-6905.354477961858
85107.0,-6905.306918422381
85108.0,-6905.259358882904
85109.0,-6905.211799343427
85110.0,-6905.16423980395
85111.0,-6905.116680264473
85112.0,-6905.069120724996
85113.0,-6905.021561185519
85114.0,-6904.974001646042
85115.0,-6904.9264421065645
85116.0,-6904.878882567088
85117.0,-6904.831323027611
85118.0,-6904.783763488133
85119.0,-6904.736203948657
85120.0,-6904.68864440918
85121.0,-6904.641084869702
85122.0,-6904.593525330226
85123.0,-6904.545965790749
85124.0,-6904.498406251271
85125.0,-6904.450846711795
85126.0,-6904.4032871723175
85127.0,-6904.35572763284
85128.0,-6904.308168093364
85129.0,-6904.260608553886
85130.0,-6904.213049014409
85131.0,-6904.165489474933
85132.0,-6904.117929935455
85133.0,-6904.070370395978
85134.0,-6904.022810856502
85135.0,-6903.975251317024
85136.0,-6903.927691777547
85137.0,-6903.8801322380705
85138.0,-6903.832572698593
85139.0,-6903.785013159116
85140.0,-6903.737453619639
85141.0,-6903.689894080162
85142.0,-6903.642334540685
85143.0,-6903.594775001208
85144.0,-6903.547215461731
85145.0,-6903.499655922254
85146.0,-6903.452096382777
85147.0,-6903.4045368433
85148.0,-6903.3569773038225
85149.0,-6903.309417764346
85150.0,-6903.261858224869
85151.0,-6903.214298685391
85152.0,-6903.166739145915
85153.0,-6903.119179606438
85154.0,-6903.07162006696
85155.0,-6903.024060527484
85156.0,-6902.976500988007
85157.0,-6902.928941448529
85158.0,-6902.881381909053
85159.0,-6902.8338223695755
85160.0,-6902.786262830098
85161.0,-6902.738703290622
85162.0,-6902.691143751144
85163.0,-6902.643584211667
85164.0,-6902.596024672191
85165.0,-6902.548465132713
85166.0,-6902.500905593236
85167.0,-6902.45334605376
85168.0,-6902.405786514282
85169.0,-6902.358226974805
85170.0,-6902.3106674353285
85171.0,-6902.263107895851
85172.0,-6902.215548356374
85173.0,-6902.167988816897
85174.0,-6902.12042927742
85175.0,-6902.072869737943
85176.0,-6902.025310198466
85177.0,-6901.977750658989
85178.0,-6901.930191119512
85179.0,-6901.882631580035
85180.0,-6901.835072040558
85181.0,-6901.7875125010805
85182.0,-6901.739952961604
85183.0,-6901.692393422127
85184.0,-6901.644833882649
85185.0,-6901.597274343173
85186.0,-6901.549714803696
85187.0,-6901.502155264218
85188.0,-6901.454595724742
85189.0,-6901.407036185265
85190.0,-6901.359476645787
85191.0,-6901.311917106311
85192.0,-6901.2643575668335
85193.0,-6901.216798027356
85194.0,-6901.16923848788
85195.0,-6901.121678948402
85196.0,-6901.074119408925
85197.0,-6901.026559869449
85198.0,-6900.979000329971
85199.0,-6900.931440790494
85200.0,-6900.883881251018
85201.0,-6900.83632171154
85202.0,-6900.788762172063
85203.0,-6900.7412026325865
85204.0,-6900.693643093109
85205.0,-6900.646083553632
85206.0,-6900.598524014155
85207.0,-6900.550964474678
85208.0,-6900.503404935201
85209.0,-6900.455845395724
85210.0,-6900.408285856247
85211.0,-6900.36072631677
85212.0,-6900.313166777293
85213.0,-6900.265607237816
85214.0,-6900.2180476983385
85215.0,-6900.170488158862
85216.0,-6900.122928619385
85217.0,-6900.075369079907
85218.0,-6900.027809540431
85219.0,-6899.980250000954
85220.0,-6899.932690461476
85221.0,-6899.885130922
85222.0,-6899.837571382523
85223.0,-6899.790011843045
85224.0,-6899.742452303569
85225.0,-6899.6948927640915
85226.0,-6899.647333224614
85227.0,-6899.599773685138
85228.0,-6899.55221414566
85229.0,-6899.504654606183
85230.0,-6899.457095066707
85231.0,-6899.409535527229
85232.0,-6899.361975987752
85233.0,-6899.314416448276
85234.0,-6899.266856908798
85235.0,-6899.219297369321
85236.0,-6899.1717378298445
85237.0,-6899.124178290367
85238.0,-6899.07661875089
85239.0,-6899.029059211413
85240.0,-6898.981499671936
85241.0,-6898.933940132459
85242.0,-6898.886380592982
85243.0,-6898.838821053505
85244.0,-6898.791261514028
85245.0,-6898.743701974551
85246.0,-6898.696142435074
85247.0,-6898.6485828955965
85248.0,-6898.60102335612
85249.0,-6898.553463816643
85250.0,-6898.505904277165
85251.0,-6898.458344737689
85252.0,-6898.410785198212
85253.0,-6898.363225658734
85254.0,-6898.315666119258
85255.0,-6898.268106579781
85256.0,-6898.220547040303
85257.0,-6898.172987500827
85258.0,-6898.1254279613495
85259.0,-6898.077868421872
85260.0,-6898.030308882396
85261.0,-6897.982749342918
85262.0,-6897.935189803441
85263.0,-6897.887630263965
85264.0,-6897.840070724487
85265.0,-6897.79251118501
85266.0,-6897.744951645534
85267.0,-6897.697392106056
85268.0,-6897.649832566579
85269.0,-6897.6022730271025
85270.0,-6897.554713487625
85271.0,-6897.507153948148
85272.0,-6897.459594408671
85273.0,-6897.412034869194
85274.0,-6897.364475329717
85275.0,-6897.31691579024
85276.0,-6897.269356250763
85277.0,-6897.221796711286
85278.0,-6897.174237171809
85279.0,-6897.126677632332
85280.0,-6897.0791180928545
85281.0,-6897.031558553378
85282.0,-6896.983999013901
85283.0,-6896.936439474423
85284.0,-6896.888879934947
85285.0,-6896.84132039547
85286.0,-6896.793760855992
85287.0,-6896.746201316516
85288.0,-6896.698641777039
85289.0,-6896.651082237561
85290.0,-6896.603522698085
85291.0,-6896.5559631586075
85292.0,-6896.50840361913
85293.0,-6896.460844079654
85294.0,-6896.413284540176
85295.0,-6896.365725000699
85296.0,-6896.318165461223
85297.0,-6896.270605921745
85298.0,-6896.223046382268
85299.0,-6896.1754868427915
85300.0,-6896.127927303314
85301.0,-6896.080367763837
85302.0,-6896.03280822436
85303.0,-6895.985248684883
85304.0,-6895.937689145406
85305.0,-6895.890129605929
85306.0,-6895.842570066452
85307.0,-6895.795010526975
85308.0,-6895.747450987498
85309.0,-6895.699891448021
85310.0,-6895.652331908544
85311.0,-6895.604772369067
85312.0,-6895.55721282959
85313.0,-6895.5096532901125
85314.0,-6895.462093750636
85315.0,-6895.414534211159
85316.0,-6895.366974671681
85317.0,-6895.319415132205
85318.0,-6895.271855592728
85319.0,-6895.22429605325
85320.0,-6895.176736513774
85321.0,-6895.129176974297
85322.0,-6895.081617434819
85323.0,-6895.034057895343
85324.0,-6894.9864983558655
85325.0,-6894.938938816388
85326.0,-6894.891379276912
85327.0,-6894.843819737434
85328.0,-6894.796260197957
85329.0,-6894.748700658481
85330.0,-6894.701141119003
85331.0,-6894.653581579526
85332.0,-6894.6060220400495
85333.0,-6894.558462500572
85334.0,-6894.510902961095
85335.0,-6894.463343421618
85336.0,-6894.415783882141
85337.0,-6894.368224342664
85338.0,-6894.320664803187
85339.0,-6894.27310526371
85340.0,-6894.225545724233
85341.0,-6894.177986184756
85342.0,-6894.130426645279
85343.0,-6894.082867105802
85344.0,-6894.035307566325
85345.0,-6893.987748026848
85346.0,-6893.9401884873705
85347.0,-6893.892628947894
85348.0,-6893.845069408417
85349.0,-6893.797509868939
85350.0,-6893.749950329463
85351.0,-6893.702390789986
85352.0,-6893.654831250508
85353.0,-6893.607271711032
85354.0,-6893.559712171555
85355.0,-6893.512152632077
85356.0,-6893.464593092601
85357.0,-6893.4170335531235
85358.0,-6893.369474013646
85359.0,-6893.32191447417
85360.0,-6893.274354934692
85361.0,-6893.226795395215
85362.0,-6893.179235855739
85363.0,-6893.131676316261
85364.0,-6893.084116776784
85365.0,-6893.0365572373075
85366.0,-6892.98899769783
85367.0,-6892.941438158353
85368.0,-6892.893878618876
85369.0,-6892.846319079399
85370.0,-6892.798759539922
85371.0,-6892.751200000445
85372.0,-6892.703640460968
85373.0,-6892.656080921491
85374.0,-6892.608521382014
85375.0,-6892.560961842537
85376.0,-6892.51340230306
85377.0,-6892.465842763583
85378.0,-6892.418283224106
85379.0,-6892.3707236846285
85380.0,-6892.323164145152
85381.0,-6892.275604605675
85382.0,-6892.228045066197
85383.0,-6892.180485526721
85384.0,-6892.132925987244
85385.0,-6892.085366447766
85386.0,-6892.03780690829
85387.0,-6891.990247368813
85388.0,-6891.942687829335
85389.0,-6891.895128289859
85390.0,-6891.8475687503815
85391.0,-6891.800009210904
85392.0,-6891.752449671428
85393.0,-6891.70489013195
85394.0,-6891.657330592473
85395.0,-6891.609771052997
85396.0,-6891.562211513519
85397.0,-6891.514651974042
85398.0,-6891.4670924345655
85399.0,-6891.419532895088
85400.0,-6891.371973355611
85401.0,-6891.324413816134
85402.0,-6891.276854276657
85403.0,-6891.22929473718
85404.0,-6891.181735197703
85405.0,-6891.134175658226
85406.0,-6891.086616118749
85407.0,-6891.039056579272
85408.0,-6890.991497039795
85409.0,-6890.943937500318
85410.0,-6890.896377960841
85411.0,-6890.848818421364
85412.0,-6890.8012588818865
85413.0,-6890.75369934241
85414.0,-6890.706139802933
85415.0,-6890.658580263455
85416.0,-6890.611020723979
85417.0,-6890.563461184502
85418.0,-6890.515901645024
85419.0,-6890.468342105548
85420.0,-6890.420782566071
85421.0,-6890.373223026593
85422.0,-6890.325663487117
85423.0,-6890.2781039476395
85424.0,-6890.230544408162
85425.0,-6890.182984868686
85426.0,-6890.135425329208
85427.0,-6890.087865789731
85428.0,-6890.040306250255
85429.0,-6889.992746710777
85430.0,-6889.9451871713
85431.0,-6889.8976276318235
85432.0,-6889.850068092346
85433.0,-6889.802508552869
85434.0,-6889.754949013392
85435.0,-6889.707389473915
85436.0,-6889.659829934438
85437.0,-6889.612270394961
85438.0,-6889.564710855484
85439.0,-6889.517151316007
85440.0,-6889.46959177653
85441.0,-6889.422032237053
85442.0,-6889.374472697576
85443.0,-6889.326913158099
85444.0,-6889.279353618622
85445.0,-6889.2317940791445
85446.0,-6889.184234539668
85447.0,-6889.136675000191
85448.0,-6889.089115460713
85449.0,-6889.041555921237
85450.0,-6888.99399638176
85451.0,-6888.946436842282
85452.0,-6888.898877302806
85453.0,-6888.851317763329
85454.0,-6888.803758223851
85455.0,-6888.756198684375
85456.0,-6888.7086391448975
85457.0,-6888.66107960542
85458.0,-6888.613520065944
85459.0,-6888.565960526466
85460.0,-6888.518400986989
85461.0,-6888.470841447513
85462.0,-6888.423281908035
85463.0,-6888.375722368558
85464.0,-6888.3281628290815
85465.0,-6888.280603289604
85466.0,-6888.233043750127
85467.0,-6888.18548421065
85468.0,-6888.137924671173
85469.0,-6888.090365131696
85470.0,-6888.042805592219
85471.0,-6887.995246052742
85472.0,-6887.947686513265
85473.0,-6887.900126973788
85474.0,-6887.852567434311
85475.0,-6887.805007894834
85476.0,-6887.757448355357
85477.0,-6887.70988881588
85478.0,-6887.6623292764025
85479.0,-6887.614769736926
85480.0,-6887.567210197449
85481.0,-6887.519650657971
85482.0,-6887.472091118495
85483.0,-6887.424531579018
85484.0,-6887.37697203954
85485.0,-6887.329412500064
85486.0,-6887.281852960587
85487.0,-6887.234293421109
85488.0,-6887.186733881633
85489.0,-6887.1391743421555
85490.0,-6887.091614802678
85491.0,-6887.044055263202
85492.0,-6886.996495723724
85493.0,-6886.948936184247
85494.0,-6886.901376644771
85495.0,-6886.853817105293
85496.0,-6886.806257565816
85497.0,-6886.7586980263395
85498.0,-6886.711138486862
85499.0,-6886.663578947385
85500.0,-6886.616019407908
85501.0,-6886.568459868431
85502.0,-6886.520900328954
85503.0,-6886.473340789477
85504.0,-6886.42578125
85505.0,-6886.378221710523
85506.0,-6886.330662171046
85507.0,-6886.283102631569
85508.0,-6886.235543092092
85509.0,-6886.187983552615
85510.0,-6886.140424013138
85511.0,-6886.0928644736605
85512.0,-6886.045304934184
85513.0,-6885.997745394707
85514.0,-6885.950185855229
85515.0,-6885.902626315753
85516.0,-6885.855066776276
85517.0,-6885.807507236798
85518.0,-6885.759947697322
85519.0,-6885.7123881578445
85520.0,-6885.664828618367
85521.0,-6885.617269078891
85522.0,-6885.569709539413
85523.0,-6885.522149999936
85524.0,-6885.47459046046
85525.0,-6885.427030920982
85526.0,-6885.379471381505
85527.0,-6885.331911842029
85528.0,-6885.284352302551
85529.0,-6885.236792763074
85530.0,-6885.1892332235975
85531.0,-6885.14167368412
85532.0,-6885.094114144643
85533.0,-6885.046554605166
85534.0,-6884.998995065689
85535.0,-6884.951435526212
85536.0,-6884.903875986735
85537.0,-6884.856316447258
85538.0,-6884.808756907781
85539.0,-6884.761197368304
85540.0,-6884.713637828827
85541.0,-6884.66607828935
85542.0,-6884.618518749873
85543.0,-6884.570959210396
85544.0,-6884.5233996709185
85545.0,-6884.475840131442
85546.0,-6884.428280591965
85547.0,-6884.380721052487
85548.0,-6884.333161513011
85549.0,-6884.285601973534
85550.0,-6884.238042434056
85551.0,-6884.19048289458
85552.0,-6884.1429233551025
85553.0,-6884.095363815625
85554.0,-6884.047804276149
85555.0,-6884.000244736671
85556.0,-6883.952685197194
85557.0,-6883.905125657718
85558.0,-6883.85756611824
85559.0,-6883.810006578763
85560.0,-6883.762447039287
85561.0,-6883.714887499809
85562.0,-6883.667327960332
85563.0,-6883.6197684208555
85564.0,-6883.572208881378
85565.0,-6883.524649341901
85566.0,-6883.477089802424
85567.0,-6883.429530262947
85568.0,-6883.38197072347
85569.0,-6883.334411183993
85570.0,-6883.286851644516
85571.0,-6883.239292105039
85572.0,-6883.191732565562
85573.0,-6883.144173026085
85574.0,-6883.096613486608
85575.0,-6883.049053947131
85576.0,-6883.001494407654
85577.0,-6882.9539348681765
85578.0,-6882.9063753287
85579.0,-6882.858815789223
85580.0,-6882.811256249745
85581.0,-6882.763696710269
85582.0,-6882.716137170792
85583.0,-6882.668577631314
85584.0,-6882.621018091838
85585.0,-6882.5734585523605
85586.0,-6882.525899012883
85587.0,-6882.478339473407
85588.0,-6882.430779933929
85589.0,-6882.383220394452
85590.0,-6882.335660854976
85591.0,-6882.288101315498
85592.0,-6882.240541776021
85593.0,-6882.192982236545
85594.0,-6882.145422697067
85595.0,-6882.09786315759
85596.0,-6882.0503036181135
85597.0,-6882.002744078636
85598.0,-6881.955184539159
85599.0,-6881.907624999682
85600.0,-6881.860065460205
85601.0,-6881.812505920728
85602.0,-6881.764946381251
85603.0,-6881.717386841774
85604.0,-6881.669827302297
85605.0,-6881.62226776282
85606.0,-6881.574708223343
85607.0,-6881.527148683866
85608.0,-6881.479589144389
85609.0,-6881.432029604912
85610.0,-6881.3844700654345
85611.0,-6881.336910525958
85612.0,-6881.289350986481
85613.0,-6881.241791447003
85614.0,-6881.194231907527
85615.0,-6881.14667236805
85616.0,-6881.099112828572
85617.0,-6881.051553289096
85618.0,-6881.0039937496185
85619.0,-6880.956434210141
85620.0,-6880.908874670665
85621.0,-6880.861315131187
85622.0,-6880.81375559171
85623.0,-6880.766196052234
85624.0,-6880.718636512756
85625.0,-6880.671076973279
85626.0,-6880.623517433803
85627.0,-6880.575957894325
85628.0,-6880.528398354848
85629.0,-6880.4808388153715
85630.0,-6880.433279275894
85631.0,-6880.385719736417
85632.0,-6880.33816019694
85633.0,-6880.290600657463
85634.0,-6880.243041117986
85635.0,-6880.195481578509
85636.0,-6880.147922039032
85637.0,-6880.100362499555
85638.0,-6880.052802960078
85639.0,-6880.005243420601
85640.0,-6879.957683881124
85641.0,-6879.910124341647
85642.0,-6879.86256480217
85643.0,-6879.8150052626925
85644.0,-6879.767445723216
85645.0,-6879.719886183739
85646.0,-6879.672326644261
85647.0,-6879.624767104785
85648.0,-6879.577207565308
85649.0,-6879.52964802583
85650.0,-6879.482088486354
85651.0,-6879.4345289468765
85652.0,-6879.386969407399
85653.0,-6879.339409867923
85654.0,-6879.291850328445
85655.0,-6879.244290788968
85656.0,-6879.196731249492
85657.0,-6879.149171710014
85658.0,-6879.101612170537
85659.0,-6879.054052631061
85660.0,-6879.006493091583
85661.0,-6878.958933552106
85662.0,-6878.9113740126295
85663.0,-6878.863814473152
85664.0,-6878.816254933675
85665.0,-6878.768695394198
85666.0,-6878.721135854721
85667.0,-6878.673576315244
85668.0,-6878.626016775767
85669.0,-6878.57845723629
85670.0,-6878.530897696813
85671.0,-6878.483338157336
85672.0,-6878.435778617859
85673.0,-6878.388219078382
85674.0,-6878.340659538905
85675.0,-6878.293099999428
85676.0,-6878.2455404599505
85677.0,-6878.197980920474
85678.0,-6878.150421380997
85679.0,-6878.102861841519
85680.0,-6878.055302302043
85681.0,-6878.007742762566
85682.0,-6877.960183223088
85683.0,-6877.912623683612
85684.0,-6877.8650641441345
85685.0,-6877.817504604657
85686.0,-6877.769945065181
85687.0,-6877.722385525703
85688.0,-6877.674825986226
85689.0,-6877.62726644675
85690.0,-6877.579706907272
85691.0,-6877.532147367795
85692.0,-6877.484587828319
85693.0,-6877.437028288841
85694.0,-6877.389468749364
85695.0,-6877.3419092098875
85696.0,-6877.29434967041
85697.0,-6877.246790130933
85698.0,-6877.199230591456
85699.0,-6877.151671051979
85700.0,-6877.104111512502
85701.0,-6877.056551973025
85702.0,-6877.008992433548
85703.0,-6876.961432894071
85704.0,-6876.913873354594
85705.0,-6876.866313815117
85706.0,-6876.81875427564
85707.0,-6876.771194736163
85708.0,-6876.723635196686
85709.0,-6876.6760756572085
85710.0,-6876.628516117732
85711.0,-6876.580956578255
85712.0,-6876.533397038777
85713.0,-6876.485837499301
85714.0,-6876.438277959824
85715.0,-6876.390718420346
85716.0,-6876.34315888087
85717.0,-6876.2955993413925
85718.0,-6876.248039801915
85719.0,-6876.200480262439
85720.0,-6876.152920722961
85721.0,-6876.105361183484
85722.0,-6876.057801644008
85723.0,-6876.01024210453
85724.0,-6875.962682565053
85725.0,-6875.915123025577
85726.0,-6875.867563486099
85727.0,-6875.820003946622
85728.0,-6875.7724444071455
85729.0,-6875.724884867668
85730.0,-6875.677325328191
85731.0,-6875.629765788714
85732.0,-6875.582206249237
85733.0,-6875.53464670976
85734.0,-6875.487087170283
85735.0,-6875.439527630806
85736.0,-6875.391968091329
85737.0,-6875.344408551852
85738.0,-6875.296849012375
85739.0,-6875.2492894728975
85740.0,-6875.201729933421
85741.0,-6875.154170393944
85742.0,-6875.106610854466
85743.0,-6875.05905131499
85744.0,-6875.011491775513
85745.0,-6874.963932236035
85746.0,-6874.916372696559
85747.0,-6874.868813157082
85748.0,-6874.821253617604
85749.0,-6874.773694078128
85750.0,-6874.7261345386505
85751.0,-6874.678574999173
85752.0,-6874.631015459697
85753.0,-6874.583455920219
85754.0,-6874.535896380742
85755.0,-6874.488336841266
85756.0,-6874.440777301788
85757.0,-6874.393217762311
85758.0,-6874.345658222835
85759.0,-6874.298098683357
85760.0,-6874.25053914388
85761.0,-6874.2029796044035
85762.0,-6874.155420064926
85763.0,-6874.107860525449
85764.0,-6874.060300985972
85765.0,-6874.012741446495
85766.0,-6873.965181907018
85767.0,-6873.917622367541
85768.0,-6873.870062828064
85769.0,-6873.822503288587
85770.0,-6873.77494374911
85771.0,-6873.727384209633
85772.0,-6873.6798246701555
85773.0,-6873.632265130679
85774.0,-6873.584705591202
85775.0,-6873.537146051724
85776.0,-6873.489586512248
85777.0,-6873.442026972771
85778.0,-6873.394467433293
85779.0,-6873.346907893817
85780.0,-6873.29934835434
85781.0,-6873.251788814862
85782.0,-6873.204229275386
85783.0,-6873.1566697359085
85784.0,-6873.109110196431
85785.0,-6873.061550656955
85786.0,-6873.013991117477
85787.0,-6872.966431578
85788.0,-6872.918872038524
85789.0,-6872.871312499046
85790.0,-6872.823752959569
85791.0,-6872.776193420093
85792.0,-6872.728633880615
85793.0,-6872.681074341138
85794.0,-6872.6335148016615
85795.0,-6872.585955262184
85796.0,-6872.538395722707
85797.0,-6872.49083618323
85798.0,-6872.443276643753
85799.0,-6872.395717104276
85800.0,-6872.348157564799
85801.0,-6872.300598025322
85802.0,-6872.253038485845
85803.0,-6872.205478946368
85804.0,-6872.157919406891
85805.0,-6872.1103598674135
85806.0,-6872.062800327937
85807.0,-6872.01524078846
85808.0,-6871.967681248982
85809.0,-6871.920121709506
85810.0,-6871.872562170029
85811.0,-6871.825002630551
85812.0,-6871.777443091075
85813.0,-6871.729883551598
85814.0,-6871.68232401212
85815.0,-6871.634764472644
85816.0,-6871.5872049331665
85817.0,-6871.539645393689
85818.0,-6871.492085854213
85819.0,-6871.444526314735
85820.0,-6871.396966775258
85821.0,-6871.349407235782
85822.0,-6871.301847696304
85823.0,-6871.254288156827
85824.0,-6871.206728617351
85825.0,-6871.159169077873
85826.0,-6871.111609538396
85827.0,-6871.0640499989195
85828.0,-6871.016490459442
85829.0,-6870.968930919965
85830.0,-6870.921371380488
85831.0,-6870.873811841011
85832.0,-6870.826252301534
85833.0,-6870.778692762057
85834.0,-6870.73113322258
85835.0,-6870.683573683103
85836.0,-6870.636014143626
85837.0,-6870.588454604149
85838.0,-6870.5408950646715
85839.0,-6870.493335525195
85840.0,-6870.445775985718
85841.0,-6870.39821644624
85842.0,-6870.350656906764
85843.0,-6870.303097367287
85844.0,-6870.255537827809
85845.0,-6870.207978288333
85846.0,-6870.160418748856
85847.0,-6870.112859209378
85848.0,-6870.065299669902
85849.0,-6870.0177401304245
85850.0,-6869.970180590947
85851.0,-6869.922621051471
85852.0,-6869.875061511993
85853.0,-6869.827501972516
85854.0,-6869.77994243304
85855.0,-6869.732382893562
85856.0,-6869.684823354085
85857.0,-6869.637263814609
85858.0,-6869.589704275131
85859.0,-6869.542144735654
85860.0,-6869.4945851961775
85861.0,-6869.4470256567
85862.0,-6869.399466117223
85863.0,-6869.351906577746
85864.0,-6869.304347038269
85865.0,-6869.256787498792
85866.0,-6869.209227959315
85867.0,-6869.161668419838
85868.0,-6869.114108880361
85869.0,-6869.066549340884
85870.0,-6869.018989801407
85871.0,-6868.9714302619295
85872.0,-6868.923870722453
85873.0,-6868.876311182976
85874.0,-6868.828751643498
85875.0,-6868.781192104022
85876.0,-6868.733632564545
85877.0,-6868.686073025067
85878.0,-6868.638513485591
85879.0,-6868.590953946114
85880.0,-6868.543394406636
85881.0,-6868.49583486716
85882.0,-6868.4482753276825
85883.0,-6868.400715788205
85884.0,-6868.353156248729
85885.0,-6868.305596709251
85886.0,-6868.258037169774
85887.0,-6868.210477630298
85888.0,-6868.16291809082
85889.0,-6868.115358551343
85890.0,-6868.067799011867
85891.0,-6868.020239472389
85892.0,-6867.972679932912
85893.0,-6867.9251203934355
85894.0,-6867.877560853958
85895.0,-6867.830001314481
85896.0,-6867.782441775004
85897.0,-6867.734882235527
85898.0,-6867.68732269605
85899.0,-6867.639763156573
85900.0,-6867.592203617096
85901.0,-6867.544644077619
85902.0,-6867.497084538142
85903.0,-6867.449524998665
85904.0,-6867.4019654591875
85905.0,-6867.354405919711
85906.0,-6867.306846380234
85907.0,-6867.259286840756
85908.0,-6867.21172730128
85909.0,-6867.164167761803
85910.0,-6867.116608222325
85911.0,-6867.069048682849
85912.0,-6867.021489143372
85913.0,-6866.973929603894
85914.0,-6866.926370064418
85915.0,-6866.8788105249405
85916.0,-6866.831250985463
85917.0,-6866.783691445987
85918.0,-6866.736131906509
85919.0,-6866.688572367032
85920.0,-6866.641012827556
85921.0,-6866.593453288078
85922.0,-6866.545893748601
85923.0,-6866.498334209125
85924.0,-6866.450774669647
85925.0,-6866.40321513017
85926.0,-6866.3556555906935
85927.0,-6866.308096051216
85928.0,-6866.260536511739
85929.0,-6866.212976972262
85930.0,-6866.165417432785
85931.0,-6866.117857893308
85932.0,-6866.070298353831
85933.0,-6866.022738814354
85934.0,-6865.975179274877
85935.0,-6865.9276197354
85936.0,-6865.880060195923
85937.0,-6865.8325006564455
85938.0,-6865.784941116969
85939.0,-6865.737381577492
85940.0,-6865.689822038014
85941.0,-6865.642262498538
85942.0,-6865.594702959061
85943.0,-6865.547143419583
85944.0,-6865.499583880107
85945.0,-6865.45202434063
85946.0,-6865.404464801152
85947.0,-6865.356905261676
85948.0,-6865.3093457221985
85949.0,-6865.261786182721
85950.0,-6865.214226643245
85951.0,-6865.166667103767
85952.0,-6865.11910756429
85953.0,-6865.071548024814
85954.0,-6865.023988485336
85955.0,-6864.976428945859
85956.0,-6864.928869406383
85957.0,-6864.881309866905
85958.0,-6864.833750327428
85959.0,-6864.786190787951
85960.0,-6864.738631248474
85961.0,-6864.691071708997
85962.0,-6864.64351216952
85963.0,-6864.595952630043
85964.0,-6864.548393090566
85965.0,-6864.500833551089
85966.0,-6864.453274011612
85967.0,-6864.405714472135
85968.0,-6864.358154932658
85969.0,-6864.310595393181
85970.0,-6864.2630358537035
85971.0,-6864.215476314227
85972.0,-6864.16791677475
85973.0,-6864.120357235272
85974.0,-6864.072797695796
85975.0,-6864.025238156319
85976.0,-6863.977678616841
85977.0,-6863.930119077365
85978.0,-6863.882559537888
85979.0,-6863.83499999841
85980.0,-6863.787440458934
85981.0,-6863.7398809194565
85982.0,-6863.692321379979
85983.0,-6863.644761840503
85984.0,-6863.597202301025
85985.0,-6863.549642761548
85986.0,-6863.502083222072
85987.0,-6863.454523682594
85988.0,-6863.406964143117
85989.0,-6863.3594046036405
85990.0,-6863.311845064163
85991.0,-6863.264285524686
85992.0,-6863.216725985209
85993.0,-6863.169166445732
85994.0,-6863.121606906255
85995.0,-6863.074047366778
85996.0,-6863.026487827301
85997.0,-6862.978928287824
85998.0,-6862.931368748347
85999.0,-6862.88380920887
86000.0,-6862.836249669393
86001.0,-6862.788690129916
86002.0,-6862.741130590439
86003.0,-6862.6935710509615
86004.0,-6862.646011511485
86005.0,-6862.598451972008
86006.0,-6862.55089243253
86007.0,-6862.503332893054
86008.0,-6862.455773353577
86009.0,-6862.408213814099
86010.0,-6862.360654274623
86011.0,-6862.313094735146
86012.0,-6862.265535195668
86013.0,-6862.217975656192
86014.0,-6862.1704161167145
86015.0,-6862.122856577237
86016.0,-6862.075297037761
86017.0,-6862.046260913213
86018.0,-6862.017224788666
86019.0,-6861.988188664119
86020.0,-6861.959152539571
86021.0,-6861.930116415024
86022.0,-6861.901080290477
86023.0,-6861.872044165929
86024.0,-6861.843008041382
86025.0,-6861.813971916835
86026.0,-6861.784935792287
86027.0,-6861.75589966774
86028.0,-6861.726863543193
86029.0,-6861.697827418645
86030.0,-6861.668791294098
86031.0,-6861.639755169551
86032.0,-6861.610719045003
86033.0,-6861.581682920456
86034.0,-6861.552646795909
86035.0,-6861.523610671361
86036.0,-6861.494574546814
86037.0,-6861.465538422267
86038.0,-6861.436502297719
86039.0,-6861.407466173172
86040.0,-6861.378430048625
86041.0,-6861.349393924077
86042.0,-6861.32035779953
86043.0,-6861.291321674983
86044.0,-6861.262285550435
86045.0,-6861.233249425888
86046.0,-6861.204213301341
86047.0,-6861.175177176793
86048.0,-6861.146141052246
86049.0,-6861.117104927699
86050.0,-6861.088068803151
86051.0,-6861.059032678604
86052.0,-6861.029996554057
86053.0,-6861.000960429509
86054.0,-6860.971924304962
86055.0,-6860.942888180415
86056.0,-6860.913852055867
86057.0,-6860.88481593132
86058.0,-6860.855779806773
86059.0,-6860.826743682225
86060.0,-6860.797707557678
86061.0,-6860.768671433131
86062.0,-6860.739635308583
86063.0,-6860.710599184036
86064.0,-6860.681563059489
86065.0,-6860.652526934941
86066.0,-6860.623490810394
86067.0,-6860.594454685847
86068.0,-6860.565418561299
86069.0,-6860.536382436752
86070.0,-6860.507346312205
86071.0,-6860.478310187657
86072.0,-6860.44927406311
86073.0,-6860.420237938563
86074.0,-6860.391201814015
86075.0,-6860.362165689468
86076.0,-6860.333129564921
86077.0,-6860.304093440373
86078.0,-6860.275057315826
86079.0,-6860.246021191279
86080.0,-6860.2169850667315
86081.0,-6860.187948942184
86082.0,-6860.158912817637
86083.0,-6860.1298766930895
86084.0,-6860.1008405685425
86085.0,-6860.0718044439955
86086.0,-6860.0427683194475
86087.0,-6860.0137321949005
86088.0,-6859.9846960703535
86089.0,-6859.955659945806
86090.0,-6859.9266238212585
86091.0,-6859.8975876967115
86092.0,-6859.868551572164
86093.0,-6859.839515447617
86094.0,-6859.81047932307
86095.0,-6859.781443198522
86096.0,-6859.752407073975
86097.0,-6859.723370949428
86098.0,-6859.69433482488
86099.0,-6859.665298700333
86100.0,-6859.636262575786
86101.0,-6859.607226451238
86102.0,-6859.578190326691
86103.0,-6859.549154202144
86104.0,-6859.520118077596
86105.0,-6859.491081953049
86106.0,-6859.462045828502
86107.0,-6859.433009703954
86108.0,-6859.403973579407
86109.0,-6859.37493745486
86110.0,-6859.345901330312
86111.0,-6859.316865205765
86112.0,-6859.287829081218
86113.0,-6859.25879295667
86114.0,-6859.229756832123
86115.0,-6859.200720707576
86116.0,-6859.171684583028
86117.0,-6859.142648458481
86118.0,-6859.113612333934
86119.0,-6859.084576209386
86120.0,-6859.055540084839
86121.0,-6859.026503960292
86122.0,-6858.997467835744
86123.0,-6858.968431711197
86124.0,-6858.93939558665
86125.0,-6858.910359462102
86126.0,-6858.881323337555
86127.0,-6858.852287213008
86128.0,-6858.82325108846
86129.0,-6858.794214963913
86130.0,-6858.765178839366
86131.0,-6858.736142714818
86132.0,-6858.707106590271
86133.0,-6858.678070465724
86134.0,-6858.649034341176
86135.0,-6858.619998216629
86136.0,-6858.590962092082
86137.0,-6858.561925967534
86138.0,-6858.532889842987
86139.0,-6858.50385371844
86140.0,-6858.474817593892
86141.0,-6858.445781469345
86142.0,-6858.416745344798
86143.0,-6858.38770922025
86144.0,-6858.358673095703
86145.0,-6858.329636971156
86146.0,-6858.300600846608
86147.0,-6858.271564722061
86148.0,-6858.242528597514
86149.0,-6858.213492472966
86150.0,-6858.184456348419
86151.0,-6858.155420223872
86152.0,-6858.126384099324
86153.0,-6858.097347974777
86154.0,-6858.06831185023
86155.0,-6858.039275725682
86156.0,-6858.010239601135
86157.0,-6857.981203476588
86158.0,-6857.95216735204
86159.0,-6857.923131227493
86160.0,-6857.894095102946
86161.0,-6857.865058978398
86162.0,-6857.836022853851
86163.0,-6857.806986729304
86164.0,-6857.777950604756
86165.0,-6857.748914480209
86166.0,-6857.719878355662
86167.0,-6857.690842231114
86168.0,-6857.661806106567
86169.0,-6857.63276998202
86170.0,-6857.603733857472
86171.0,-6857.574697732925
86172.0,-6857.545661608378
86173.0,-6857.5166254838305
86174.0,-6857.487589359283
86175.0,-6857.458553234736
86176.0,-6857.4295171101885
86177.0,-6857.4004809856415
86178.0,-6857.3714448610945
86179.0,-6857.3424087365465
86180.0,-6857.3133726119995
86181.0,-6857.2843364874525
86182.0,-6857.255300362905
86183.0,-6857.2262642383575
86184.0,-6857.1972281138105
86185.0,-6857.168191989263
86186.0,-6857.139155864716
86187.0,-6857.110119740169
86188.0,-6857.081083615621
86189.0,-6857.052047491074
86190.0,-6857.023011366527
86191.0,-6856.993975241979
86192.0,-6856.964939117432
86193.0,-6856.935902992885
86194.0,-6856.906866868337
86195.0,-6856.87783074379
86196.0,-6856.848794619243
86197.0,-6856.819758494695
86198.0,-6856.790722370148
86199.0,-6856.761686245601
86200.0,-6856.732650121053
86201.0,-6856.703613996506
86202.0,-6856.674577871959
86203.0,-6856.645541747411
86204.0,-6856.616505622864
86205.0,-6856.587469498317
86206.0,-6856.558433373769
86207.0,-6856.529397249222
86208.0,-6856.500361124675
86209.0,-6856.471325000127
86210.0,-6856.44228887558
86211.0,-6856.413252751033
86212.0,-6856.384216626485
86213.0,-6856.355180501938
86214.0,-6856.326144377391
86215.0,-6856.297108252843
86216.0,-6856.268072128296
86217.0,-6856.239036003749
86218.0,-6856.209999879201
86219.0,-6856.180963754654
86220.0,-6856.151927630107
86221.0,-6856.122891505559
86222.0,-6856.093855381012
86223.0,-6856.064819256465
86224.0,-6856.035783131917
86225.0,-6856.00674700737
86226.0,-6855.977710882823
86227.0,-6855.948674758275
86228.0,-6855.919638633728
86229.0,-6855.890602509181
86230.0,-6855.861566384633
86231.0,-6855.832530260086
86232.0,-6855.803494135539
86233.0,-6855.774458010991
86234.0,-6855.745421886444
86235.0,-6855.716385761897
86236.0,-6855.687349637349
86237.0,-6855.658313512802
86238.0,-6855.629277388255
86239.0,-6855.600241263707
86240.0,-6855.57120513916
86241.0,-6855.542169014613
86242.0,-6855.513132890065
86243.0,-6855.484096765518
86244.0,-6855.455060640971
86245.0,-6855.426024516423
86246.0,-6855.396988391876
86247.0,-6855.367952267329
86248.0,-6855.338916142781
86249.0,-6855.309880018234
86250.0,-6855.280843893687
86251.0,-6855.251807769139
86252.0,-6855.222771644592
86253.0,-6855.193735520045
86254.0,-6855.164699395497
86255.0,-6855.13566327095
86256.0,-6855.106627146403
86257.0,-6855.077591021855
86258.0,-6855.048554897308
86259.0,-6855.019518772761
86260.0,-6854.990482648213
86261.0,-6854.961446523666
86262.0,-6854.932410399119
86263.0,-6854.903374274571
86264.0,-6854.874338150024
86265.0,-6854.845302025477
86266.0,-6854.8162659009295
86267.0,-6854.787229776382
86268.0,-6854.758193651835
86269.0,-6854.7291575272875
86270.0,-6854.7001214027405
86271.0,-6854.6710852781935
86272.0,-6854.6420491536455
86273.0,-6854.6130130290985
86274.0,-6854.5839769045515
86275.0,-6854.554940780004
86276.0,-6854.5259046554565
86277.0,-6854.4968685309095
86278.0,-6854.467832406362
86279.0,-6854.438796281815
86280.0,-6854.409760157268
86281.0,-6854.38072403272
86282.0,-6854.351687908173
86283.0,-6854.322651783626
86284.0,-6854.293615659078
86285.0,-6854.264579534531
86286.0,-6854.235543409984
86287.0,-6854.206507285436
86288.0,-6854.177471160889
86289.0,-6854.148435036342
86290.0,-6854.119398911794
86291.0,-6854.090362787247
86292.0,-6854.0613266627
86293.0,-6854.032290538152
86294.0,-6854.003254413605
86295.0,-6853.974218289058
86296.0,-6853.94518216451
86297.0,-6853.916146039963
86298.0,-6853.887109915416
86299.0,-6853.858073790868
86300.0,-6853.829037666321
86301.0,-6853.800001541774
86302.0,-6853.770965417226
86303.0,-6853.741929292679
86304.0,-6853.712893168132
86305.0,-6853.683857043584
86306.0,-6853.654820919037
86307.0,-6853.62578479449
86308.0,-6853.596748669942
86309.0,-6853.567712545395
86310.0,-6853.538676420848
86311.0,-6853.5096402963
86312.0,-6853.480604171753
86313.0,-6853.451568047206
86314.0,-6853.422531922658
86315.0,-6853.393495798111
86316.0,-6853.364459673564
86317.0,-6853.335423549016
86318.0,-6853.306387424469
86319.0,-6853.277351299922
86320.0,-6853.248315175374
86321.0,-6853.219279050827
86322.0,-6853.19024292628
86323.0,-6853.161206801732
86324.0,-6853.132170677185
86325.0,-6853.103134552638
86326.0,-6853.07409842809
86327.0,-6853.045062303543
86328.0,-6853.016026178996
86329.0,-6852.986990054448
86330.0,-6852.957953929901
86331.0,-6852.928917805354
86332.0,-6852.899881680806
86333.0,-6852.870845556259
86334.0,-6852.841809431712
86335.0,-6852.812773307164
86336.0,-6852.783737182617
86337.0,-6852.75470105807
86338.0,-6852.725664933522
86339.0,-6852.696628808975
86340.0,-6852.667592684428
86341.0,-6852.63855655988
86342.0,-6852.609520435333
86343.0,-6852.580484310786
86344.0,-6852.551448186238
86345.0,-6852.522412061691
86346.0,-6852.493375937144
86347.0,-6852.464339812596
86348.0,-6852.435303688049
86349.0,-6852.406267563502
86350.0,-6852.377231438954
86351.0,-6852.348195314407
86352.0,-6852.31915918986
86353.0,-6852.290123065312
86354.0,-6852.261086940765
86355.0,-6852.232050816218
86356.0,-6852.20301469167
86357.0,-6852.173978567123
86358.0,-6852.144942442576
86359.0,-6852.1159063180285
86360.0,-6852.086870193481
86361.0,-6852.057834068934
86362.0,-6852.0287979443865
86363.0,-6851.9997618198395
86364.0,-6851.9707256952925
86365.0,-6851.9416895707445
86366.0,-6851.9126534461975
86367.0,-6851.8836173216505
86368.0,-6851.854581197103
86369.0,-6851.8255450725555
86370.0,-6851.7965089480085
86371.0,-6851.767472823461
86372.0,-6851.738436698914
86373.0,-6851.709400574367
86374.0,-6851.680364449819
86375.0,-6851.651328325272
86376.0,-6851.622292200725
86377.0,-6851.593256076177
86378.0,-6851.56421995163
86379.0,-6851.535183827083
86380.0,-6851.506147702535
86381.0,-6851.477111577988
86382.0,-6851.448075453441
86383.0,-6851.419039328893
86384.0,-6851.390003204346
86385.0,-6851.360967079799
86386.0,-6851.331930955251
86387.0,-6851.302894830704
86388.0,-6851.273858706157
86389.0,-6851.244822581609
86390.0,-6851.215786457062
86391.0,-6851.186750332515
86392.0,-6851.157714207967
86393.0,-6851.12867808342
86394.0,-6851.099641958873
86395.0,-6851.070605834325
86396.0,-6851.041569709778
86397.0,-6851.012533585231
86398.0,-6850.983497460683
86399.0,-6850.954461336136
86400.0,-6850.925425211589
86401.0,-6850.896389087041
86402.0,-6850.867352962494
86403.0,-6850.838316837947
86404.0,-6850.809280713399
86405.0,-6850.780244588852
86406.0,-6850.751208464305
86407.0,-6850.722172339757
86408.0,-6850.69313621521
86409.0,-6850.664100090663
86410.0,-6850.635063966115
86411.0,-6850.606027841568
86412.0,-6850.576991717021
86413.0,-6850.547955592473
86414.0,-6850.518919467926
86415.0,-6850.489883343379
86416.0,-6850.460847218831
86417.0,-6850.431811094284
86418.0,-6850.402774969737
86419.0,-6850.373738845189
86420.0,-6850.344702720642
86421.0,-6850.315666596095
86422.0,-6850.286630471547
86423.0,-6850.257594347
86424.0,-6850.228558222453
86425.0,-6850.199522097905
86426.0,-6850.170485973358
86427.0,-6850.141449848811
86428.0,-6850.112413724263
86429.0,-6850.083377599716
86430.0,-6850.054341475169
86431.0,-6850.025305350621
86432.0,-6849.996269226074
86433.0,-6849.967233101527
86434.0,-6849.938196976979
86435.0,-6849.909160852432
86436.0,-6849.880124727885
86437.0,-6849.851088603337
86438.0,-6849.82205247879
86439.0,-6849.793016354243
86440.0,-6849.763980229695
86441.0,-6849.734944105148
86442.0,-6849.705907980601
86443.0,-6849.676871856053
86444.0,-6849.647835731506
86445.0,-6849.618799606959
86446.0,-6849.589763482411
86447.0,-6849.560727357864
86448.0,-6849.531691233317
86449.0,-6849.502655108769
86450.0,-6849.473618984222
86451.0,-6849.444582859675
86452.0,-6849.4155467351275
86453.0,-6849.38651061058
86454.0,-6849.357474486033
86455.0,-6849.3284383614855
86456.0,-6849.2994022369385
86457.0,-6849.2703661123915
86458.0,-6849.2413299878435
86459.0,-6849.2122938632965
86460.0,-6849.1832577387495
86461.0,-6849.154221614202
86462.0,-6849.1251854896545
86463.0,-6849.0961493651075
86464.0,-6849.06711324056
86465.0,-6849.038077116013
86466.0,-6849.009040991466
86467.0,-6848.980004866918
86468.0,-6848.950968742371
86469.0,-6848.921932617824
86470.0,-6848.892896493276
86471.0,-6848.863860368729
86472.0,-6848.834824244182
86473.0,-6848.805788119634
86474.0,-6848.776751995087
86475.0,-6848.74771587054
86476.0,-6848.718679745992
86477.0,-6848.689643621445
86478.0,-6848.660607496898
86479.0,-6848.63157137235
86480.0,-6848.602535247803
86481.0,-6848.573499123256
86482.0,-6848.544462998708
86483.0,-6848.515426874161
86484.0,-6848.486390749614
86485.0,-6848.457354625066
86486.0,-6848.428318500519
86487.0,-6848.399282375972
86488.0,-6848.370246251424
86489.0,-6848.341210126877
86490.0,-6848.31217400233
86491.0,-6848.283137877782
86492.0,-6848.254101753235
86493.0,-6848.225065628688
86494.0,-6848.19602950414
86495.0,-6848.166993379593
86496.0,-6848.137957255046
86497.0,-6848.108921130498
86498.0,-6848.079885005951
86499.0,-6848.050848881404
86500.0,-6848.021812756856
86501.0,-6847.992776632309
86502.0,-6847.963740507762
86503.0,-6847.934704383214
86504.0,-6847.905668258667
86505.0,-6847.87663213412
86506.0,-6847.847596009572
86507.0,-6847.818559885025
86508.0,-6847.789523760478
86509.0,-6847.76048763593
86510.0,-6847.731451511383
86511.0,-6847.702415386836
86512.0,-6847.673379262288
86513.0,-6847.644343137741
86514.0,-6847.615307013194
86515.0,-6847.586270888646
86516.0,-6847.557234764099
86517.0,-6847.528198639552
86518.0,-6847.499162515004
86519.0,-6847.470126390457
86520.0,-6847.44109026591
86521.0,-6847.412054141362
86522.0,-6847.383018016815
86523.0,-6847.353981892268
86524.0,-6847.32494576772
86525.0,-6847.295909643173
86526.0,-6847.266873518626
86527.0,-6847.237837394078
86528.0,-6847.208801269531
86529.0,-6847.179765144984
86530.0,-6847.150729020436
86531.0,-6847.121692895889
86532.0,-6847.092656771342
86533.0,-6847.063620646794
86534.0,-6847.034584522247
86535.0,-6847.0055483977
86536.0,-6846.976512273152
86537.0,-6846.947476148605
86538.0,-6846.918440024058
86539.0,-6846.88940389951
86540.0,-6846.860367774963
86541.0,-6846.831331650416
86542.0,-6846.802295525868
86543.0,-6846.773259401321
86544.0,-6846.744223276774
86545.0,-6846.7151871522265
86546.0,-6846.686151027679
86547.0,-6846.657114903132
86548.0,-6846.6280787785845
86549.0,-6846.5990426540375
86550.0,-6846.5700065294905
86551.0,-6846.5409704049425
86552.0,-6846.5119342803955
86553.0,-6846.4828981558485
86554.0,-6846.453862031301
86555.0,-6846.4248259067535
86556.0,-6846.3957897822065
86557.0,-6846.366753657659
86558.0,-6846.337717533112
86559.0,-6846.308681408565
86560.0,-6846.279645284017
86561.0,-6846.25060915947
86562.0,-6846.221573034923
86563.0,-6846.192536910375
86564.0,-6846.163500785828
86565.0,-6846.134464661281
86566.0,-6846.105428536733
86567.0,-6846.076392412186
86568.0,-6846.047356287639
86569.0,-6846.018320163091
86570.0,-6845.989284038544
86571.0,-6845.960247913997
86572.0,-6845.931211789449
86573.0,-6845.902175664902
86574.0,-6845.873139540355
86575.0,-6845.844103415807
86576.0,-6845.81506729126
86577.0,-6845.786031166713
86578.0,-6845.756995042165
86579.0,-6845.727958917618
86580.0,-6845.698922793071
86581.0,-6845.669886668523
86582.0,-6845.640850543976
86583.0,-6845.611814419429
86584.0,-6845.582778294881
86585.0,-6845.553742170334
86586.0,-6845.524706045787
86587.0,-6845.495669921239
86588.0,-6845.466633796692
86589.0,-6845.437597672145
86590.0,-6845.408561547597
86591.0,-6845.37952542305
86592.0,-6845.350489298503
86593.0,-6845.321453173955
86594.0,-6845.292417049408
86595.0,-6845.263380924861
86596.0,-6845.234344800313
86597.0,-6845.205308675766
86598.0,-6845.176272551219
86599.0,-6845.147236426671
86600.0,-6845.118200302124
86601.0,-6845.089164177577
86602.0,-6845.060128053029
86603.0,-6845.031091928482
86604.0,-6845.002055803935
86605.0,-6844.973019679387
86606.0,-6844.94398355484
86607.0,-6844.914947430293
86608.0,-6844.885911305745
86609.0,-6844.856875181198
86610.0,-6844.827839056651
86611.0,-6844.798802932103
86612.0,-6844.769766807556
86613.0,-6844.740730683009
86614.0,-6844.711694558461
86615.0,-6844.682658433914
86616.0,-6844.653622309367
86617.0,-6844.624586184819
86618.0,-6844.595550060272
86619.0,-6844.566513935725
86620.0,-6844.537477811177
86621.0,-6844.50844168663
86622.0,-6844.479405562083
86623.0,-6844.450369437535
86624.0,-6844.421333312988
86625.0,-6844.392297188441
86626.0,-6844.363261063893
86627.0,-6844.334224939346
86628.0,-6844.305188814799
86629.0,-6844.276152690251
86630.0,-6844.247116565704
86631.0,-6844.218080441157
86632.0,-6844.189044316609
86633.0,-6844.160008192062
86634.0,-6844.130972067515
86635.0,-6844.101935942967
86636.0,-6844.07289981842
86637.0,-6844.043863693873
86638.0,-6844.0148275693255
86639.0,-6843.985791444778
86640.0,-6843.956755320231
86641.0,-6843.9277191956835
86642.0,-6843.8986830711365
86643.0,-6843.8696469465895
86644.0,-6843.8406108220415
86645.0,-6843.8115746974945
86646.0,-6843.7825385729475
86647.0,-6843.7535024484
86648.0,-6843.7244663238525
86649.0,-6843.6954301993055
86650.0,-6843.666394074758
86651.0,-6843.637357950211
86652.0,-6843.608321825664
86653.0,-6843.579285701116
86654.0,-6843.550249576569
86655.0,-6843.521213452022
86656.0,-6843.492177327474
86657.0,-6843.463141202927
86658.0,-6843.43410507838
86659.0,-6843.405068953832
86660.0,-6843.376032829285
86661.0,-6843.346996704738
86662.0,-6843.31796058019
86663.0,-6843.288924455643
86664.0,-6843.259888331096
86665.0,-6843.230852206548
86666.0,-6843.201816082001
86667.0,-6843.172779957454
86668.0,-6843.143743832906
86669.0,-6843.114707708359
86670.0,-6843.085671583812
86671.0,-6843.056635459264
86672.0,-6843.027599334717
86673.0,-6842.99856321017
86674.0,-6842.969527085622
86675.0,-6842.940490961075
86676.0,-6842.911454836528
86677.0,-6842.88241871198
86678.0,-6842.853382587433
86679.0,-6842.824346462886
86680.0,-6842.795310338338
86681.0,-6842.766274213791
86682.0,-6842.737238089244
86683.0,-6842.708201964696
86684.0,-6842.679165840149
86685.0,-6842.650129715602
86686.0,-6842.621093591054
86687.0,-6842.592057466507
86688.0,-6842.56302134196
86689.0,-6842.533985217412
86690.0,-6842.504949092865
86691.0,-6842.475912968318
86692.0,-6842.44687684377
86693.0,-6842.417840719223
86694.0,-6842.388804594676
86695.0,-6842.359768470128
86696.0,-6842.330732345581
86697.0,-6842.301696221034
86698.0,-6842.272660096486
86699.0,-6842.243623971939
86700.0,-6842.214587847392
86701.0,-6842.185551722844
86702.0,-6842.156515598297
86703.0,-6842.12747947375
86704.0,-6842.098443349202
86705.0,-6842.069407224655
86706.0,-6842.040371100108
86707.0,-6842.01133497556
86708.0,-6841.982298851013
86709.0,-6841.953262726466
86710.0,-6841.924226601918
86711.0,-6841.895190477371
86712.0,-6841.866154352824
86713.0,-6841.837118228276
86714.0,-6841.808082103729
86715.0,-6841.779045979182
86716.0,-6841.750009854634
86717.0,-6841.720973730087
86718.0,-6841.69193760554
86719.0,-6841.662901480992
86720.0,-6841.633865356445
86721.0,-6841.604829231898
86722.0,-6841.57579310735
86723.0,-6841.546756982803
86724.0,-6841.517720858256
86725.0,-6841.488684733708
86726.0,-6841.459648609161
86727.0,-6841.430612484614
86728.0,-6841.401576360066
86729.0,-6841.372540235519
86730.0,-6841.343504110972
86731.0,-6841.3144679864245
86732.0,-6841.285431861877
86733.0,-6841.25639573733
86734.0,-6841.2273596127825
86735.0,-6841.1983234882355
86736.0,-6841.169287363688
86737.0,-6841.1402512391405
86738.0,-6841.1112151145935
86739.0,-6841.0821789900465
86740.0,-6841.053142865499
86741.0,-6841.0241067409515
86742.0,-6840.9950706164045
86743.0,-6840.966034491857
86744.0,-6840.93699836731
86745.0,-6840.907962242763
86746.0,-6840.878926118215
86747.0,-6840.849889993668
86748.0,-6840.820853869121
86749.0,-6840.791817744573
86750.0,-6840.762781620026
86751.0,-6840.733745495479
86752.0,-6840.704709370931
86753.0,-6840.675673246384
86754.0,-6840.646637121837
86755.0,-6840.617600997289
86756.0,-6840.588564872742
86757.0,-6840.559528748195
86758.0,-6840.530492623647
86759.0,-6840.5014564991
86760.0,-6840.472420374553
86761.0,-6840.443384250005
86762.0,-6840.414348125458
86763.0,-6840.385312000911
86764.0,-6840.356275876363
86765.0,-6840.327239751816
86766.0,-6840.298203627269
86767.0,-6840.269167502721
86768.0,-6840.240131378174
86769.0,-6840.211095253627
86770.0,-6840.182059129079
86771.0,-6840.153023004532
86772.0,-6840.123986879985
86773.0,-6840.094950755437
86774.0,-6840.06591463089
86775.0,-6840.036878506343
86776.0,-6840.007842381795
86777.0,-6839.978806257248
86778.0,-6839.949770132701
86779.0,-6839.920734008153
86780.0,-6839.891697883606
86781.0,-6839.862661759059
86782.0,-6839.833625634511
86783.0,-6839.804589509964
86784.0,-6839.775553385417
86785.0,-6839.746517260869
86786.0,-6839.717481136322
86787.0,-6839.688445011775
86788.0,-6839.659408887227
86789.0,-6839.63037276268
86790.0,-6839.601336638133
86791.0,-6839.572300513585
86792.0,-6839.543264389038
86793.0,-6839.514228264491
86794.0,-6839.485192139943
86795.0,-6839.456156015396
86796.0,-6839.427119890849
86797.0,-6839.398083766301
86798.0,-6839.369047641754
86799.0,-6839.340011517207
86800.0,-6839.310975392659
86801.0,-6839.281939268112
86802.0,-6839.252903143565
86803.0,-6839.223867019017
86804.0,-6839.19483089447
86805.0,-6839.165794769923
86806.0,-6839.136758645375
86807.0,-6839.107722520828
86808.0,-6839.078686396281
86809.0,-6839.049650271733
86810.0,-6839.020614147186
86811.0,-6838.991578022639
86812.0,-6838.962541898091
86813.0,-6838.933505773544
86814.0,-6838.904469648997
86815.0,-6838.875433524449
86816.0,-6838.846397399902
86817.0,-6838.817361275355
86818.0,-6838.788325150807
86819.0,-6838.75928902626
86820.0,-6838.730252901713
86821.0,-6838.701216777165
86822.0,-6838.672180652618
86823.0,-6838.643144528071
86824.0,-6838.6141084035235
86825.0,-6838.585072278976
86826.0,-6838.556036154429
86827.0,-6838.5270000298815
86828.0,-6838.4979639053345
86829.0,-6838.468927780787
86830.0,-6838.4398916562395
86831.0,-6838.4108555316925
86832.0,-6838.3818194071455
86833.0,-6838.352783282598
86834.0,-6838.3237471580505
86835.0,-6838.2947110335035
86836.0,-6838.265674908956
86837.0,-6838.236638784409
86838.0,-6838.207602659862
86839.0,-6838.178566535314
86840.0,-6838.149530410767
86841.0,-6838.12049428622
86842.0,-6838.091458161672
86843.0,-6838.062422037125
86844.0,-6838.033385912578
86845.0,-6838.00434978803
86846.0,-6837.975313663483
86847.0,-6837.946277538936
86848.0,-6837.917241414388
86849.0,-6837.888205289841
86850.0,-6837.859169165294
86851.0,-6837.830133040746
86852.0,-6837.801096916199
86853.0,-6837.772060791652
86854.0,-6837.743024667104
86855.0,-6837.713988542557
86856.0,-6837.68495241801
86857.0,-6837.655916293462
86858.0,-6837.626880168915
86859.0,-6837.597844044368
86860.0,-6837.56880791982
86861.0,-6837.539771795273
86862.0,-6837.510735670726
86863.0,-6837.481699546178
86864.0,-6837.452663421631
86865.0,-6837.423627297084
86866.0,-6837.394591172536
86867.0,-6837.365555047989
86868.0,-6837.336518923442
86869.0,-6837.307482798894
86870.0,-6837.278446674347
86871.0,-6837.2494105498
86872.0,-6837.220374425252
86873.0,-6837.191338300705
86874.0,-6837.162302176158
86875.0,-6837.13326605161
86876.0,-6837.104229927063
86877.0,-6837.075193802516
86878.0,-6837.046157677968
86879.0,-6837.017121553421
86880.0,-6836.988085428874
86881.0,-6836.959049304326
86882.0,-6836.930013179779
86883.0,-6836.900977055232
86884.0,-6836.871940930684
86885.0,-6836.842904806137
86886.0,-6836.81386868159
86887.0,-6836.784832557042
86888.0,-6836.755796432495
86889.0,-6836.726760307948
86890.0,-6836.6977241834
86891.0,-6836.668688058853
86892.0,-6836.639651934306
86893.0,-6836.610615809758
86894.0,-6836.581579685211
86895.0,-6836.552543560664
86896.0,-6836.523507436116
86897.0,-6836.494471311569
86898.0,-6836.465435187022
86899.0,-6836.436399062474
86900.0,-6836.407362937927
86901.0,-6836.37832681338
86902.0,-6836.349290688832
86903.0,-6836.320254564285
86904.0,-6836.291218439738
86905.0,-6836.26218231519
86906.0,-6836.233146190643
86907.0,-6836.204110066096
86908.0,-6836.175073941548
86909.0,-6836.146037817001
86910.0,-6836.117001692454
86911.0,-6836.087965567906
86912.0,-6836.058929443359
86913.0,-6836.029893318812
86914.0,-6836.000857194264
86915.0,-6835.971821069717
86916.0,-6835.94278494517
86917.0,-6835.9137488206225
86918.0,-6835.884712696075
86919.0,-6835.855676571528
86920.0,-6835.8266404469805
86921.0,-6835.7976043224335
86922.0,-6835.768568197886
86923.0,-6835.7395320733385
86924.0,-6835.7104959487915
86925.0,-6835.6814598242445
86926.0,-6835.652423699697
86927.0,-6835.6233875751495
86928.0,-6835.5943514506025
86929.0,-6835.565315326055
86930.0,-6835.536279201508
86931.0,-6835.507243076961
86932.0,-6835.478206952413
86933.0,-6835.449170827866
86934.0,-6835.420134703319
86935.0,-6835.391098578771
86936.0,-6835.362062454224
86937.0,-6835.333026329677
86938.0,-6835.303990205129
86939.0,-6835.274954080582
86940.0,-6835.245917956035
86941.0,-6835.216881831487
86942.0,-6835.18784570694
86943.0,-6835.158809582393
86944.0,-6835.129773457845
86945.0,-6835.100737333298
86946.0,-6835.071701208751
86947.0,-6835.042665084203
86948.0,-6835.013628959656
86949.0,-6834.984592835109
86950.0,-6834.955556710561
86951.0,-6834.926520586014
86952.0,-6834.897484461467
86953.0,-6834.868448336919
86954.0,-6834.839412212372
86955.0,-6834.810376087825
86956.0,-6834.781339963277
86957.0,-6834.75230383873
86958.0,-6834.723267714183
86959.0,-6834.694231589635
86960.0,-6834.665195465088
86961.0,-6834.636159340541
86962.0,-6834.607123215993
86963.0,-6834.578087091446
86964.0,-6834.549050966899
86965.0,-6834.520014842351
86966.0,-6834.490978717804
86967.0,-6834.461942593257
86968.0,-6834.432906468709
86969.0,-6834.403870344162
86970.0,-6834.374834219615
86971.0,-6834.345798095067
86972.0,-6834.31676197052
86973.0,-6834.287725845973
86974.0,-6834.258689721425
86975.0,-6834.229653596878
86976.0,-6834.200617472331
86977.0,-6834.171581347783
86978.0,-6834.142545223236
86979.0,-6834.113509098689
86980.0,-6834.084472974141
86981.0,-6834.055436849594
86982.0,-6834.026400725047
86983.0,-6833.997364600499
86984.0,-6833.968328475952
86985.0,-6833.939292351405
86986.0,-6833.910256226857
86987.0,-6833.88122010231
86988.0,-6833.852183977763
86989.0,-6833.823147853215
86990.0,-6833.794111728668
86991.0,-6833.765075604121
86992.0,-6833.736039479573
86993.0,-6833.707003355026
86994.0,-6833.677967230479
86995.0,-6833.648931105931
86996.0,-6833.619894981384
86997.0,-6833.590858856837
86998.0,-6833.561822732289
86999.0,-6833.532786607742
87000.0,-6833.503750483195
87001.0,-6833.474714358647
87002.0,-6833.4456782341
87003.0,-6833.416642109553
87004.0,-6833.387605985005
87005.0,-6833.358569860458
87006.0,-6833.329533735911
87007.0,-6833.300497611363
87008.0,-6833.271461486816
87009.0,-6833.242425362269
87010.0,-6833.2133892377215
87011.0,-6833.184353113174
87012.0,-6833.155316988627
87013.0,-6833.1262808640795
87014.0,-6833.0972447395325
87015.0,-6833.068208614985
87016.0,-6833.0391724904375
87017.0,-6833.0101363658905
87018.0,-6832.9811002413435
87019.0,-6832.952064116796
87020.0,-6832.9230279922485
87021.0,-6832.8939918677015
87022.0,-6832.864955743154
87023.0,-6832.835919618607
87024.0,-6832.80688349406
87025.0,-6832.777847369512
87026.0,-6832.748811244965
87027.0,-6832.719775120418
87028.0,-6832.69073899587
87029.0,-6832.661702871323
87030.0,-6832.632666746776
87031.0,-6832.603630622228
87032.0,-6832.574594497681
87033.0,-6832.545558373134
87034.0,-6832.516522248586
87035.0,-6832.487486124039
87036.0,-6832.458449999492
87037.0,-6832.429413874944
87038.0,-6832.400377750397
87039.0,-6832.37134162585
87040.0,-6832.342305501302
87041.0,-6832.3650969564915
87042.0,-6832.387888411681
87043.0,-6832.41067986687
87044.0,-6832.43347132206
87045.0,-6832.456262777249
87046.0,-6832.479054232438
87047.0,-6832.501845687628
87048.0,-6832.5246371428175
87049.0,-6832.547428598006
87050.0,-6832.570220053196
87051.0,-6832.593011508386
87052.0,-6832.615802963574
87053.0,-6832.638594418764
87054.0,-6832.661385873954
87055.0,-6832.684177329143
87056.0,-6832.706968784332
87057.0,-6832.729760239522
87058.0,-6832.752551694711
87059.0,-6832.7753431499
87060.0,-6832.79813460509
87061.0,-6832.820926060279
87062.0,-6832.843717515469
87063.0,-6832.866508970658
87064.0,-6832.889300425847
87065.0,-6832.912091881037
87066.0,-6832.934883336226
87067.0,-6832.957674791415
87068.0,-6832.980466246605
87069.0,-6833.003257701795
87070.0,-6833.026049156983
87071.0,-6833.048840612173
87072.0,-6833.071632067363
87073.0,-6833.094423522552
87074.0,-6833.117214977741
87075.0,-6833.140006432931
87076.0,-6833.16279788812
87077.0,-6833.185589343309
87078.0,-6833.208380798499
87079.0,-6833.231172253688
87080.0,-6833.253963708878
87081.0,-6833.276755164067
87082.0,-6833.299546619256
87083.0,-6833.322338074446
87084.0,-6833.345129529635
87085.0,-6833.367920984824
87086.0,-6833.390712440014
87087.0,-6833.413503895204
87088.0,-6833.436295350392
87089.0,-6833.459086805582
87090.0,-6833.481878260772
87091.0,-6833.5046697159605
87092.0,-6833.52746117115
87093.0,-6833.55025262634
87094.0,-6833.573044081529
87095.0,-6833.595835536718
87096.0,-6833.618626991908
87097.0,-6833.641418447097
87098.0,-6833.6642099022865
87099.0,-6833.687001357476
87100.0,-6833.709792812665
87101.0,-6833.732584267855
87102.0,-6833.755375723044
87103.0,-6833.778167178233
87104.0,-6833.800958633423
87105.0,-6833.8237500886125
87106.0,-6833.846541543801
87107.0,-6833.869332998991
87108.0,-6833.892124454181
87109.0,-6833.9149159093695
87110.0,-6833.937707364559
87111.0,-6833.960498819749
87112.0,-6833.983290274938
87113.0,-6834.006081730127
87114.0,-6834.028873185317
87115.0,-6834.051664640506
87116.0,-6834.0744560956955
87117.0,-6834.097247550885
87118.0,-6834.120039006074
87119.0,-6834.142830461264
87120.0,-6834.165621916453
87121.0,-6834.188413371642
87122.0,-6834.211204826832
87123.0,-6834.2339962820215
87124.0,-6834.25678773721
87125.0,-6834.2795791924
87126.0,-6834.30237064759
87127.0,-6834.325162102778
87128.0,-6834.347953557968
87129.0,-6834.370745013158
87130.0,-6834.393536468347
87131.0,-6834.416327923536
87132.0,-6834.439119378726
87133.0,-6834.461910833915
87134.0,-6834.4847022891045
87135.0,-6834.507493744294
87136.0,-6834.530285199483
87137.0,-6834.553076654673
87138.0,-6834.575868109862
87139.0,-6834.598659565051
87140.0,-6834.621451020241
87141.0,-6834.6442424754305
87142.0,-6834.667033930619
87143.0,-6834.689825385809
87144.0,-6834.712616840999
87145.0,-6834.735408296187
87146.0,-6834.758199751377
87147.0,-6834.780991206567
87148.0,-6834.803782661756
87149.0,-6834.826574116945
87150.0,-6834.849365572135
87151.0,-6834.872157027324
87152.0,-6834.894948482513
87153.0,-6834.917739937703
87154.0,-6834.940531392892
87155.0,-6834.963322848082
87156.0,-6834.986114303271
87157.0,-6835.00890575846
87158.0,-6835.03169721365
87159.0,-6835.054488668839
87160.0,-6835.077280124028
87161.0,-6835.100071579218
87162.0,-6835.122863034408
87163.0,-6835.145654489596
87164.0,-6835.168445944786
87165.0,-6835.191237399976
87166.0,-6835.2140288551645
87167.0,-6835.236820310354
87168.0,-6835.259611765544
87169.0,-6835.282403220733
87170.0,-6835.305194675922
87171.0,-6835.327986131112
87172.0,-6835.350777586301
87173.0,-6835.373569041491
87174.0,-6835.39636049668
87175.0,-6835.419151951869
87176.0,-6835.441943407059
87177.0,-6835.464734862248
87178.0,-6835.487526317437
87179.0,-6835.510317772627
87180.0,-6835.533109227817
87181.0,-6835.555900683005
87182.0,-6835.578692138195
87183.0,-6835.601483593385
87184.0,-6835.6242750485735
87185.0,-6835.647066503763
87186.0,-6835.669857958953
87187.0,-6835.692649414142
87188.0,-6835.715440869331
87189.0,-6835.738232324521
87190.0,-6835.76102377971
87191.0,-6835.7838152348995
87192.0,-6835.806606690089
87193.0,-6835.829398145278
87194.0,-6835.852189600468
87195.0,-6835.874981055657
87196.0,-6835.897772510846
87197.0,-6835.920563966036
87198.0,-6835.9433554212255
87199.0,-6835.966146876414
87200.0,-6835.988938331604
87201.0,-6836.011729786794
87202.0,-6836.0345212419825
87203.0,-6836.057312697172
87204.0,-6836.080104152362
87205.0,-6836.102895607551
87206.0,-6836.12568706274
87207.0,-6836.14847851793
87208.0,-6836.171269973119
87209.0,-6836.1940614283085
87210.0,-6836.216852883498
87211.0,-6836.239644338687
87212.0,-6836.262435793877
87213.0,-6836.285227249066
87214.0,-6836.308018704255
87215.0,-6836.330810159445
87216.0,-6836.3536016146345
87217.0,-6836.376393069823
87218.0,-6836.399184525013
87219.0,-6836.421975980203
87220.0,-6836.444767435391
87221.0,-6836.467558890581
87222.0,-6836.490350345771
87223.0,-6836.51314180096
87224.0,-6836.535933256149
87225.0,-6836.558724711339
87226.0,-6836.581516166528
87227.0,-6836.604307621717
87228.0,-6836.627099076907
87229.0,-6836.649890532096
87230.0,-6836.672681987286
87231.0,-6836.695473442475
87232.0,-6836.718264897664
87233.0,-6836.741056352854
87234.0,-6836.7638478080435
87235.0,-6836.786639263232
87236.0,-6836.809430718422
87237.0,-6836.832222173612
87238.0,-6836.8550136288
87239.0,-6836.87780508399
87240.0,-6836.90059653918
87241.0,-6836.923387994369
87242.0,-6836.946179449558
87243.0,-6836.968970904748
87244.0,-6836.991762359937
87245.0,-6837.014553815126
87246.0,-6837.037345270316
87247.0,-6837.060136725505
87248.0,-6837.082928180695
87249.0,-6837.105719635884
87250.0,-6837.128511091073
87251.0,-6837.151302546263
87252.0,-6837.174094001452
87253.0,-6837.196885456641
87254.0,-6837.219676911831
87255.0,-6837.242468367021
87256.0,-6837.265259822209
87257.0,-6837.288051277399
87258.0,-6837.310842732589
87259.0,-6837.3336341877775
87260.0,-6837.356425642967
87261.0,-6837.379217098157
87262.0,-6837.402008553346
87263.0,-6837.424800008535
87264.0,-6837.447591463725
87265.0,-6837.470382918914
87266.0,-6837.493174374104
87267.0,-6837.515965829293
87268.0,-6837.538757284482
87269.0,-6837.561548739672
87270.0,-6837.584340194861
87271.0,-6837.60713165005
87272.0,-6837.62992310524
87273.0,-6837.65271456043
87274.0,-6837.675506015618
87275.0,-6837.698297470808
87276.0,-6837.721088925998
87277.0,-6837.7438803811865
87278.0,-6837.766671836376
87279.0,-6837.789463291566
87280.0,-6837.812254746755
87281.0,-6837.835046201944
87282.0,-6837.857837657134
87283.0,-6837.880629112323
87284.0,-6837.9034205675125
87285.0,-6837.926212022702
87286.0,-6837.949003477891
87287.0,-6837.971794933081
87288.0,-6837.99458638827
87289.0,-6838.017377843459
87290.0,-6838.040169298649
87291.0,-6838.0629607538385
87292.0,-6838.085752209027
87293.0,-6838.108543664217
87294.0,-6838.131335119407
87295.0,-6838.1541265745955
87296.0,-6838.176918029785
87297.0,-6838.199709484975
87298.0,-6838.222500940164
87299.0,-6838.245292395353
87300.0,-6838.268083850543
87301.0,-6838.290875305732
87302.0,-6838.3136667609215
87303.0,-6838.336458216111
87304.0,-6838.3592496713
87305.0,-6838.38204112649
87306.0,-6838.404832581679
87307.0,-6838.427624036868
87308.0,-6838.450415492058
87309.0,-6838.4732069472475
87310.0,-6838.495998402436
87311.0,-6838.518789857626
87312.0,-6838.541581312816
87313.0,-6838.564372768004
87314.0,-6838.587164223194
87315.0,-6838.609955678384
87316.0,-6838.632747133573
87317.0,-6838.655538588762
87318.0,-6838.678330043952
87319.0,-6838.701121499141
87320.0,-6838.72391295433
87321.0,-6838.74670440952
87322.0,-6838.769495864709
87323.0,-6838.792287319899
87324.0,-6838.815078775088
87325.0,-6838.837870230277
87326.0,-6838.860661685467
87327.0,-6838.8834531406565
87328.0,-6838.906244595845
87329.0,-6838.929036051035
87330.0,-6838.951827506225
87331.0,-6838.974618961413
87332.0,-6838.997410416603
87333.0,-6839.020201871793
87334.0,-6839.042993326982
87335.0,-6839.065784782171
87336.0,-6839.088576237361
87337.0,-6839.11136769255
87338.0,-6839.134159147739
87339.0,-6839.156950602929
87340.0,-6839.179742058118
87341.0,-6839.202533513308
87342.0,-6839.225324968497
87343.0,-6839.248116423686
87344.0,-6839.270907878876
87345.0,-6839.293699334065
87346.0,-6839.316490789254
87347.0,-6839.339282244444
87348.0,-6839.362073699634
87349.0,-6839.384865154822
87350.0,-6839.407656610012
87351.0,-6839.430448065202
87352.0,-6839.4532395203905
87353.0,-6839.47603097558
87354.0,-6839.49882243077
87355.0,-6839.521613885959
87356.0,-6839.544405341148
87357.0,-6839.567196796338
87358.0,-6839.589988251527
87359.0,-6839.6127797067165
87360.0,-6839.635571161906
87361.0,-6839.658362617095
87362.0,-6839.681154072285
87363.0,-6839.703945527474
87364.0,-6839.726736982663
87365.0,-6839.749528437853
87366.0,-6839.772319893043
87367.0,-6839.795111348231
87368.0,-6839.817902803421
87369.0,-6839.840694258611
87370.0,-6839.8634857137995
87371.0,-6839.886277168989
87372.0,-6839.909068624179
87373.0,-6839.931860079368
87374.0,-6839.954651534557
87375.0,-6839.977442989747
87376.0,-6840.000234444936
87377.0,-6840.0230259001255
87378.0,-6840.045817355315
87379.0,-6840.068608810504
87380.0,-6840.091400265694
87381.0,-6840.114191720883
87382.0,-6840.136983176072
87383.0,-6840.159774631262
87384.0,-6840.1825660864515
87385.0,-6840.20535754164
87386.0,-6840.22814899683
87387.0,-6840.25094045202
87388.0,-6840.2737319072085
87389.0,-6840.296523362398
87390.0,-6840.319314817588
87391.0,-6840.342106272777
87392.0,-6840.364897727966
87393.0,-6840.387689183156
87394.0,-6840.410480638345
87395.0,-6840.4332720935345
87396.0,-6840.456063548724
87397.0,-6840.478855003913
87398.0,-6840.501646459103
87399.0,-6840.524437914292
87400.0,-6840.547229369481
87401.0,-6840.570020824671
87402.0,-6840.5928122798605
87403.0,-6840.615603735049
87404.0,-6840.638395190239
87405.0,-6840.661186645429
87406.0,-6840.683978100617
87407.0,-6840.706769555807
87408.0,-6840.729561010997
87409.0,-6840.752352466186
87410.0,-6840.775143921375
87411.0,-6840.797935376565
87412.0,-6840.820726831754
87413.0,-6840.843518286943
87414.0,-6840.866309742133
87415.0,-6840.889101197322
87416.0,-6840.911892652512
87417.0,-6840.934684107701
87418.0,-6840.95747556289
87419.0,-6840.98026701808
87420.0,-6841.003058473269
87421.0,-6841.025849928458
87422.0,-6841.048641383648
87423.0,-6841.071432838838
87424.0,-6841.094224294026
87425.0,-6841.117015749216
87426.0,-6841.139807204406
87427.0,-6841.162598659595
87428.0,-6841.185390114784
87429.0,-6841.208181569974
87430.0,-6841.230973025163
87431.0,-6841.253764480352
87432.0,-6841.276555935542
87433.0,-6841.299347390731
87434.0,-6841.322138845921
87435.0,-6841.34493030111
87436.0,-6841.367721756299
87437.0,-6841.390513211489
87438.0,-6841.413304666678
87439.0,-6841.436096121867
87440.0,-6841.458887577057
87441.0,-6841.481679032247
87442.0,-6841.504470487435
87443.0,-6841.527261942625
87444.0,-6841.550053397815
87445.0,-6841.5728448530035
87446.0,-6841.595636308193
87447.0,-6841.618427763383
87448.0,-6841.641219218572
87449.0,-6841.664010673761
87450.0,-6841.686802128951
87451.0,-6841.70959358414
87452.0,-6841.7323850393295
87453.0,-6841.755176494519
87454.0,-6841.777967949708
87455.0,-6841.800759404898
87456.0,-6841.823550860087
87457.0,-6841.846342315276
87458.0,-6841.869133770466
87459.0,-6841.8919252256555
87460.0,-6841.914716680844
87461.0,-6841.937508136034
87462.0,-6841.960299591224
87463.0,-6841.9830910464125
87464.0,-6842.005882501602
87465.0,-6842.028673956792
87466.0,-6842.051465411981
87467.0,-6842.07425686717
87468.0,-6842.09704832236
87469.0,-6842.119839777549
87470.0,-6842.1426312327385
87471.0,-6842.165422687928
87472.0,-6842.188214143117
87473.0,-6842.211005598307
87474.0,-6842.233797053496
87475.0,-6842.256588508685
87476.0,-6842.279379963875
87477.0,-6842.3021714190645
87478.0,-6842.324962874253
87479.0,-6842.347754329443
87480.0,-6842.370545784633
87481.0,-6842.393337239821
87482.0,-6842.416128695011
87483.0,-6842.438920150201
87484.0,-6842.46171160539
87485.0,-6842.484503060579
87486.0,-6842.507294515769
87487.0,-6842.530085970958
87488.0,-6842.5528774261475
87489.0,-6842.575668881337
87490.0,-6842.598460336526
87491.0,-6842.621251791716
87492.0,-6842.644043246905
87493.0,-6842.666834702094
87494.0,-6842.689626157284
87495.0,-6842.7124176124735
87496.0,-6842.735209067662
87497.0,-6842.758000522852
87498.0,-6842.780791978042
87499.0,-6842.80358343323
87500.0,-6842.82637488842
87501.0,-6842.84916634361
87502.0,-6842.871957798799
87503.0,-6842.894749253988
87504.0,-6842.917540709178
87505.0,-6842.940332164367
87506.0,-6842.963123619556
87507.0,-6842.985915074746
87508.0,-6843.008706529935
87509.0,-6843.031497985125
87510.0,-6843.054289440314
87511.0,-6843.077080895503
87512.0,-6843.099872350693
87513.0,-6843.122663805882
87514.0,-6843.145455261071
87515.0,-6843.168246716261
87516.0,-6843.191038171451
87517.0,-6843.213829626639
87518.0,-6843.236621081829
87519.0,-6843.259412537019
87520.0,-6843.2822039922075
87521.0,-6843.304995447397
87522.0,-6843.327786902587
87523.0,-6843.350578357776
87524.0,-6843.373369812965
87525.0,-6843.396161268155
87526.0,-6843.418952723344
87527.0,-6843.441744178534
87528.0,-6843.464535633723
87529.0,-6843.487327088912
87530.0,-6843.510118544102
87531.0,-6843.532909999291
87532.0,-6843.55570145448
87533.0,-6843.57849290967
87534.0,-6843.60128436486
87535.0,-6843.624075820048
87536.0,-6843.646867275238
87537.0,-6843.669658730428
87538.0,-6843.6924501856165
87539.0,-6843.715241640806
87540.0,-6843.738033095996
87541.0,-6843.760824551185
87542.0,-6843.783616006374
87543.0,-6843.806407461564
87544.0,-6843.829198916753
87545.0,-6843.8519903719425
87546.0,-6843.874781827132
87547.0,-6843.897573282321
87548.0,-6843.920364737511
87549.0,-6843.9431561927
87550.0,-6843.965947647889
87551.0,-6843.988739103079
87552.0,-6844.0115305582685
87553.0,-6844.034322013457
87554.0,-6844.057113468647
87555.0,-6844.079904923837
87556.0,-6844.1026963790255
87557.0,-6844.125487834215
87558.0,-6844.148279289405
87559.0,-6844.171070744594
87560.0,-6844.193862199783
87561.0,-6844.216653654973
87562.0,-6844.239445110162
87563.0,-6844.2622365653515
87564.0,-6844.285028020541
87565.0,-6844.30781947573
87566.0,-6844.33061093092
87567.0,-6844.353402386109
87568.0,-6844.376193841298
87569.0,-6844.398985296488
87570.0,-6844.4217767516775
87571.0,-6844.444568206866
87572.0,-6844.467359662056
87573.0,-6844.490151117246
87574.0,-6844.512942572434
87575.0,-6844.535734027624
87576.0,-6844.558525482814
87577.0,-6844.581316938003
87578.0,-6844.604108393192
87579.0,-6844.626899848382
87580.0,-6844.649691303571
87581.0,-6844.67248275876
87582.0,-6844.69527421395
87583.0,-6844.718065669139
87584.0,-6844.740857124329
87585.0,-6844.763648579518
87586.0,-6844.786440034707
87587.0,-6844.809231489897
87588.0,-6844.8320229450865
87589.0,-6844.854814400275
87590.0,-6844.877605855465
87591.0,-6844.900397310655
87592.0,-6844.923188765843
87593.0,-6844.945980221033
87594.0,-6844.968771676223
87595.0,-6844.991563131412
87596.0,-6845.014354586601
87597.0,-6845.037146041791
87598.0,-6845.05993749698
87599.0,-6845.082728952169
87600.0,-6845.105520407359
87601.0,-6845.128311862548
87602.0,-6845.151103317738
87603.0,-6845.173894772927
87604.0,-6845.196686228116
87605.0,-6845.219477683306
87606.0,-6845.242269138495
87607.0,-6845.265060593684
87608.0,-6845.287852048874
87609.0,-6845.310643504064
87610.0,-6845.333434959252
87611.0,-6845.356226414442
87612.0,-6845.379017869632
87613.0,-6845.4018093248205
87614.0,-6845.42460078001
87615.0,-6845.4473922352
87616.0,-6845.470183690389
87617.0,-6845.492975145578
87618.0,-6845.515766600768
87619.0,-6845.538558055957
87620.0,-6845.561349511147
87621.0,-6845.584140966336
87622.0,-6845.606932421525
87623.0,-6845.629723876715
87624.0,-6845.652515331904
87625.0,-6845.675306787093
87626.0,-6845.698098242283
87627.0,-6845.720889697473
87628.0,-6845.743681152661
87629.0,-6845.766472607851
87630.0,-6845.789264063041
87631.0,-6845.8120555182295
87632.0,-6845.834846973419
87633.0,-6845.857638428609
87634.0,-6845.880429883798
87635.0,-6845.903221338987
87636.0,-6845.926012794177
87637.0,-6845.948804249366
87638.0,-6845.9715957045555
87639.0,-6845.994387159745
87640.0,-6846.017178614934
87641.0,-6846.039970070124
87642.0,-6846.062761525313
87643.0,-6846.085552980502
87644.0,-6846.108344435692
87645.0,-6846.1311358908815
87646.0,-6846.15392734607
87647.0,-6846.17671880126
87648.0,-6846.19951025645
87649.0,-6846.2223017116385
87650.0,-6846.245093166828
87651.0,-6846.267884622018
87652.0,-6846.290676077207
87653.0,-6846.313467532396
87654.0,-6846.336258987586
87655.0,-6846.359050442775
87656.0,-6846.3818418979645
87657.0,-6846.404633353154
87658.0,-6846.427424808343
87659.0,-6846.450216263533
87660.0,-6846.473007718722
87661.0,-6846.495799173911
87662.0,-6846.518590629101
87663.0,-6846.5413820842905
87664.0,-6846.564173539479
87665.0,-6846.586964994669
87666.0,-6846.609756449859
87667.0,-6846.632547905047
87668.0,-6846.655339360237
87669.0,-6846.678130815427
87670.0,-6846.700922270616
87671.0,-6846.723713725805
87672.0,-6846.746505180995
87673.0,-6846.769296636184
87674.0,-6846.792088091373
87675.0,-6846.814879546563
87676.0,-6846.837671001752
87677.0,-6846.860462456942
87678.0,-6846.883253912131
87679.0,-6846.90604536732
87680.0,-6846.92883682251
87681.0,-6846.9516282776995
87682.0,-6846.974419732888
87683.0,-6846.997211188078
87684.0,-6847.020002643268
87685.0,-6847.042794098456
87686.0,-6847.065585553646
87687.0,-6847.088377008836
87688.0,-6847.111168464025
87689.0,-6847.133959919214
87690.0,-6847.156751374404
87691.0,-6847.179542829593
87692.0,-6847.202334284782
87693.0,-6847.225125739972
87694.0,-6847.247917195161
87695.0,-6847.270708650351
87696.0,-6847.29350010554
87697.0,-6847.316291560729
87698.0,-6847.339083015919
87699.0,-6847.361874471108
87700.0,-6847.384665926297
87701.0,-6847.407457381487
87702.0,-6847.430248836677
87703.0,-6847.453040291865
87704.0,-6847.475831747055
87705.0,-6847.498623202245
87706.0,-6847.5214146574335
87707.0,-6847.544206112623
87708.0,-6847.566997567813
87709.0,-6847.589789023002
87710.0,-6847.612580478191
87711.0,-6847.635371933381
87712.0,-6847.65816338857
87713.0,-6847.6809548437595
87714.0,-6847.703746298949
87715.0,-6847.726537754138
87716.0,-6847.749329209328
87717.0,-6847.772120664517
87718.0,-6847.794912119706
87719.0,-6847.817703574896
87720.0,-6847.840495030086
87721.0,-6847.863286485274
87722.0,-6847.886077940464
87723.0,-6847.908869395654
87724.0,-6847.9316608508425
87725.0,-6847.954452306032
87726.0,-6847.977243761222
87727.0,-6848.000035216411
87728.0,-6848.0228266716
87729.0,-6848.04561812679
87730.0,-6848.068409581979
87731.0,-6848.0912010371685
87732.0,-6848.113992492358
87733.0,-6848.136783947547
87734.0,-6848.159575402737
87735.0,-6848.182366857926
87736.0,-6848.205158313115
87737.0,-6848.227949768305
87738.0,-6848.2507412234945
87739.0,-6848.273532678683
87740.0,-6848.296324133873
87741.0,-6848.319115589063
87742.0,-6848.3419070442515
87743.0,-6848.364698499441
87744.0,-6848.387489954631
87745.0,-6848.41028140982
87746.0,-6848.433072865009
87747.0,-6848.455864320199
87748.0,-6848.478655775388
87749.0,-6848.5014472305775
87750.0,-6848.524238685767
87751.0,-6848.547030140956
87752.0,-6848.569821596146
87753.0,-6848.592613051335
87754.0,-6848.615404506524
87755.0,-6848.638195961714
87756.0,-6848.6609874169035
87757.0,-6848.683778872092
87758.0,-6848.706570327282
87759.0,-6848.729361782472
87760.0,-6848.75215323766
87761.0,-6848.77494469285
87762.0,-6848.79773614804
87763.0,-6848.820527603229
87764.0,-6848.843319058418
87765.0,-6848.866110513608
87766.0,-6848.888901968797
87767.0,-6848.911693423986
87768.0,-6848.934484879176
87769.0,-6848.957276334365
87770.0,-6848.980067789555
87771.0,-6849.002859244744
87772.0,-6849.025650699933
87773.0,-6849.048442155123
87774.0,-6849.071233610312
87775.0,-6849.094025065501
87776.0,-6849.116816520691
87777.0,-6849.139607975881
87778.0,-6849.162399431069
87779.0,-6849.185190886259
87780.0,-6849.207982341449
87781.0,-6849.230773796638
87782.0,-6849.253565251827
87783.0,-6849.276356707017
87784.0,-6849.299148162206
87785.0,-6849.321939617395
87786.0,-6849.344731072585
87787.0,-6849.367522527774
87788.0,-6849.390313982964
87789.0,-6849.413105438153
87790.0,-6849.435896893342
87791.0,-6849.458688348532
87792.0,-6849.481479803721
87793.0,-6849.50427125891
87794.0,-6849.5270627141
87795.0,-6849.54985416929
87796.0,-6849.572645624478
87797.0,-6849.595437079668
87798.0,-6849.618228534858
87799.0,-6849.6410199900465
87800.0,-6849.663811445236
87801.0,-6849.686602900426
87802.0,-6849.709394355615
87803.0,-6849.732185810804
87804.0,-6849.754977265994
87805.0,-6849.777768721183
87806.0,-6849.8005601763725
87807.0,-6849.823351631562
87808.0,-6849.846143086751
87809.0,-6849.868934541941
87810.0,-6849.89172599713
87811.0,-6849.914517452319
87812.0,-6849.937308907509
87813.0,-6849.9601003626985
87814.0,-6849.982891817887
87815.0,-6850.005683273077
87816.0,-6850.028474728267
87817.0,-6850.0512661834555
87818.0,-6850.074057638645
87819.0,-6850.096849093835
87820.0,-6850.119640549024
87821.0,-6850.142432004213
87822.0,-6850.165223459403
87823.0,-6850.188014914592
87824.0,-6850.2108063697815
87825.0,-6850.233597824971
87826.0,-6850.25638928016
87827.0,-6850.27918073535
87828.0,-6850.301972190539
87829.0,-6850.324763645728
87830.0,-6850.347555100918
87831.0,-6850.3703465561075
87832.0,-6850.393138011296
87833.0,-6850.415929466486
87834.0,-6850.438720921676
87835.0,-6850.461512376864
87836.0,-6850.484303832054
87837.0,-6850.507095287244
87838.0,-6850.529886742433
87839.0,-6850.552678197622
87840.0,-6850.575469652812
87841.0,-6850.598261108001
87842.0,-6850.6210525631905
87843.0,-6850.64384401838
87844.0,-6850.666635473569
87845.0,-6850.689426928759
87846.0,-6850.712218383948
87847.0,-6850.735009839137
87848.0,-6850.757801294327
87849.0,-6850.7805927495165
87850.0,-6850.803384204705
87851.0,-6850.826175659895
87852.0,-6850.848967115085
87853.0,-6850.871758570273
87854.0,-6850.894550025463
87855.0,-6850.917341480653
87856.0,-6850.940132935842
87857.0,-6850.962924391031
87858.0,-6850.985715846221
87859.0,-6851.00850730141
87860.0,-6851.031298756599
87861.0,-6851.054090211789
87862.0,-6851.076881666978
87863.0,-6851.099673122168
87864.0,-6851.122464577357
87865.0,-6851.145256032546
87866.0,-6851.168047487736
87867.0,-6851.190838942925
87868.0,-6851.213630398114
87869.0,-6851.236421853304
87870.0,-6851.259213308494
87871.0,-6851.282004763682
87872.0,-6851.304796218872
87873.0,-6851.327587674062
87874.0,-6851.3503791292505
87875.0,-6851.37317058444
87876.0,-6851.39596203963
87877.0,-6851.418753494819
87878.0,-6851.441544950008
87879.0,-6851.464336405198
87880.0,-6851.487127860387
87881.0,-6851.509919315577
87882.0,-6851.532710770766
87883.0,-6851.555502225955
87884.0,-6851.578293681145
87885.0,-6851.601085136334
87886.0,-6851.623876591523
87887.0,-6851.646668046713
87888.0,-6851.669459501903
87889.0,-6851.692250957091
87890.0,-6851.715042412281
87891.0,-6851.737833867471
87892.0,-6851.7606253226595
87893.0,-6851.783416777849
87894.0,-6851.806208233039
87895.0,-6851.828999688228
87896.0,-6851.851791143417
87897.0,-6851.874582598607
87898.0,-6851.897374053796
87899.0,-6851.9201655089855
87900.0,-6851.942956964175
87901.0,-6851.965748419364
87902.0,-6851.988539874554
87903.0,-6852.011331329743
87904.0,-6852.034122784932
87905.0,-6852.056914240122
87906.0,-6852.0797056953115
87907.0,-6852.1024971505
87908.0,-6852.12528860569
87909.0,-6852.14808006088
87910.0,-6852.1708715160685
87911.0,-6852.193662971258
87912.0,-6852.216454426448
87913.0,-6852.239245881637
87914.0,-6852.262037336826
87915.0,-6852.284828792016
87916.0,-6852.307620247205
87917.0,-6852.3304117023945
87918.0,-6852.353203157584
87919.0,-6852.375994612773
87920.0,-6852.398786067963
87921.0,-6852.421577523152
87922.0,-6852.444368978341
87923.0,-6852.467160433531
87924.0,-6852.4899518887205
87925.0,-6852.512743343909
87926.0,-6852.535534799099
87927.0,-6852.558326254289
87928.0,-6852.581117709477
87929.0,-6852.603909164667
87930.0,-6852.626700619857
87931.0,-6852.649492075046
87932.0,-6852.672283530235
87933.0,-6852.695074985425
87934.0,-6852.717866440614
87935.0,-6852.740657895803
87936.0,-6852.763449350993
87937.0,-6852.786240806182
87938.0,-6852.809032261372
87939.0,-6852.831823716561
87940.0,-6852.85461517175
87941.0,-6852.87740662694
87942.0,-6852.9001980821295
87943.0,-6852.922989537318
87944.0,-6852.945780992508
87945.0,-6852.968572447698
87946.0,-6852.991363902886
87947.0,-6853.014155358076
87948.0,-6853.036946813266
87949.0,-6853.059738268455
87950.0,-6853.082529723644
87951.0,-6853.105321178834
87952.0,-6853.128112634023
87953.0,-6853.150904089212
87954.0,-6853.173695544402
87955.0,-6853.196486999591
87956.0,-6853.219278454781
87957.0,-6853.24206990997
87958.0,-6853.264861365159
87959.0,-6853.287652820349
87960.0,-6853.310444275538
87961.0,-6853.333235730727
87962.0,-6853.356027185917
87963.0,-6853.378818641107
87964.0,-6853.401610096295
87965.0,-6853.424401551485
87966.0,-6853.447193006675
87967.0,-6853.4699844618635
87968.0,-6853.492775917053
87969.0,-6853.515567372243
87970.0,-6853.538358827432
87971.0,-6853.561150282621
87972.0,-6853.583941737811
87973.0,-6853.606733193
87974.0,-6853.6295246481895
87975.0,-6853.652316103379
87976.0,-6853.675107558568
87977.0,-6853.697899013758
87978.0,-6853.720690468947
87979.0,-6853.743481924136
87980.0,-6853.766273379326
87981.0,-6853.789064834516
87982.0,-6853.811856289704
87983.0,-6853.834647744894
87984.0,-6853.857439200084
87985.0,-6853.8802306552725
87986.0,-6853.903022110462
87987.0,-6853.925813565652
87988.0,-6853.948605020841
87989.0,-6853.97139647603
87990.0,-6853.99418793122
87991.0,-6854.016979386409
87992.0,-6854.0397708415985
87993.0,-6854.062562296788
87994.0,-6854.085353751977
87995.0,-6854.108145207167
87996.0,-6854.130936662356
87997.0,-6854.153728117545
87998.0,-6854.176519572735
87999.0,-6854.1993110279245
88000.0,-6854.222102483113
88001.0,-6854.244893938303
88002.0,-6854.267685393493
88003.0,-6854.2904768486815
88004.0,-6854.313268303871
88005.0,-6854.336059759061
88006.0,-6854.35885121425
88007.0,-6854.381642669439
88008.0,-6854.404434124629
88009.0,-6854.427225579818
88010.0,-6854.4500170350075
88011.0,-6854.472808490197
88012.0,-6854.495599945386
88013.0,-6854.518391400576
88014.0,-6854.541182855765
88015.0,-6854.563974310954
88016.0,-6854.586765766144
88017.0,-6854.6095572213335
88018.0,-6854.632348676522
88019.0,-6854.655140131712
88020.0,-6854.677931586902
88021.0,-6854.70072304209
88022.0,-6854.72351449728
88023.0,-6854.74630595247
88024.0,-6854.769097407659
88025.0,-6854.791888862848
88026.0,-6854.814680318038
88027.0,-6854.837471773227
88028.0,-6854.860263228416
88029.0,-6854.883054683606
88030.0,-6854.905846138795
88031.0,-6854.928637593985
88032.0,-6854.951429049174
88033.0,-6854.974220504363
88034.0,-6854.997011959553
88035.0,-6855.0198034147425
88036.0,-6855.042594869931
88037.0,-6855.065386325121
88038.0,-6855.088177780311
88039.0,-6855.110969235499
88040.0,-6855.133760690689
88041.0,-6855.156552145879
88042.0,-6855.179343601068
88043.0,-6855.202135056257
88044.0,-6855.224926511447
88045.0,-6855.247717966636
88046.0,-6855.270509421825
88047.0,-6855.293300877015
88048.0,-6855.316092332204
88049.0,-6855.338883787394
88050.0,-6855.361675242583
88051.0,-6855.384466697772
88052.0,-6855.407258152962
88053.0,-6855.430049608151
88054.0,-6855.45284106334
88055.0,-6855.47563251853
88056.0,-6855.49842397372
88057.0,-6855.521215428908
88058.0,-6855.544006884098
88059.0,-6855.566798339288
88060.0,-6855.5895897944765
88061.0,-6855.612381249666
88062.0,-6855.635172704856
88063.0,-6855.657964160045
88064.0,-6855.680755615234
88065.0,-6855.697768429915
88066.0,-6855.7147812445955
88067.0,-6855.731794059277
88068.0,-6855.748806873958
88069.0,-6855.765819688638
88070.0,-6855.782832503319
88071.0,-6855.799845318
88072.0,-6855.81685813268
88073.0,-6855.833870947361
88074.0,-6855.850883762042
88075.0,-6855.867896576722
88076.0,-6855.884909391403
88077.0,-6855.901922206084
88078.0,-6855.918935020764
88079.0,-6855.935947835445
88080.0,-6855.952960650126
88081.0,-6855.969973464807
88082.0,-6855.986986279488
88083.0,-6856.003999094169
88084.0,-6856.021011908849
88085.0,-6856.03802472353
88086.0,-6856.055037538211
88087.0,-6856.072050352891
88088.0,-6856.089063167572
88089.0,-6856.106075982253
88090.0,-6856.123088796933
88091.0,-6856.140101611614
88092.0,-6856.157114426295
88093.0,-6856.174127240975
88094.0,-6856.191140055656
88095.0,-6856.2081528703375
88096.0,-6856.225165685018
88097.0,-6856.242178499699
88098.0,-6856.25919131438
88099.0,-6856.27620412906
88100.0,-6856.293216943741
88101.0,-6856.310229758422
88102.0,-6856.327242573102
88103.0,-6856.344255387783
88104.0,-6856.361268202464
88105.0,-6856.378281017144
88106.0,-6856.395293831825
88107.0,-6856.412306646506
88108.0,-6856.429319461186
88109.0,-6856.4463322758675
88110.0,-6856.4633450905485
88111.0,-6856.480357905229
88112.0,-6856.49737071991
88113.0,-6856.514383534591
88114.0,-6856.531396349271
88115.0,-6856.548409163952
88116.0,-6856.565421978633
88117.0,-6856.582434793313
88118.0,-6856.599447607994
88119.0,-6856.616460422675
88120.0,-6856.633473237355
88121.0,-6856.650486052036
88122.0,-6856.667498866717
88123.0,-6856.684511681397
88124.0,-6856.7015244960785
88125.0,-6856.7185373107595
88126.0,-6856.73555012544
88127.0,-6856.752562940121
88128.0,-6856.769575754802
88129.0,-6856.786588569482
88130.0,-6856.803601384163
88131.0,-6856.820614198844
88132.0,-6856.837627013524
88133.0,-6856.854639828205
88134.0,-6856.871652642886
88135.0,-6856.888665457566
88136.0,-6856.905678272247
88137.0,-6856.922691086928
88138.0,-6856.9397039016085
88139.0,-6856.9567167162895
88140.0,-6856.973729530971
88141.0,-6856.990742345651
88142.0,-6857.007755160332
88143.0,-6857.024767975013
88144.0,-6857.041780789693
88145.0,-6857.058793604374
88146.0,-6857.075806419055
88147.0,-6857.092819233735
88148.0,-6857.109832048416
88149.0,-6857.126844863097
88150.0,-6857.143857677777
88151.0,-6857.160870492458
88152.0,-6857.177883307139
88153.0,-6857.1948961218195
88154.0,-6857.211908936501
88155.0,-6857.228921751182
88156.0,-6857.245934565862
88157.0,-6857.262947380543
88158.0,-6857.279960195224
88159.0,-6857.296973009904
88160.0,-6857.313985824585
88161.0,-6857.330998639266
88162.0,-6857.348011453946
88163.0,-6857.365024268627
88164.0,-6857.382037083308
88165.0,-6857.399049897988
88166.0,-6857.416062712669
88167.0,-6857.43307552735
88168.0,-6857.4500883420305
88169.0,-6857.467101156712
88170.0,-6857.484113971393
88171.0,-6857.501126786073
88172.0,-6857.518139600754
88173.0,-6857.535152415435
88174.0,-6857.552165230115
88175.0,-6857.569178044796
88176.0,-6857.586190859477
88177.0,-6857.603203674157
88178.0,-6857.620216488838
88179.0,-6857.637229303519
88180.0,-6857.654242118199
88181.0,-6857.67125493288
88182.0,-6857.688267747561
88183.0,-6857.705280562242
88184.0,-6857.722293376923
88185.0,-6857.739306191604
88186.0,-6857.756319006284
88187.0,-6857.773331820965
88188.0,-6857.790344635646
88189.0,-6857.807357450326
88190.0,-6857.824370265007
88191.0,-6857.841383079688
88192.0,-6857.858395894368
88193.0,-6857.875408709049
88194.0,-6857.89242152373
88195.0,-6857.90943433841
88196.0,-6857.926447153091
88197.0,-6857.9434599677725
88198.0,-6857.960472782453
88199.0,-6857.977485597134
88200.0,-6857.994498411815
88201.0,-6858.011511226495
88202.0,-6858.028524041176
88203.0,-6858.045536855857
88204.0,-6858.062549670537
88205.0,-6858.079562485218
88206.0,-6858.096575299899
88207.0,-6858.113588114579
88208.0,-6858.13060092926
88209.0,-6858.147613743941
88210.0,-6858.164626558621
88211.0,-6858.1816393733025
88212.0,-6858.1986521879835
88213.0,-6858.215665002664
88214.0,-6858.232677817345
88215.0,-6858.249690632026
88216.0,-6858.266703446706
88217.0,-6858.283716261387
88218.0,-6858.300729076068
88219.0,-6858.317741890748
88220.0,-6858.334754705429
88221.0,-6858.35176752011
88222.0,-6858.36878033479
88223.0,-6858.385793149471
88224.0,-6858.402805964152
88225.0,-6858.419818778832
88226.0,-6858.4368315935135
88227.0,-6858.4538444081945
88228.0,-6858.470857222875
88229.0,-6858.487870037556
88230.0,-6858.504882852237
88231.0,-6858.521895666917
88232.0,-6858.538908481598
88233.0,-6858.555921296279
88234.0,-6858.572934110959
88235.0,-6858.58994692564
88236.0,-6858.606959740321
88237.0,-6858.623972555001
88238.0,-6858.640985369682
88239.0,-6858.657998184363
88240.0,-6858.6750109990435
88241.0,-6858.6920238137245
88242.0,-6858.709036628406
88243.0,-6858.726049443086
88244.0,-6858.743062257767
88245.0,-6858.760075072448
88246.0,-6858.777087887128
88247.0,-6858.794100701809
88248.0,-6858.81111351649
88249.0,-6858.82812633117
88250.0,-6858.845139145851
88251.0,-6858.862151960532
88252.0,-6858.879164775212
88253.0,-6858.896177589893
88254.0,-6858.913190404574
88255.0,-6858.9302032192545
88256.0,-6858.947216033936
88257.0,-6858.964228848617
88258.0,-6858.981241663297
88259.0,-6858.998254477978
88260.0,-6859.015267292659
88261.0,-6859.032280107339
88262.0,-6859.04929292202
88263.0,-6859.066305736701
88264.0,-6859.083318551381
88265.0,-6859.100331366062
88266.0,-6859.117344180743
88267.0,-6859.134356995423
88268.0,-6859.151369810104
88269.0,-6859.168382624785
88270.0,-6859.1853954394655
88271.0,-6859.202408254147
88272.0,-6859.219421068828
88273.0,-6859.236433883508
88274.0,-6859.253446698189
88275.0,-6859.27045951287
88276.0,-6859.28747232755
88277.0,-6859.304485142231
88278.0,-6859.321497956912
88279.0,-6859.338510771592
88280.0,-6859.355523586273
88281.0,-6859.372536400954
88282.0,-6859.389549215634
88283.0,-6859.406562030315
88284.0,-6859.423574844996
88285.0,-6859.440587659677
88286.0,-6859.457600474358
88287.0,-6859.474613289039
88288.0,-6859.491626103719
88289.0,-6859.5086389184
88290.0,-6859.525651733081
88291.0,-6859.542664547761
88292.0,-6859.559677362442
88293.0,-6859.576690177123
88294.0,-6859.593702991803
88295.0,-6859.610715806484
88296.0,-6859.627728621165
88297.0,-6859.644741435845
88298.0,-6859.661754250526
88299.0,-6859.6787670652075
88300.0,-6859.695779879888
88301.0,-6859.712792694569
88302.0,-6859.72980550925
88303.0,-6859.74681832393
88304.0,-6859.763831138611
88305.0,-6859.780843953292
88306.0,-6859.797856767972
88307.0,-6859.814869582653
88308.0,-6859.831882397334
88309.0,-6859.848895212014
88310.0,-6859.865908026695
88311.0,-6859.882920841376
88312.0,-6859.899933656056
88313.0,-6859.9169464707375
88314.0,-6859.9339592854185
88315.0,-6859.950972100099
88316.0,-6859.96798491478
88317.0,-6859.984997729461
88318.0,-6860.002010544141
88319.0,-6860.019023358822
88320.0,-6860.036036173503
88321.0,-6860.053048988183
88322.0,-6860.070061802864
88323.0,-6860.087074617545
88324.0,-6860.104087432225
88325.0,-6860.121100246906
88326.0,-6860.138113061587
88327.0,-6860.155125876267
88328.0,-6860.1721386909485
88329.0,-6860.1891515056295
88330.0,-6860.20616432031
88331.0,-6860.223177134991
88332.0,-6860.240189949672
88333.0,-6860.257202764352
88334.0,-6860.274215579033
88335.0,-6860.291228393714
88336.0,-6860.308241208394
88337.0,-6860.325254023075
88338.0,-6860.342266837756
88339.0,-6860.359279652436
88340.0,-6860.376292467117
88341.0,-6860.393305281798
88342.0,-6860.4103180964785
88343.0,-6860.4273309111595
88344.0,-6860.444343725841
88345.0,-6860.461356540521
88346.0,-6860.478369355202
88347.0,-6860.495382169883
88348.0,-6860.512394984563
88349.0,-6860.529407799244
88350.0,-6860.546420613925
88351.0,-6860.563433428605
88352.0,-6860.580446243286
88353.0,-6860.597459057967
88354.0,-6860.614471872647
88355.0,-6860.631484687328
88356.0,-6860.648497502009
88357.0,-6860.6655103166895
88358.0,-6860.6825231313705
88359.0,-6860.699535946052
88360.0,-6860.716548760732
88361.0,-6860.733561575413
88362.0,-6860.750574390094
88363.0,-6860.767587204774
88364.0,-6860.784600019455
88365.0,-6860.801612834136
88366.0,-6860.818625648816
88367.0,-6860.835638463497
88368.0,-6860.852651278178
88369.0,-6860.869664092858
88370.0,-6860.886676907539
88371.0,-6860.90368972222
88372.0,-6860.9207025369005
88373.0,-6860.937715351582
88374.0,-6860.954728166263
88375.0,-6860.971740980943
88376.0,-6860.988753795624
88377.0,-6861.005766610305
88378.0,-6861.022779424985
88379.0,-6861.039792239666
88380.0,-6861.056805054347
88381.0,-6861.073817869027
88382.0,-6861.090830683708
88383.0,-6861.107843498389
88384.0,-6861.124856313069
88385.0,-6861.14186912775
88386.0,-6861.158881942431
88387.0,-6861.175894757112
88388.0,-6861.192907571793
88389.0,-6861.209920386474
88390.0,-6861.226933201154
88391.0,-6861.243946015835
88392.0,-6861.260958830516
88393.0,-6861.277971645196
88394.0,-6861.294984459877
88395.0,-6861.311997274558
88396.0,-6861.329010089238
88397.0,-6861.346022903919
88398.0,-6861.3630357186
88399.0,-6861.38004853328
88400.0,-6861.397061347961
88401.0,-6861.4140741626425
88402.0,-6861.431086977323
88403.0,-6861.448099792004
88404.0,-6861.465112606685
88405.0,-6861.482125421365
88406.0,-6861.499138236046
88407.0,-6861.516151050727
88408.0,-6861.533163865407
88409.0,-6861.550176680088
88410.0,-6861.567189494769
88411.0,-6861.584202309449
88412.0,-6861.60121512413
88413.0,-6861.618227938811
88414.0,-6861.635240753491
88415.0,-6861.6522535681725
88416.0,-6861.6692663828535
88417.0,-6861.686279197534
88418.0,-6861.703292012215
88419.0,-6861.720304826896
88420.0,-6861.737317641576
88421.0,-6861.754330456257
88422.0,-6861.771343270938
88423.0,-6861.788356085618
88424.0,-6861.805368900299
88425.0,-6861.82238171498
88426.0,-6861.83939452966
88427.0,-6861.856407344341
88428.0,-6861.873420159022
88429.0,-6861.890432973702
88430.0,-6861.9074457883835
88431.0,-6861.9244586030645
88432.0,-6861.941471417745
88433.0,-6861.958484232426
88434.0,-6861.975497047107
88435.0,-6861.992509861787
88436.0,-6862.009522676468
88437.0,-6862.026535491149
88438.0,-6862.043548305829
88439.0,-6862.06056112051
88440.0,-6862.077573935191
88441.0,-6862.094586749871
88442.0,-6862.111599564552
88443.0,-6862.128612379233
88444.0,-6862.1456251939135
88445.0,-6862.1626380085945
88446.0,-6862.179650823276
88447.0,-6862.196663637956
88448.0,-6862.213676452637
88449.0,-6862.230689267318
88450.0,-6862.247702081998
88451.0,-6862.264714896679
88452.0,-6862.28172771136
88453.0,-6862.29874052604
88454.0,-6862.315753340721
88455.0,-6862.332766155402
88456.0,-6862.349778970082
88457.0,-6862.366791784763
88458.0,-6862.383804599444
88459.0,-6862.4008174141245
88460.0,-6862.4178302288055
88461.0,-6862.434843043487
88462.0,-6862.451855858167
88463.0,-6862.468868672848
88464.0,-6862.485881487529
88465.0,-6862.502894302209
88466.0,-6862.51990711689
88467.0,-6862.536919931571
88468.0,-6862.553932746251
88469.0,-6862.570945560932
88470.0,-6862.587958375613
88471.0,-6862.604971190293
88472.0,-6862.621984004974
88473.0,-6862.638996819655
88474.0,-6862.6560096343355
88475.0,-6862.673022449017
88476.0,-6862.690035263698
88477.0,-6862.707048078378
88478.0,-6862.724060893059
88479.0,-6862.74107370774
88480.0,-6862.75808652242
88481.0,-6862.775099337101
88482.0,-6862.792112151782
88483.0,-6862.809124966462
88484.0,-6862.826137781143
88485.0,-6862.843150595824
88486.0,-6862.860163410504
88487.0,-6862.877176225185
88488.0,-6862.894189039866
88489.0,-6862.911201854547
88490.0,-6862.928214669228
88491.0,-6862.945227483909
88492.0,-6862.962240298589
88493.0,-6862.97925311327
88494.0,-6862.996265927951
88495.0,-6863.013278742631
88496.0,-6863.030291557312
88497.0,-6863.047304371993
88498.0,-6863.064317186673
88499.0,-6863.081330001354
88500.0,-6863.098342816035
88501.0,-6863.115355630715
88502.0,-6863.132368445396
88503.0,-6863.1493812600775
88504.0,-6863.166394074758
88505.0,-6863.183406889439
88506.0,-6863.20041970412
88507.0,-6863.2174325188
88508.0,-6863.234445333481
88509.0,-6863.251458148162
88510.0,-6863.268470962842
88511.0,-6863.285483777523
88512.0,-6863.302496592204
88513.0,-6863.319509406884
88514.0,-6863.336522221565
88515.0,-6863.353535036246
88516.0,-6863.370547850926
88517.0,-6863.387560665607
88518.0,-6863.4045734802885
88519.0,-6863.421586294969
88520.0,-6863.43859910965
88521.0,-6863.455611924331
88522.0,-6863.472624739011
88523.0,-6863.489637553692
88524.0,-6863.506650368373
88525.0,-6863.523663183053
88526.0,-6863.540675997734
88527.0,-6863.557688812415
88528.0,-6863.574701627095
88529.0,-6863.591714441776
88530.0,-6863.608727256457
88531.0,-6863.625740071137
88532.0,-6863.6427528858185
88533.0,-6863.6597657004995
88534.0,-6863.67677851518
88535.0,-6863.693791329861
88536.0,-6863.710804144542
88537.0,-6863.727816959222
88538.0,-6863.744829773903
88539.0,-6863.761842588584
88540.0,-6863.778855403264
88541.0,-6863.795868217945
88542.0,-6863.812881032626
88543.0,-6863.829893847306
88544.0,-6863.846906661987
88545.0,-6863.863919476668
88546.0,-6863.8809322913485
88547.0,-6863.8979451060295
88548.0,-6863.914957920711
88549.0,-6863.931970735391
88550.0,-6863.948983550072
88551.0,-6863.965996364753
88552.0,-6863.983009179433
88553.0,-6864.000021994114
88554.0,-6864.017034808795
88555.0,-6864.034047623475
88556.0,-6864.051060438156
88557.0,-6864.068073252837
88558.0,-6864.085086067517
88559.0,-6864.102098882198
88560.0,-6864.119111696879
88561.0,-6864.1361245115595
88562.0,-6864.1531373262405
88563.0,-6864.170150140922
88564.0,-6864.187162955602
88565.0,-6864.204175770283
88566.0,-6864.221188584964
88567.0,-6864.238201399644
88568.0,-6864.255214214325
88569.0,-6864.272227029006
88570.0,-6864.289239843686
88571.0,-6864.306252658367
88572.0,-6864.323265473048
88573.0,-6864.340278287728
88574.0,-6864.357291102409
88575.0,-6864.37430391709
88576.0,-6864.3913167317705
88577.0,-6864.408329546452
88578.0,-6864.425342361133
88579.0,-6864.442355175813
88580.0,-6864.459367990494
88581.0,-6864.476380805175
88582.0,-6864.493393619855
88583.0,-6864.510406434536
88584.0,-6864.527419249217
88585.0,-6864.544432063897
88586.0,-6864.561444878578
88587.0,-6864.578457693259
88588.0,-6864.595470507939
88589.0,-6864.61248332262
88590.0,-6864.629496137301
88591.0,-6864.646508951982
88592.0,-6864.663521766663
88593.0,-6864.680534581344
88594.0,-6864.697547396024
88595.0,-6864.714560210705
88596.0,-6864.731573025386
88597.0,-6864.748585840066
88598.0,-6864.765598654747
88599.0,-6864.782611469428
88600.0,-6864.799624284108
88601.0,-6864.816637098789
88602.0,-6864.83364991347
88603.0,-6864.85066272815
88604.0,-6864.867675542831
88605.0,-6864.8846883575125
88606.0,-6864.901701172193
88607.0,-6864.918713986874
88608.0,-6864.935726801555
88609.0,-6864.952739616235
88610.0,-6864.969752430916
88611.0,-6864.986765245597
88612.0,-6865.003778060277
88613.0,-6865.020790874958
88614.0,-6865.037803689639
88615.0,-6865.054816504319
88616.0,-6865.071829319
88617.0,-6865.088842133681
88618.0,-6865.105854948361
88619.0,-6865.122867763042
88620.0,-6865.1398805777235
88621.0,-6865.156893392404
88622.0,-6865.173906207085
88623.0,-6865.190919021766
88624.0,-6865.207931836446
88625.0,-6865.224944651127
88626.0,-6865.241957465808
88627.0,-6865.258970280488
88628.0,-6865.275983095169
88629.0,-6865.29299590985
88630.0,-6865.31000872453
88631.0,-6865.327021539211
88632.0,-6865.344034353892
88633.0,-6865.361047168572
88634.0,-6865.3780599832535
88635.0,-6865.3950727979345
88636.0,-6865.412085612615
88637.0,-6865.429098427296
88638.0,-6865.446111241977
88639.0,-6865.463124056657
88640.0,-6865.480136871338
88641.0,-6865.497149686019
88642.0,-6865.514162500699
88643.0,-6865.53117531538
88644.0,-6865.548188130061
88645.0,-6865.565200944741
88646.0,-6865.582213759422
88647.0,-6865.599226574103
88648.0,-6865.6162393887835
88649.0,-6865.6332522034645
88650.0,-6865.650265018146
88651.0,-6865.667277832826
88652.0,-6865.684290647507
88653.0,-6865.701303462188
88654.0,-6865.718316276868
88655.0,-6865.735329091549
88656.0,-6865.75234190623
88657.0,-6865.76935472091
88658.0,-6865.786367535591
88659.0,-6865.803380350272
88660.0,-6865.820393164952
88661.0,-6865.837405979633
88662.0,-6865.854418794314
88663.0,-6865.8714316089945
88664.0,-6865.8884444236755
88665.0,-6865.905457238357
88666.0,-6865.922470053037
88667.0,-6865.939482867718
88668.0,-6865.956495682399
88669.0,-6865.973508497079
88670.0,-6865.99052131176
88671.0,-6866.007534126441
88672.0,-6866.024546941121
88673.0,-6866.041559755802
88674.0,-6866.058572570483
88675.0,-6866.075585385163
88676.0,-6866.092598199844
88677.0,-6866.109611014525
88678.0,-6866.1266238292055
88679.0,-6866.143636643887
88680.0,-6866.160649458568
88681.0,-6866.177662273248
88682.0,-6866.194675087929
88683.0,-6866.21168790261
88684.0,-6866.22870071729
88685.0,-6866.245713531971
88686.0,-6866.262726346652
88687.0,-6866.279739161332
88688.0,-6866.296751976013
88689.0,-6866.313764790694
88690.0,-6866.330777605374
88691.0,-6866.347790420055
88692.0,-6866.364803234736
88693.0,-6866.381816049417
88694.0,-6866.398828864098
88695.0,-6866.415841678779
88696.0,-6866.432854493459
88697.0,-6866.44986730814
88698.0,-6866.466880122821
88699.0,-6866.483892937501
88700.0,-6866.500905752182
88701.0,-6866.517918566863
88702.0,-6866.534931381543
88703.0,-6866.551944196224
88704.0,-6866.568957010905
88705.0,-6866.585969825585
88706.0,-6866.602982640266
88707.0,-6866.6199954549475
88708.0,-6866.637008269628
88709.0,-6866.654021084309
88710.0,-6866.67103389899
88711.0,-6866.68804671367
88712.0,-6866.705059528351
88713.0,-6866.722072343032
88714.0,-6866.739085157712
88715.0,-6866.756097972393
88716.0,-6866.773110787074
88717.0,-6866.790123601754
88718.0,-6866.807136416435
88719.0,-6866.824149231116
88720.0,-6866.841162045796
88721.0,-6866.858174860477
88722.0,-6866.8751876751585
88723.0,-6866.892200489839
88724.0,-6866.90921330452
88725.0,-6866.926226119201
88726.0,-6866.943238933881
88727.0,-6866.960251748562
88728.0,-6866.977264563243
88729.0,-6866.994277377923
88730.0,-6867.011290192604
88731.0,-6867.028303007285
88732.0,-6867.045315821965
88733.0,-6867.062328636646
88734.0,-6867.079341451327
88735.0,-6867.096354266007
88736.0,-6867.1133670806885
88737.0,-6867.1303798953695
88738.0,-6867.14739271005
88739.0,-6867.164405524731
88740.0,-6867.181418339412
88741.0,-6867.198431154092
88742.0,-6867.215443968773
88743.0,-6867.232456783454
88744.0,-6867.249469598134
88745.0,-6867.266482412815
88746.0,-6867.283495227496
88747.0,-6867.300508042176
88748.0,-6867.317520856857
88749.0,-6867.334533671538
88750.0,-6867.3515464862185
88751.0,-6867.3685593008995
88752.0,-6867.3855721155805
88753.0,-6867.402584930261
88754.0,-6867.419597744942
88755.0,-6867.436610559623
88756.0,-6867.453623374303
88757.0,-6867.470636188984
88758.0,-6867.487649003665
88759.0,-6867.504661818345
88760.0,-6867.521674633026
88761.0,-6867.538687447707
88762.0,-6867.555700262387
88763.0,-6867.572713077068
88764.0,-6867.589725891749
88765.0,-6867.6067387064295
88766.0,-6867.6237515211105
88767.0,-6867.640764335792
88768.0,-6867.657777150472
88769.0,-6867.674789965153
88770.0,-6867.691802779834
88771.0,-6867.708815594514
88772.0,-6867.725828409195
88773.0,-6867.742841223876
88774.0,-6867.759854038556
88775.0,-6867.776866853237
88776.0,-6867.793879667918
88777.0,-6867.810892482598
88778.0,-6867.827905297279
88779.0,-6867.84491811196
88780.0,-6867.8619309266405
88781.0,-6867.878943741322
88782.0,-6867.895956556003
88783.0,-6867.912969370683
88784.0,-6867.929982185364
88785.0,-6867.946995000045
88786.0,-6867.964007814725
88787.0,-6867.981020629406
88788.0,-6867.998033444087
88789.0,-6868.015046258767
88790.0,-6868.032059073448
88791.0,-6868.049071888129
88792.0,-6868.066084702809
88793.0,-6868.08309751749
88794.0,-6868.100110332171
88795.0,-6868.117123146852
88796.0,-6868.134135961533
88797.0,-6868.151148776214
88798.0,-6868.168161590894
88799.0,-6868.185174405575
88800.0,-6868.202187220256
88801.0,-6868.219200034936
88802.0,-6868.236212849617
88803.0,-6868.253225664298
88804.0,-6868.270238478978
88805.0,-6868.287251293659
88806.0,-6868.30426410834
88807.0,-6868.32127692302
88808.0,-6868.338289737701
88809.0,-6868.355302552382
88810.0,-6868.372315367063
88811.0,-6868.389328181744
88812.0,-6868.406340996425
88813.0,-6868.423353811105
88814.0,-6868.440366625786
88815.0,-6868.457379440467
88816.0,-6868.474392255147
88817.0,-6868.491405069828
88818.0,-6868.508417884509
88819.0,-6868.525430699189
88820.0,-6868.54244351387
88821.0,-6868.559456328551
88822.0,-6868.576469143231
88823.0,-6868.593481957912
88824.0,-6868.6104947725935
88825.0,-6868.627507587274
88826.0,-6868.644520401955
88827.0,-6868.661533216636
88828.0,-6868.678546031316
88829.0,-6868.695558845997
88830.0,-6868.712571660678
88831.0,-6868.729584475358
88832.0,-6868.746597290039
88833.0,-6868.76361010472
88834.0,-6868.7806229194
88835.0,-6868.797635734081
88836.0,-6868.814648548762
88837.0,-6868.831661363442
88838.0,-6868.8486741781235
88839.0,-6868.8656869928045
88840.0,-6868.882699807485
88841.0,-6868.899712622166
88842.0,-6868.916725436847
88843.0,-6868.933738251527
88844.0,-6868.950751066208
88845.0,-6868.967763880889
88846.0,-6868.984776695569
88847.0,-6869.00178951025
88848.0,-6869.018802324931
88849.0,-6869.035815139611
88850.0,-6869.052827954292
88851.0,-6869.069840768973
88852.0,-6869.0868535836535
88853.0,-6869.1038663983345
88854.0,-6869.1208792130155
88855.0,-6869.137892027696
88856.0,-6869.154904842377
88857.0,-6869.171917657058
88858.0,-6869.188930471738
88859.0,-6869.205943286419
88860.0,-6869.2229561011
88861.0,-6869.23996891578
88862.0,-6869.256981730461
88863.0,-6869.273994545142
88864.0,-6869.291007359822
88865.0,-6869.308020174503
88866.0,-6869.325032989184
88867.0,-6869.3420458038645
88868.0,-6869.3590586185455
88869.0,-6869.376071433227
88870.0,-6869.393084247907
88871.0,-6869.410097062588
88872.0,-6869.427109877269
88873.0,-6869.444122691949
88874.0,-6869.46113550663
88875.0,-6869.478148321311
88876.0,-6869.495161135991
88877.0,-6869.512173950672
88878.0,-6869.529186765353
88879.0,-6869.546199580033
88880.0,-6869.563212394714
88881.0,-6869.580225209395
88882.0,-6869.5972380240755
88883.0,-6869.614250838757
88884.0,-6869.631263653438
88885.0,-6869.648276468118
88886.0,-6869.665289282799
88887.0,-6869.68230209748
88888.0,-6869.69931491216
88889.0,-6869.716327726841
88890.0,-6869.733340541522
88891.0,-6869.750353356202
88892.0,-6869.767366170883
88893.0,-6869.784378985564
88894.0,-6869.801391800244
88895.0,-6869.818404614925
88896.0,-6869.835417429606
88897.0,-6869.852430244287
88898.0,-6869.869443058968
88899.0,-6869.886455873649
88900.0,-6869.903468688329
88901.0,-6869.92048150301
88902.0,-6869.937494317691
88903.0,-6869.954507132371
88904.0,-6869.971519947052
88905.0,-6869.988532761733
88906.0,-6870.005545576413
88907.0,-6870.022558391094
88908.0,-6870.039571205775
88909.0,-6870.056584020455
88910.0,-6870.073596835136
88911.0,-6870.090609649817
88912.0,-6870.107622464498
88913.0,-6870.124635279179
88914.0,-6870.14164809386
88915.0,-6870.15866090854
88916.0,-6870.175673723221
88917.0,-6870.192686537902
88918.0,-6870.209699352582
88919.0,-6870.226712167263
88920.0,-6870.243724981944
88921.0,-6870.260737796624
88922.0,-6870.277750611305
88923.0,-6870.294763425986
88924.0,-6870.311776240666
88925.0,-6870.328789055347
88926.0,-6870.3458018700285
88927.0,-6870.362814684709
88928.0,-6870.37982749939
88929.0,-6870.396840314071
88930.0,-6870.413853128751
88931.0,-6870.430865943432
88932.0,-6870.447878758113
88933.0,-6870.464891572793
88934.0,-6870.481904387474
88935.0,-6870.498917202155
88936.0,-6870.515930016835
88937.0,-6870.532942831516
88938.0,-6870.549955646197
88939.0,-6870.566968460877
88940.0,-6870.5839812755585
88941.0,-6870.6009940902395
88942.0,-6870.61800690492
88943.0,-6870.635019719601
88944.0,-6870.652032534282
88945.0,-6870.669045348962
88946.0,-6870.686058163643
88947.0,-6870.703070978324
88948.0,-6870.720083793004
88949.0,-6870.737096607685
88950.0,-6870.754109422366
88951.0,-6870.771122237046
88952.0,-6870.788135051727
88953.0,-6870.805147866408
88954.0,-6870.8221606810885
88955.0,-6870.8391734957695
88956.0,-6870.8561863104505
88957.0,-6870.873199125131
88958.0,-6870.890211939812
88959.0,-6870.907224754493
88960.0,-6870.924237569173
88961.0,-6870.941250383854
88962.0,-6870.958263198535
88963.0,-6870.975276013215
88964.0,-6870.992288827896
88965.0,-6871.009301642577
88966.0,-6871.026314457257
88967.0,-6871.043327271938
88968.0,-6871.060340086619
88969.0,-6871.0773529012995
88970.0,-6871.0943657159805
88971.0,-6871.111378530662
88972.0,-6871.128391345342
88973.0,-6871.145404160023
88974.0,-6871.162416974704
88975.0,-6871.179429789384
88976.0,-6871.196442604065
88977.0,-6871.213455418746
88978.0,-6871.230468233426
88979.0,-6871.247481048107
88980.0,-6871.264493862788
88981.0,-6871.281506677468
88982.0,-6871.298519492149
88983.0,-6871.31553230683
88984.0,-6871.3325451215105
88985.0,-6871.349557936192
88986.0,-6871.366570750873
88987.0,-6871.383583565553
88988.0,-6871.400596380234
88989.0,-6871.417609194915
88990.0,-6871.434622009595
88991.0,-6871.451634824276
88992.0,-6871.468647638957
88993.0,-6871.485660453637
88994.0,-6871.502673268318
88995.0,-6871.519686082999
88996.0,-6871.536698897679
88997.0,-6871.55371171236
88998.0,-6871.570724527041
88999.0,-6871.587737341722
89000.0,-6871.604750156403
89001.0,-6871.621762971084
89002.0,-6871.638775785764
89003.0,-6871.655788600445
89004.0,-6871.672801415126
89005.0,-6871.689814229806
89006.0,-6871.706827044487
89007.0,-6871.723839859168
89008.0,-6871.740852673848
89009.0,-6871.757865488529
89010.0,-6871.77487830321
89011.0,-6871.79189111789
89012.0,-6871.808903932571
89013.0,-6871.825916747252
89014.0,-6871.842929561933
89015.0,-6871.859942376614
89016.0,-6871.876955191295
89017.0,-6871.893968005975
89018.0,-6871.910980820656
89019.0,-6871.927993635337
89020.0,-6871.945006450017
89021.0,-6871.962019264698
89022.0,-6871.979032079379
89023.0,-6871.996044894059
89024.0,-6872.01305770874
89025.0,-6872.030070523421
89026.0,-6872.047083338101
89027.0,-6872.064096152782
89028.0,-6872.0811089674635
89029.0,-6872.098121782144
89030.0,-6872.115134596825
89031.0,-6872.132147411506
89032.0,-6872.149160226186
89033.0,-6872.166173040867
89034.0,-6872.183185855548
89035.0,-6872.200198670228
89036.0,-6872.217211484909
89037.0,-6872.23422429959
89038.0,-6872.25123711427
89039.0,-6872.268249928951
89040.0,-6872.285262743632
89041.0,-6872.302275558312
89042.0,-6872.3192883729935
89043.0,-6872.3363011876745
89044.0,-6872.353314002355
89045.0,-6872.370326817036
89046.0,-6872.387339631717
89047.0,-6872.404352446397
89048.0,-6872.421365261078
89049.0,-6872.438378075759
89050.0,-6872.455390890439
89051.0,-6872.47240370512
89052.0,-6872.489416519801
89053.0,-6872.506429334481
89054.0,-6872.523442149162
89055.0,-6872.540454963843
89056.0,-6872.5574677785235
89057.0,-6872.5744805932045
89058.0,-6872.5914934078855
89059.0,-6872.608506222566
89060.0,-6872.625519037247
89061.0,-6872.642531851928
89062.0,-6872.659544666608
89063.0,-6872.676557481289
89064.0,-6872.69357029597
89065.0,-6872.71058311065
89066.0,-6872.727595925331
89067.0,-6872.744608740012
89068.0,-6872.761621554692
89069.0,-6872.778634369373
89070.0,-6872.795647184054
89071.0,-6872.8126599987345
89072.0,-6872.8296728134155
89073.0,-6872.846685628097
89074.0,-6872.863698442777
89075.0,-6872.880711257458
89076.0,-6872.897724072139
89077.0,-6872.914736886819
89078.0,-6872.9317497015
89079.0,-6872.948762516181
89080.0,-6872.965775330861
89081.0,-6872.982788145542
89082.0,-6872.999800960223
89083.0,-6873.016813774903
89084.0,-6873.033826589584
89085.0,-6873.050839404265
89086.0,-6873.0678522189455
89087.0,-6873.084865033627
89088.0,-6873.101877848308
89089.0,-6873.198862711589
89090.0,-6873.29584757487
89091.0,-6873.392832438151
89092.0,-6873.489817301433
89093.0,-6873.586802164714
89094.0,-6873.683787027995
89095.0,-6873.780771891276
89096.0,-6873.877756754558
89097.0,-6873.974741617839
89098.0,-6874.07172648112
89099.0,-6874.168711344401
89100.0,-6874.265696207683
89101.0,-6874.362681070964
89102.0,-6874.459665934245
89103.0,-6874.556650797526
89104.0,-6874.653635660808
89105.0,-6874.750620524089
89106.0,-6874.84760538737
89107.0,-6874.944590250651
89108.0,-6875.041575113933
89109.0,-6875.138559977214
89110.0,-6875.235544840495
89111.0,-6875.332529703776
89112.0,-6875.429514567058
89113.0,-6875.526499430339
89114.0,-6875.62348429362
89115.0,-6875.720469156901
89116.0,-6875.817454020183
89117.0,-6875.914438883464
89118.0,-6876.011423746745
89119.0,-6876.108408610026
89120.0,-6876.205393473308
89121.0,-6876.302378336589
89122.0,-6876.39936319987
89123.0,-6876.496348063151
89124.0,-6876.593332926433
89125.0,-6876.690317789714
89126.0,-6876.787302652995
89127.0,-6876.884287516276
89128.0,-6876.981272379558
89129.0,-6877.078257242839
89130.0,-6877.17524210612
89131.0,-6877.272226969401
89132.0,-6877.369211832683
89133.0,-6877.466196695964
89134.0,-6877.563181559245
89135.0,-6877.660166422526
89136.0,-6877.757151285808
89137.0,-6877.854136149089
89138.0,-6877.95112101237
89139.0,-6878.048105875651
89140.0,-6878.145090738933
89141.0,-6878.242075602214
89142.0,-6878.339060465495
89143.0,-6878.436045328776
89144.0,-6878.533030192058
89145.0,-6878.630015055339
89146.0,-6878.72699991862
89147.0,-6878.823984781901
89148.0,-6878.920969645183
89149.0,-6879.017954508464
89150.0,-6879.114939371745
89151.0,-6879.211924235026
89152.0,-6879.308909098308
89153.0,-6879.405893961589
89154.0,-6879.50287882487
89155.0,-6879.599863688151
89156.0,-6879.696848551433
89157.0,-6879.793833414714
89158.0,-6879.890818277995
89159.0,-6879.987803141276
89160.0,-6880.084788004558
89161.0,-6880.181772867839
89162.0,-6880.27875773112
89163.0,-6880.375742594401
89164.0,-6880.472727457683
89165.0,-6880.569712320964
89166.0,-6880.666697184245
89167.0,-6880.763682047526
89168.0,-6880.860666910808
89169.0,-6880.957651774089
89170.0,-6881.05463663737
89171.0,-6881.151621500651
89172.0,-6881.248606363933
89173.0,-6881.345591227214
89174.0,-6881.442576090495
89175.0,-6881.539560953776
89176.0,-6881.636545817058
89177.0,-6881.733530680339
89178.0,-6881.83051554362
89179.0,-6881.927500406901
89180.0,-6882.024485270183
89181.0,-6882.121470133464
89182.0,-6882.218454996745
89183.0,-6882.315439860026
89184.0,-6882.412424723308
89185.0,-6882.509409586589
89186.0,-6882.60639444987
89187.0,-6882.703379313151
89188.0,-6882.800364176433
89189.0,-6882.897349039714
89190.0,-6882.994333902995
89191.0,-6883.091318766276
89192.0,-6883.188303629558
89193.0,-6883.285288492839
89194.0,-6883.38227335612
89195.0,-6883.479258219401
89196.0,-6883.576243082683
89197.0,-6883.673227945964
89198.0,-6883.770212809245
89199.0,-6883.867197672526
89200.0,-6883.964182535808
89201.0,-6884.061167399089
89202.0,-6884.15815226237
89203.0,-6884.255137125651
89204.0,-6884.352121988933
89205.0,-6884.449106852214
89206.0,-6884.546091715495
89207.0,-6884.643076578776
89208.0,-6884.740061442058
89209.0,-6884.837046305339
89210.0,-6884.93403116862
89211.0,-6885.031016031901
89212.0,-6885.128000895183
89213.0,-6885.224985758464
89214.0,-6885.321970621745
89215.0,-6885.418955485026
89216.0,-6885.515940348308
89217.0,-6885.612925211589
89218.0,-6885.70991007487
89219.0,-6885.806894938151
89220.0,-6885.903879801433
89221.0,-6886.000864664714
89222.0,-6886.097849527995
89223.0,-6886.194834391276
89224.0,-6886.291819254558
89225.0,-6886.388804117839
89226.0,-6886.48578898112
89227.0,-6886.582773844401
89228.0,-6886.679758707683
89229.0,-6886.776743570964
89230.0,-6886.873728434245
89231.0,-6886.970713297526
89232.0,-6887.067698160808
89233.0,-6887.164683024089
89234.0,-6887.26166788737
89235.0,-6887.358652750651
89236.0,-6887.455637613933
89237.0,-6887.552622477214
89238.0,-6887.649607340495
89239.0,-6887.746592203776
89240.0,-6887.843577067058
89241.0,-6887.940561930339
89242.0,-6888.03754679362
89243.0,-6888.134531656901
89244.0,-6888.231516520183
89245.0,-6888.328501383464
89246.0,-6888.425486246745
89247.0,-6888.522471110026
89248.0,-6888.619455973308
89249.0,-6888.716440836589
89250.0,-6888.81342569987
89251.0,-6888.910410563151
89252.0,-6889.007395426433
89253.0,-6889.104380289714
89254.0,-6889.201365152995
89255.0,-6889.298350016276
89256.0,-6889.395334879558
89257.0,-6889.492319742839
89258.0,-6889.58930460612
89259.0,-6889.686289469401
89260.0,-6889.783274332683
89261.0,-6889.880259195964
89262.0,-6889.977244059245
89263.0,-6890.074228922526
89264.0,-6890.171213785808
89265.0,-6890.268198649089
89266.0,-6890.36518351237
89267.0,-6890.462168375651
89268.0,-6890.559153238933
89269.0,-6890.656138102214
89270.0,-6890.753122965495
89271.0,-6890.850107828776
89272.0,-6890.947092692058
89273.0,-6891.044077555339
89274.0,-6891.14106241862
89275.0,-6891.238047281901
89276.0,-6891.335032145183
89277.0,-6891.432017008464
89278.0,-6891.529001871745
89279.0,-6891.625986735026
89280.0,-6891.722971598308
89281.0,-6891.819956461589
89282.0,-6891.91694132487
89283.0,-6892.013926188151
89284.0,-6892.110911051433
89285.0,-6892.207895914714
89286.0,-6892.304880777995
89287.0,-6892.401865641276
89288.0,-6892.498850504558
89289.0,-6892.595835367839
89290.0,-6892.69282023112
89291.0,-6892.789805094401
89292.0,-6892.886789957683
89293.0,-6892.983774820964
89294.0,-6893.080759684245
89295.0,-6893.177744547526
89296.0,-6893.274729410808
89297.0,-6893.371714274089
89298.0,-6893.46869913737
89299.0,-6893.565684000651
89300.0,-6893.662668863933
89301.0,-6893.759653727214
89302.0,-6893.856638590495
89303.0,-6893.953623453776
89304.0,-6894.050608317058
89305.0,-6894.147593180339
89306.0,-6894.24457804362
89307.0,-6894.341562906901
89308.0,-6894.438547770183
89309.0,-6894.535532633464
89310.0,-6894.632517496745
89311.0,-6894.729502360026
89312.0,-6894.826487223308
89313.0,-6894.923472086589
89314.0,-6895.02045694987
89315.0,-6895.117441813151
89316.0,-6895.214426676433
89317.0,-6895.311411539714
89318.0,-6895.408396402995
89319.0,-6895.505381266276
89320.0,-6895.602366129558
89321.0,-6895.699350992839
89322.0,-6895.79633585612
89323.0,-6895.893320719401
89324.0,-6895.990305582683
89325.0,-6896.087290445964
89326.0,-6896.184275309245
89327.0,-6896.281260172526
89328.0,-6896.378245035808
89329.0,-6896.475229899089
89330.0,-6896.57221476237
89331.0,-6896.669199625651
89332.0,-6896.766184488933
89333.0,-6896.863169352214
89334.0,-6896.960154215495
89335.0,-6897.057139078776
89336.0,-6897.154123942058
89337.0,-6897.251108805339
89338.0,-6897.34809366862
89339.0,-6897.445078531901
89340.0,-6897.542063395183
89341.0,-6897.639048258464
89342.0,-6897.736033121745
89343.0,-6897.833017985026
89344.0,-6897.930002848308
89345.0,-6898.026987711589
89346.0,-6898.12397257487
89347.0,-6898.220957438151
89348.0,-6898.317942301433
89349.0,-6898.414927164714
89350.0,-6898.511912027995
89351.0,-6898.608896891276
89352.0,-6898.705881754558
89353.0,-6898.802866617839
89354.0,-6898.89985148112
89355.0,-6898.996836344401
89356.0,-6899.093821207683
89357.0,-6899.190806070964
89358.0,-6899.287790934245
89359.0,-6899.384775797526
89360.0,-6899.481760660808
89361.0,-6899.578745524089
89362.0,-6899.67573038737
89363.0,-6899.772715250651
89364.0,-6899.869700113933
89365.0,-6899.966684977214
89366.0,-6900.063669840495
89367.0,-6900.160654703776
89368.0,-6900.257639567058
89369.0,-6900.354624430339
89370.0,-6900.45160929362
89371.0,-6900.548594156901
89372.0,-6900.645579020183
89373.0,-6900.742563883464
89374.0,-6900.839548746745
89375.0,-6900.936533610026
89376.0,-6901.033518473308
89377.0,-6901.130503336589
89378.0,-6901.22748819987
89379.0,-6901.324473063151
89380.0,-6901.421457926433
89381.0,-6901.518442789714
89382.0,-6901.615427652995
89383.0,-6901.712412516276
89384.0,-6901.809397379558
89385.0,-6901.906382242839
89386.0,-6902.00336710612
89387.0,-6902.100351969401
89388.0,-6902.197336832683
89389.0,-6902.294321695964
89390.0,-6902.391306559245
89391.0,-6902.488291422526
89392.0,-6902.585276285808
89393.0,-6902.682261149089
89394.0,-6902.77924601237
89395.0,-6902.876230875651
89396.0,-6902.973215738933
89397.0,-6903.070200602214
89398.0,-6903.167185465495
89399.0,-6903.264170328776
89400.0,-6903.361155192058
89401.0,-6903.458140055339
89402.0,-6903.55512491862
89403.0,-6903.652109781901
89404.0,-6903.749094645183
89405.0,-6903.846079508464
89406.0,-6903.943064371745
89407.0,-6904.040049235026
89408.0,-6904.137034098308
89409.0,-6904.234018961589
89410.0,-6904.33100382487
89411.0,-6904.427988688151
89412.0,-6904.524973551433
89413.0,-6904.621958414714
89414.0,-6904.718943277995
89415.0,-6904.815928141276
89416.0,-6904.912913004558
89417.0,-6905.009897867839
89418.0,-6905.10688273112
89419.0,-6905.203867594401
89420.0,-6905.300852457683
89421.0,-6905.397837320964
89422.0,-6905.494822184245
89423.0,-6905.591807047526
89424.0,-6905.688791910808
89425.0,-6905.785776774089
89426.0,-6905.88276163737
89427.0,-6905.979746500651
89428.0,-6906.076731363933
89429.0,-6906.173716227214
89430.0,-6906.270701090495
89431.0,-6906.367685953776
89432.0,-6906.464670817058
89433.0,-6906.561655680339
89434.0,-6906.65864054362
89435.0,-6906.755625406901
89436.0,-6906.852610270183
89437.0,-6906.949595133464
89438.0,-6907.046579996745
89439.0,-6907.143564860026
89440.0,-6907.240549723308
89441.0,-6907.337534586589
89442.0,-6907.43451944987
89443.0,-6907.531504313151
89444.0,-6907.628489176433
89445.0,-6907.725474039714
89446.0,-6907.822458902995
89447.0,-6907.919443766276
89448.0,-6908.016428629558
89449.0,-6908.113413492839
89450.0,-6908.21039835612
89451.0,-6908.307383219401
89452.0,-6908.404368082683
89453.0,-6908.501352945964
89454.0,-6908.598337809245
89455.0,-6908.695322672526
89456.0,-6908.792307535808
89457.0,-6908.889292399089
89458.0,-6908.98627726237
89459.0,-6909.083262125651
89460.0,-6909.180246988933
89461.0,-6909.277231852214
89462.0,-6909.374216715495
89463.0,-6909.471201578776
89464.0,-6909.568186442058
89465.0,-6909.665171305339
89466.0,-6909.76215616862
89467.0,-6909.859141031901
89468.0,-6909.956125895183
89469.0,-6910.053110758464
89470.0,-6910.150095621745
89471.0,-6910.247080485026
89472.0,-6910.344065348308
89473.0,-6910.441050211589
89474.0,-6910.53803507487
89475.0,-6910.635019938151
89476.0,-6910.732004801433
89477.0,-6910.828989664714
89478.0,-6910.925974527995
89479.0,-6911.022959391276
89480.0,-6911.119944254558
89481.0,-6911.216929117839
89482.0,-6911.31391398112
89483.0,-6911.410898844401
89484.0,-6911.507883707683
89485.0,-6911.604868570964
89486.0,-6911.701853434245
89487.0,-6911.798838297526
89488.0,-6911.895823160808
89489.0,-6911.992808024089
89490.0,-6912.08979288737
89491.0,-6912.186777750651
89492.0,-6912.283762613933
89493.0,-6912.380747477214
89494.0,-6912.477732340495
89495.0,-6912.574717203776
89496.0,-6912.671702067058
89497.0,-6912.768686930339
89498.0,-6912.86567179362
89499.0,-6912.962656656901
89500.0,-6913.059641520183
89501.0,-6913.156626383464
89502.0,-6913.253611246745
89503.0,-6913.350596110026
89504.0,-6913.447580973308
89505.0,-6913.544565836589
89506.0,-6913.64155069987
89507.0,-6913.738535563151
89508.0,-6913.835520426433
89509.0,-6913.932505289714
89510.0,-6914.029490152995
89511.0,-6914.126475016276
89512.0,-6914.223459879558
89513.0,-6914.320444742839
89514.0,-6914.41742960612
89515.0,-6914.514414469401
89516.0,-6914.611399332683
89517.0,-6914.708384195964
89518.0,-6914.805369059245
89519.0,-6914.902353922526
89520.0,-6914.999338785808
89521.0,-6915.096323649089
89522.0,-6915.19330851237
89523.0,-6915.290293375651
89524.0,-6915.387278238933
89525.0,-6915.484263102214
89526.0,-6915.581247965495
89527.0,-6915.678232828776
89528.0,-6915.775217692058
89529.0,-6915.872202555339
89530.0,-6915.96918741862
89531.0,-6916.066172281901
89532.0,-6916.163157145183
89533.0,-6916.260142008464
89534.0,-6916.357126871745
89535.0,-6916.454111735026
89536.0,-6916.551096598308
89537.0,-6916.648081461589
89538.0,-6916.74506632487
89539.0,-6916.842051188151
89540.0,-6916.939036051433
89541.0,-6917.036020914714
89542.0,-6917.133005777995
89543.0,-6917.229990641276
89544.0,-6917.326975504558
89545.0,-6917.423960367839
89546.0,-6917.52094523112
89547.0,-6917.617930094401
89548.0,-6917.714914957683
89549.0,-6917.811899820964
89550.0,-6917.908884684245
89551.0,-6918.005869547526
89552.0,-6918.102854410808
89553.0,-6918.199839274089
89554.0,-6918.29682413737
89555.0,-6918.393809000651
89556.0,-6918.490793863933
89557.0,-6918.587778727214
89558.0,-6918.684763590495
89559.0,-6918.781748453776
89560.0,-6918.878733317058
89561.0,-6918.975718180339
89562.0,-6919.07270304362
89563.0,-6919.169687906901
89564.0,-6919.266672770183
89565.0,-6919.363657633464
89566.0,-6919.460642496745
89567.0,-6919.557627360026
89568.0,-6919.654612223308
89569.0,-6919.751597086589
89570.0,-6919.84858194987
89571.0,-6919.945566813151
89572.0,-6920.042551676433
89573.0,-6920.139536539714
89574.0,-6920.236521402995
89575.0,-6920.333506266276
89576.0,-6920.430491129558
89577.0,-6920.527475992839
89578.0,-6920.62446085612
89579.0,-6920.721445719401
89580.0,-6920.818430582683
89581.0,-6920.915415445964
89582.0,-6921.012400309245
89583.0,-6921.109385172526
89584.0,-6921.206370035808
89585.0,-6921.303354899089
89586.0,-6921.40033976237
89587.0,-6921.497324625651
89588.0,-6921.594309488933
89589.0,-6921.691294352214
89590.0,-6921.788279215495
89591.0,-6921.885264078776
89592.0,-6921.982248942058
89593.0,-6922.079233805339
89594.0,-6922.17621866862
89595.0,-6922.273203531901
89596.0,-6922.370188395183
89597.0,-6922.467173258464
89598.0,-6922.564158121745
89599.0,-6922.661142985026
89600.0,-6922.758127848308
89601.0,-6922.855112711589
89602.0,-6922.95209757487
89603.0,-6923.049082438151
89604.0,-6923.146067301433
89605.0,-6923.243052164714
89606.0,-6923.340037027995
89607.0,-6923.437021891276
89608.0,-6923.534006754558
89609.0,-6923.630991617839
89610.0,-6923.72797648112
89611.0,-6923.824961344401
89612.0,-6923.921946207683
89613.0,-6924.018931070964
89614.0,-6924.115915934245
89615.0,-6924.212900797526
89616.0,-6924.309885660808
89617.0,-6924.406870524089
89618.0,-6924.50385538737
89619.0,-6924.600840250651
89620.0,-6924.697825113933
89621.0,-6924.794809977214
89622.0,-6924.891794840495
89623.0,-6924.988779703776
89624.0,-6925.085764567058
89625.0,-6925.182749430339
89626.0,-6925.27973429362
89627.0,-6925.376719156901
89628.0,-6925.473704020183
89629.0,-6925.570688883464
89630.0,-6925.667673746745
89631.0,-6925.764658610026
89632.0,-6925.861643473308
89633.0,-6925.958628336589
89634.0,-6926.05561319987
89635.0,-6926.152598063151
89636.0,-6926.249582926433
89637.0,-6926.346567789714
89638.0,-6926.443552652995
89639.0,-6926.540537516276
89640.0,-6926.637522379558
89641.0,-6926.734507242839
89642.0,-6926.83149210612
89643.0,-6926.928476969401
89644.0,-6927.025461832683
89645.0,-6927.122446695964
89646.0,-6927.219431559245
89647.0,-6927.316416422526
89648.0,-6927.413401285808
89649.0,-6927.510386149089
89650.0,-6927.60737101237
89651.0,-6927.704355875651
89652.0,-6927.801340738933
89653.0,-6927.898325602214
89654.0,-6927.995310465495
89655.0,-6928.092295328776
89656.0,-6928.189280192058
89657.0,-6928.286265055339
89658.0,-6928.38324991862
89659.0,-6928.480234781901
89660.0,-6928.577219645183
89661.0,-6928.674204508464
89662.0,-6928.771189371745
89663.0,-6928.868174235026
89664.0,-6928.965159098308
89665.0,-6929.062143961589
89666.0,-6929.15912882487
89667.0,-6929.256113688151
89668.0,-6929.353098551433
89669.0,-6929.450083414714
89670.0,-6929.547068277995
89671.0,-6929.644053141276
89672.0,-6929.741038004558
89673.0,-6929.838022867839
89674.0,-6929.93500773112
89675.0,-6930.031992594401
89676.0,-6930.128977457683
89677.0,-6930.225962320964
89678.0,-6930.322947184245
89679.0,-6930.419932047526
89680.0,-6930.516916910808
89681.0,-6930.613901774089
89682.0,-6930.71088663737
89683.0,-6930.807871500651
89684.0,-6930.904856363933
89685.0,-6931.001841227214
89686.0,-6931.098826090495
89687.0,-6931.195810953776
89688.0,-6931.292795817058
89689.0,-6931.389780680339
89690.0,-6931.48676554362
89691.0,-6931.583750406901
89692.0,-6931.680735270183
89693.0,-6931.777720133464
89694.0,-6931.874704996745
89695.0,-6931.971689860026
89696.0,-6932.068674723308
89697.0,-6932.165659586589
89698.0,-6932.26264444987
89699.0,-6932.359629313151
89700.0,-6932.456614176433
89701.0,-6932.553599039714
89702.0,-6932.650583902995
89703.0,-6932.747568766276
89704.0,-6932.844553629558
89705.0,-6932.941538492839
89706.0,-6933.03852335612
89707.0,-6933.135508219401
89708.0,-6933.232493082683
89709.0,-6933.329477945964
89710.0,-6933.426462809245
89711.0,-6933.523447672526
89712.0,-6933.620432535808
89713.0,-6933.717417399089
89714.0,-6933.81440226237
89715.0,-6933.911387125651
89716.0,-6934.008371988933
89717.0,-6934.105356852214
89718.0,-6934.202341715495
89719.0,-6934.299326578776
89720.0,-6934.396311442058
89721.0,-6934.493296305339
89722.0,-6934.59028116862
89723.0,-6934.687266031901
89724.0,-6934.784250895183
89725.0,-6934.881235758464
89726.0,-6934.978220621745
89727.0,-6935.075205485026
89728.0,-6935.172190348308
89729.0,-6935.269175211589
89730.0,-6935.36616007487
89731.0,-6935.463144938151
89732.0,-6935.560129801433
89733.0,-6935.657114664714
89734.0,-6935.754099527995
89735.0,-6935.851084391276
89736.0,-6935.948069254558
89737.0,-6936.045054117839
89738.0,-6936.14203898112
89739.0,-6936.239023844401
89740.0,-6936.336008707683
89741.0,-6936.432993570964
89742.0,-6936.529978434245
89743.0,-6936.626963297526
89744.0,-6936.723948160808
89745.0,-6936.820933024089
89746.0,-6936.91791788737
89747.0,-6937.014902750651
89748.0,-6937.111887613933
89749.0,-6937.208872477214
89750.0,-6937.305857340495
89751.0,-6937.402842203776
89752.0,-6937.499827067058
89753.0,-6937.596811930339
89754.0,-6937.69379679362
89755.0,-6937.790781656901
89756.0,-6937.887766520183
89757.0,-6937.984751383464
89758.0,-6938.081736246745
89759.0,-6938.178721110026
89760.0,-6938.275705973308
89761.0,-6938.372690836589
89762.0,-6938.46967569987
89763.0,-6938.566660563151
89764.0,-6938.663645426433
89765.0,-6938.760630289714
89766.0,-6938.857615152995
89767.0,-6938.954600016276
89768.0,-6939.051584879558
89769.0,-6939.148569742839
89770.0,-6939.24555460612
89771.0,-6939.342539469401
89772.0,-6939.439524332683
89773.0,-6939.536509195964
89774.0,-6939.633494059245
89775.0,-6939.730478922526
89776.0,-6939.827463785808
89777.0,-6939.924448649089
89778.0,-6940.02143351237
89779.0,-6940.118418375651
89780.0,-6940.215403238933
89781.0,-6940.312388102214
89782.0,-6940.409372965495
89783.0,-6940.506357828776
89784.0,-6940.603342692058
89785.0,-6940.700327555339
89786.0,-6940.79731241862
89787.0,-6940.894297281901
89788.0,-6940.991282145183
89789.0,-6941.088267008464
89790.0,-6941.185251871745
89791.0,-6941.282236735026
89792.0,-6941.379221598308
89793.0,-6941.476206461589
89794.0,-6941.57319132487
89795.0,-6941.670176188151
89796.0,-6941.767161051433
89797.0,-6941.864145914714
89798.0,-6941.961130777995
89799.0,-6942.058115641276
89800.0,-6942.155100504558
89801.0,-6942.252085367839
89802.0,-6942.34907023112
89803.0,-6942.446055094401
89804.0,-6942.543039957683
89805.0,-6942.640024820964
89806.0,-6942.737009684245
89807.0,-6942.833994547526
89808.0,-6942.930979410808
89809.0,-6943.027964274089
89810.0,-6943.12494913737
89811.0,-6943.221934000651
89812.0,-6943.318918863933
89813.0,-6943.415903727214
89814.0,-6943.512888590495
89815.0,-6943.609873453776
89816.0,-6943.706858317058
89817.0,-6943.803843180339
89818.0,-6943.90082804362
89819.0,-6943.997812906901
89820.0,-6944.094797770183
89821.0,-6944.191782633464
89822.0,-6944.288767496745
89823.0,-6944.385752360026
89824.0,-6944.482737223308
89825.0,-6944.579722086589
89826.0,-6944.67670694987
89827.0,-6944.773691813151
89828.0,-6944.870676676433
89829.0,-6944.967661539714
89830.0,-6945.064646402995
89831.0,-6945.161631266276
89832.0,-6945.258616129558
89833.0,-6945.355600992839
89834.0,-6945.45258585612
89835.0,-6945.549570719401
89836.0,-6945.646555582683
89837.0,-6945.743540445964
89838.0,-6945.840525309245
89839.0,-6945.937510172526
89840.0,-6946.034495035808
89841.0,-6946.131479899089
89842.0,-6946.22846476237
89843.0,-6946.325449625651
89844.0,-6946.422434488933
89845.0,-6946.519419352214
89846.0,-6946.616404215495
89847.0,-6946.713389078776
89848.0,-6946.810373942058
89849.0,-6946.907358805339
89850.0,-6947.00434366862
89851.0,-6947.101328531901
89852.0,-6947.198313395183
89853.0,-6947.295298258464
89854.0,-6947.392283121745
89855.0,-6947.489267985026
89856.0,-6947.586252848308
89857.0,-6947.683237711589
89858.0,-6947.78022257487
89859.0,-6947.877207438151
89860.0,-6947.974192301433
89861.0,-6948.071177164714
89862.0,-6948.168162027995
89863.0,-6948.265146891276
89864.0,-6948.362131754558
89865.0,-6948.459116617839
89866.0,-6948.55610148112
89867.0,-6948.653086344401
89868.0,-6948.750071207683
89869.0,-6948.847056070964
89870.0,-6948.944040934245
89871.0,-6949.041025797526
89872.0,-6949.138010660808
89873.0,-6949.234995524089
89874.0,-6949.33198038737
89875.0,-6949.428965250651
89876.0,-6949.525950113933
89877.0,-6949.622934977214
89878.0,-6949.719919840495
89879.0,-6949.816904703776
89880.0,-6949.913889567058
89881.0,-6950.010874430339
89882.0,-6950.10785929362
89883.0,-6950.204844156901
89884.0,-6950.301829020183
89885.0,-6950.398813883464
89886.0,-6950.495798746745
89887.0,-6950.592783610026
89888.0,-6950.689768473308
89889.0,-6950.786753336589
89890.0,-6950.88373819987
89891.0,-6950.980723063151
89892.0,-6951.077707926433
89893.0,-6951.174692789714
89894.0,-6951.271677652995
89895.0,-6951.368662516276
89896.0,-6951.465647379558
89897.0,-6951.562632242839
89898.0,-6951.65961710612
89899.0,-6951.756601969401
89900.0,-6951.853586832683
89901.0,-6951.950571695964
89902.0,-6952.047556559245
89903.0,-6952.144541422526
89904.0,-6952.241526285808
89905.0,-6952.338511149089
89906.0,-6952.43549601237
89907.0,-6952.532480875651
89908.0,-6952.629465738933
89909.0,-6952.726450602214
89910.0,-6952.823435465495
89911.0,-6952.920420328776
89912.0,-6953.017405192058
89913.0,-6953.114390055339
89914.0,-6953.21137491862
89915.0,-6953.308359781901
89916.0,-6953.405344645183
89917.0,-6953.502329508464
89918.0,-6953.599314371745
89919.0,-6953.696299235026
89920.0,-6953.793284098308
89921.0,-6953.890268961589
89922.0,-6953.98725382487
89923.0,-6954.084238688151
89924.0,-6954.181223551433
89925.0,-6954.278208414714
89926.0,-6954.375193277995
89927.0,-6954.472178141276
89928.0,-6954.569163004558
89929.0,-6954.666147867839
89930.0,-6954.76313273112
89931.0,-6954.860117594401
89932.0,-6954.957102457683
89933.0,-6955.054087320964
89934.0,-6955.151072184245
89935.0,-6955.248057047526
89936.0,-6955.345041910808
89937.0,-6955.442026774089
89938.0,-6955.53901163737
89939.0,-6955.635996500651
89940.0,-6955.732981363933
89941.0,-6955.829966227214
89942.0,-6955.926951090495
89943.0,-6956.023935953776
89944.0,-6956.120920817058
89945.0,-6956.217905680339
89946.0,-6956.31489054362
89947.0,-6956.411875406901
89948.0,-6956.508860270183
89949.0,-6956.605845133464
89950.0,-6956.702829996745
89951.0,-6956.799814860026
89952.0,-6956.896799723308
89953.0,-6956.993784586589
89954.0,-6957.09076944987
89955.0,-6957.187754313151
89956.0,-6957.284739176433
89957.0,-6957.381724039714
89958.0,-6957.478708902995
89959.0,-6957.575693766276
89960.0,-6957.672678629558
89961.0,-6957.769663492839
89962.0,-6957.86664835612
89963.0,-6957.963633219401
89964.0,-6958.060618082683
89965.0,-6958.157602945964
89966.0,-6958.254587809245
89967.0,-6958.351572672526
89968.0,-6958.448557535808
89969.0,-6958.545542399089
89970.0,-6958.64252726237
89971.0,-6958.739512125651
89972.0,-6958.836496988933
89973.0,-6958.933481852214
89974.0,-6959.030466715495
89975.0,-6959.127451578776
89976.0,-6959.224436442058
89977.0,-6959.321421305339
89978.0,-6959.41840616862
89979.0,-6959.515391031901
89980.0,-6959.612375895183
89981.0,-6959.709360758464
89982.0,-6959.806345621745
89983.0,-6959.903330485026
89984.0,-6960.000315348308
89985.0,-6960.097300211589
89986.0,-6960.19428507487
89987.0,-6960.291269938151
89988.0,-6960.388254801433
89989.0,-6960.485239664714
89990.0,-6960.582224527995
89991.0,-6960.679209391276
89992.0,-6960.776194254558
89993.0,-6960.873179117839
89994.0,-6960.97016398112
89995.0,-6961.067148844401
89996.0,-6961.164133707683
89997.0,-6961.261118570964
89998.0,-6961.358103434245
89999.0,-6961.455088297526
90000.0,-6961.552073160808
90001.0,-6961.649058024089
90002.0,-6961.74604288737
90003.0,-6961.843027750651
90004.0,-6961.940012613933
90005.0,-6962.036997477214
90006.0,-6962.133982340495
90007.0,-6962.230967203776
90008.0,-6962.327952067058
90009.0,-6962.424936930339
90010.0,-6962.52192179362
90011.0,-6962.618906656901
90012.0,-6962.715891520183
90013.0,-6962.812876383464
90014.0,-6962.909861246745
90015.0,-6963.006846110026
90016.0,-6963.103830973308
90017.0,-6963.200815836589
90018.0,-6963.29780069987
90019.0,-6963.394785563151
90020.0,-6963.491770426433
90021.0,-6963.588755289714
90022.0,-6963.685740152995
90023.0,-6963.782725016276
90024.0,-6963.879709879558
90025.0,-6963.976694742839
90026.0,-6964.07367960612
90027.0,-6964.170664469401
90028.0,-6964.267649332683
90029.0,-6964.364634195964
90030.0,-6964.461619059245
90031.0,-6964.558603922526
90032.0,-6964.655588785808
90033.0,-6964.752573649089
90034.0,-6964.84955851237
90035.0,-6964.946543375651
90036.0,-6965.043528238933
90037.0,-6965.140513102214
90038.0,-6965.237497965495
90039.0,-6965.334482828776
90040.0,-6965.431467692058
90041.0,-6965.528452555339
90042.0,-6965.62543741862
90043.0,-6965.722422281901
90044.0,-6965.819407145183
90045.0,-6965.916392008464
90046.0,-6966.013376871745
90047.0,-6966.110361735026
90048.0,-6966.207346598308
90049.0,-6966.304331461589
90050.0,-6966.40131632487
90051.0,-6966.498301188151
90052.0,-6966.595286051433
90053.0,-6966.692270914714
90054.0,-6966.789255777995
90055.0,-6966.886240641276
90056.0,-6966.983225504558
90057.0,-6967.080210367839
90058.0,-6967.17719523112
90059.0,-6967.274180094401
90060.0,-6967.371164957683
90061.0,-6967.468149820964
90062.0,-6967.565134684245
90063.0,-6967.662119547526
90064.0,-6967.759104410808
90065.0,-6967.856089274089
90066.0,-6967.95307413737
90067.0,-6968.050059000651
90068.0,-6968.147043863933
90069.0,-6968.244028727214
90070.0,-6968.341013590495
90071.0,-6968.437998453776
90072.0,-6968.534983317058
90073.0,-6968.631968180339
90074.0,-6968.72895304362
90075.0,-6968.825937906901
90076.0,-6968.922922770183
90077.0,-6969.019907633464
90078.0,-6969.116892496745
90079.0,-6969.213877360026
90080.0,-6969.310862223308
90081.0,-6969.407847086589
90082.0,-6969.50483194987
90083.0,-6969.601816813151
90084.0,-6969.698801676433
90085.0,-6969.795786539714
90086.0,-6969.892771402995
90087.0,-6969.989756266276
90088.0,-6970.086741129558
90089.0,-6970.183725992839
90090.0,-6970.28071085612
90091.0,-6970.377695719401
90092.0,-6970.474680582683
90093.0,-6970.571665445964
90094.0,-6970.668650309245
90095.0,-6970.765635172526
90096.0,-6970.862620035808
90097.0,-6970.959604899089
90098.0,-6971.05658976237
90099.0,-6971.153574625651
90100.0,-6971.250559488933
90101.0,-6971.347544352214
90102.0,-6971.444529215495
90103.0,-6971.541514078776
90104.0,-6971.638498942058
90105.0,-6971.735483805339
90106.0,-6971.83246866862
90107.0,-6971.929453531901
90108.0,-6972.026438395183
90109.0,-6972.123423258464
90110.0,-6972.220408121745
90111.0,-6972.317392985026
90112.0,-6972.414377848308
90113.0,-6972.300960312287
90114.0,-6972.187542776267
90115.0,-6972.074125240247
90116.0,-6971.9607077042265
90117.0,-6971.847290168206
90118.0,-6971.733872632186
90119.0,-6971.620455096166
90120.0,-6971.507037560145
90121.0,-6971.393620024125
90122.0,-6971.280202488105
90123.0,-6971.1667849520845
90124.0,-6971.053367416064
90125.0,-6970.939949880044
90126.0,-6970.826532344024
90127.0,-6970.713114808003
90128.0,-6970.599697271983
90129.0,-6970.486279735963
90130.0,-6970.372862199943
90131.0,-6970.259444663922
90132.0,-6970.146027127902
90133.0,-6970.032609591882
90134.0,-6969.9191920558615
90135.0,-6969.805774519841
90136.0,-6969.692356983821
90137.0,-6969.578939447801
90138.0,-6969.46552191178
90139.0,-6969.35210437576
90140.0,-6969.23868683974
90141.0,-6969.1252693037195
90142.0,-6969.011851767699
90143.0,-6968.898434231679
90144.0,-6968.785016695659
90145.0,-6968.671599159638
90146.0,-6968.558181623618
90147.0,-6968.444764087598
90148.0,-6968.331346551578
90149.0,-6968.217929015557
90150.0,-6968.104511479537
90151.0,-6967.991093943517
90152.0,-6967.877676407496
90153.0,-6967.764258871476
90154.0,-6967.650841335456
90155.0,-6967.537423799436
90156.0,-6967.424006263415
90157.0,-6967.310588727395
90158.0,-6967.197171191375
90159.0,-6967.0837536553545
90160.0,-6966.970336119334
90161.0,-6966.856918583314
90162.0,-6966.743501047294
90163.0,-6966.630083511273
90164.0,-6966.516665975253
90165.0,-6966.403248439233
90166.0,-6966.2898309032125
90167.0,-6966.176413367192
90168.0,-6966.062995831172
90169.0,-6965.949578295152
90170.0,-6965.836160759131
90171.0,-6965.722743223111
90172.0,-6965.609325687091
90173.0,-6965.495908151071
90174.0,-6965.38249061505
90175.0,-6965.26907307903
90176.0,-6965.15565554301
90177.0,-6965.0422380069895
90178.0,-6964.928820470969
90179.0,-6964.815402934949
90180.0,-6964.701985398929
90181.0,-6964.588567862908
90182.0,-6964.475150326888
90183.0,-6964.361732790868
90184.0,-6964.2483152548475
90185.0,-6964.134897718827
90186.0,-6964.021480182807
90187.0,-6963.908062646787
90188.0,-6963.794645110766
90189.0,-6963.681227574746
90190.0,-6963.567810038726
90191.0,-6963.454392502706
90192.0,-6963.340974966685
90193.0,-6963.227557430665
90194.0,-6963.114139894645
90195.0,-6963.000722358624
90196.0,-6962.887304822604
90197.0,-6962.773887286584
90198.0,-6962.660469750564
90199.0,-6962.547052214543
90200.0,-6962.433634678523
90201.0,-6962.320217142503
90202.0,-6962.2067996064825
90203.0,-6962.093382070462
90204.0,-6961.979964534442
90205.0,-6961.866546998422
90206.0,-6961.753129462401
90207.0,-6961.639711926381
90208.0,-6961.526294390361
90209.0,-6961.4128768543405
90210.0,-6961.29945931832
90211.0,-6961.1860417823
90212.0,-6961.07262424628
90213.0,-6960.959206710259
90214.0,-6960.845789174239
90215.0,-6960.732371638219
90216.0,-6960.618954102199
90217.0,-6960.505536566178
90218.0,-6960.392119030158
90219.0,-6960.278701494138
90220.0,-6960.1652839581175
90221.0,-6960.051866422097
90222.0,-6959.938448886077
90223.0,-6959.825031350057
90224.0,-6959.711613814036
90225.0,-6959.598196278016
90226.0,-6959.484778741996
90227.0,-6959.3713612059755
90228.0,-6959.257943669955
90229.0,-6959.144526133935
90230.0,-6959.031108597915
90231.0,-6958.917691061894
90232.0,-6958.804273525874
90233.0,-6958.690855989854
90234.0,-6958.577438453834
90235.0,-6958.464020917813
90236.0,-6958.350603381793
90237.0,-6958.237185845773
90238.0,-6958.123768309752
90239.0,-6958.010350773732
90240.0,-6957.896933237712
90241.0,-6957.783515701692
90242.0,-6957.670098165671
90243.0,-6957.556680629651
90244.0,-6957.443263093631
90245.0,-6957.3298455576105
90246.0,-6957.21642802159
90247.0,-6957.10301048557
90248.0,-6956.98959294955
90249.0,-6956.876175413529
90250.0,-6956.762757877509
90251.0,-6956.649340341489
90252.0,-6956.5359228054685
90253.0,-6956.422505269448
90254.0,-6956.309087733428
90255.0,-6956.195670197408
90256.0,-6956.082252661387
90257.0,-6955.968835125367
90258.0,-6955.855417589347
90259.0,-6955.742000053327
90260.0,-6955.628582517306
90261.0,-6955.515164981286
90262.0,-6955.401747445266
90263.0,-6955.2883299092455
90264.0,-6955.174912373225
90265.0,-6955.061494837205
90266.0,-6954.948077301185
90267.0,-6954.834659765164
90268.0,-6954.721242229144
90269.0,-6954.607824693124
90270.0,-6954.4944071571035
90271.0,-6954.380989621083
90272.0,-6954.267572085063
90273.0,-6954.154154549043
90274.0,-6954.040737013022
90275.0,-6953.927319477002
90276.0,-6953.813901940982
90277.0,-6953.700484404962
90278.0,-6953.587066868941
90279.0,-6953.473649332921
90280.0,-6953.360231796901
90281.0,-6953.2468142608805
90282.0,-6953.13339672486
90283.0,-6953.01997918884
90284.0,-6952.90656165282
90285.0,-6952.793144116799
90286.0,-6952.679726580779
90287.0,-6952.566309044759
90288.0,-6952.4528915087385
90289.0,-6952.339473972718
90290.0,-6952.226056436698
90291.0,-6952.112638900678
90292.0,-6951.999221364657
90293.0,-6951.885803828637
90294.0,-6951.772386292617
90295.0,-6951.658968756597
90296.0,-6951.545551220576
90297.0,-6951.432133684556
90298.0,-6951.318716148536
90299.0,-6951.205298612515
90300.0,-6951.091881076495
90301.0,-6950.978463540475
90302.0,-6950.865046004455
90303.0,-6950.751628468434
90304.0,-6950.638210932414
90305.0,-6950.524793396394
90306.0,-6950.4113758603735
90307.0,-6950.297958324353
90308.0,-6950.184540788333
90309.0,-6950.071123252313
90310.0,-6949.957705716292
90311.0,-6949.844288180272
90312.0,-6949.730870644252
90313.0,-6949.6174531082315
90314.0,-6949.504035572211
90315.0,-6949.390618036191
90316.0,-6949.277200500171
90317.0,-6949.16378296415
90318.0,-6949.05036542813
90319.0,-6948.93694789211
90320.0,-6948.82353035609
90321.0,-6948.710112820069
90322.0,-6948.596695284049
90323.0,-6948.483277748029
90324.0,-6948.3698602120085
90325.0,-6948.256442675988
90326.0,-6948.143025139968
90327.0,-6948.029607603948
90328.0,-6947.916190067927
90329.0,-6947.802772531907
90330.0,-6947.689354995887
90331.0,-6947.5759374598665
90332.0,-6947.462519923846
90333.0,-6947.349102387826
90334.0,-6947.235684851806
90335.0,-6947.122267315785
90336.0,-6947.008849779765
90337.0,-6946.895432243745
90338.0,-6946.782014707725
90339.0,-6946.668597171704
90340.0,-6946.555179635684
90341.0,-6946.441762099664
90342.0,-6946.328344563643
90343.0,-6946.214927027623
90344.0,-6946.101509491603
90345.0,-6945.988091955583
90346.0,-6945.874674419562
90347.0,-6945.761256883542
90348.0,-6945.647839347522
90349.0,-6945.5344218115015
90350.0,-6945.421004275481
90351.0,-6945.307586739461
90352.0,-6945.194169203441
90353.0,-6945.08075166742
90354.0,-6944.9673341314
90355.0,-6944.85391659538
90356.0,-6944.7404990593595
90357.0,-6944.627081523339
90358.0,-6944.513663987319
90359.0,-6944.400246451299
90360.0,-6944.286828915278
90361.0,-6944.173411379258
90362.0,-6944.059993843238
90363.0,-6943.946576307218
90364.0,-6943.833158771197
90365.0,-6943.719741235177
90366.0,-6943.606323699157
90367.0,-6943.4929061631365
90368.0,-6943.379488627116
90369.0,-6943.266071091096
90370.0,-6943.152653555076
90371.0,-6943.039236019055
90372.0,-6942.925818483035
90373.0,-6942.812400947015
90374.0,-6942.6989834109945
90375.0,-6942.585565874974
90376.0,-6942.472148338954
90377.0,-6942.358730802934
90378.0,-6942.245313266913
90379.0,-6942.131895730893
90380.0,-6942.018478194873
90381.0,-6941.905060658853
90382.0,-6941.791643122832
90383.0,-6941.678225586812
90384.0,-6941.564808050792
90385.0,-6941.451390514771
90386.0,-6941.337972978751
90387.0,-6941.224555442731
90388.0,-6941.111137906711
90389.0,-6940.99772037069
90390.0,-6940.88430283467
90391.0,-6940.77088529865
90392.0,-6940.6574677626295
90393.0,-6940.544050226609
90394.0,-6940.430632690589
90395.0,-6940.317215154569
90396.0,-6940.203797618548
90397.0,-6940.090380082528
90398.0,-6939.976962546508
90399.0,-6939.8635450104875
90400.0,-6939.750127474467
90401.0,-6939.636709938447
90402.0,-6939.523292402427
90403.0,-6939.409874866406
90404.0,-6939.296457330386
90405.0,-6939.183039794366
90406.0,-6939.069622258346
90407.0,-6938.956204722325
90408.0,-6938.842787186305
90409.0,-6938.729369650285
90410.0,-6938.6159521142645
90411.0,-6938.502534578244
90412.0,-6938.389117042224
90413.0,-6938.275699506204
90414.0,-6938.162281970183
90415.0,-6938.048864434163
90416.0,-6937.935446898143
90417.0,-6937.8220293621225
90418.0,-6937.708611826102
90419.0,-6937.595194290082
90420.0,-6937.481776754062
90421.0,-6937.368359218041
90422.0,-6937.254941682021
90423.0,-6937.141524146001
90424.0,-6937.028106609981
90425.0,-6936.91468907396
90426.0,-6936.80127153794
90427.0,-6936.68785400192
90428.0,-6936.574436465899
90429.0,-6936.461018929879
90430.0,-6936.347601393859
90431.0,-6936.234183857839
90432.0,-6936.120766321818
90433.0,-6936.007348785798
90434.0,-6935.893931249778
90435.0,-6935.7805137137575
90436.0,-6935.667096177737
90437.0,-6935.553678641717
90438.0,-6935.440261105697
90439.0,-6935.326843569676
90440.0,-6935.213426033656
90441.0,-6935.100008497636
90442.0,-6934.986590961616
90443.0,-6934.873173425595
90444.0,-6934.759755889575
90445.0,-6934.646338353555
90446.0,-6934.532920817534
90447.0,-6934.419503281514
90448.0,-6934.306085745494
90449.0,-6934.192668209474
90450.0,-6934.079250673453
90451.0,-6933.965833137433
90452.0,-6933.852415601413
90453.0,-6933.7389980653925
90454.0,-6933.625580529372
90455.0,-6933.512162993352
90456.0,-6933.398745457332
90457.0,-6933.285327921311
90458.0,-6933.171910385291
90459.0,-6933.058492849271
90460.0,-6932.9450753132505
90461.0,-6932.83165777723
90462.0,-6932.71824024121
90463.0,-6932.60482270519
90464.0,-6932.491405169169
90465.0,-6932.377987633149
90466.0,-6932.264570097129
90467.0,-6932.151152561109
90468.0,-6932.037735025088
90469.0,-6931.924317489068
90470.0,-6931.810899953048
90471.0,-6931.6974824170275
90472.0,-6931.584064881007
90473.0,-6931.470647344987
90474.0,-6931.357229808967
90475.0,-6931.243812272946
90476.0,-6931.130394736926
90477.0,-6931.016977200906
90478.0,-6930.9035596648855
90479.0,-6930.790142128865
90480.0,-6930.676724592845
90481.0,-6930.563307056825
90482.0,-6930.449889520804
90483.0,-6930.336471984784
90484.0,-6930.223054448764
90485.0,-6930.109636912744
90486.0,-6929.996219376723
90487.0,-6929.882801840703
90488.0,-6929.769384304683
90489.0,-6929.655966768662
90490.0,-6929.542549232642
90491.0,-6929.429131696622
90492.0,-6929.315714160602
90493.0,-6929.202296624581
90494.0,-6929.088879088561
90495.0,-6928.975461552541
90496.0,-6928.8620440165205
90497.0,-6928.7486264805
90498.0,-6928.63520894448
90499.0,-6928.52179140846
90500.0,-6928.408373872439
90501.0,-6928.294956336419
90502.0,-6928.181538800399
90503.0,-6928.0681212643785
90504.0,-6927.954703728358
90505.0,-6927.841286192338
90506.0,-6927.727868656318
90507.0,-6927.614451120297
90508.0,-6927.501033584277
90509.0,-6927.387616048257
90510.0,-6927.274198512237
90511.0,-6927.160780976216
90512.0,-6927.047363440196
90513.0,-6926.933945904176
90514.0,-6926.8205283681555
90515.0,-6926.707110832135
90516.0,-6926.593693296115
90517.0,-6926.480275760095
90518.0,-6926.366858224074
90519.0,-6926.253440688054
90520.0,-6926.140023152034
90521.0,-6926.0266056160135
90522.0,-6925.913188079993
90523.0,-6925.799770543973
90524.0,-6925.686353007953
90525.0,-6925.572935471932
90526.0,-6925.459517935912
90527.0,-6925.346100399892
90528.0,-6925.232682863872
90529.0,-6925.119265327851
90530.0,-6925.005847791831
90531.0,-6924.892430255811
90532.0,-6924.77901271979
90533.0,-6924.66559518377
90534.0,-6924.55217764775
90535.0,-6924.43876011173
90536.0,-6924.325342575709
90537.0,-6924.211925039689
90538.0,-6924.098507503669
90539.0,-6923.9850899676485
90540.0,-6923.871672431628
90541.0,-6923.758254895608
90542.0,-6923.644837359588
90543.0,-6923.531419823567
90544.0,-6923.418002287547
90545.0,-6923.304584751527
90546.0,-6923.1911672155065
90547.0,-6923.077749679486
90548.0,-6922.964332143466
90549.0,-6922.850914607446
90550.0,-6922.737497071425
90551.0,-6922.624079535405
90552.0,-6922.510661999385
90553.0,-6922.397244463365
90554.0,-6922.283826927344
90555.0,-6922.170409391324
90556.0,-6922.056991855304
90557.0,-6921.9435743192835
90558.0,-6921.830156783263
90559.0,-6921.716739247243
90560.0,-6921.603321711223
90561.0,-6921.489904175202
90562.0,-6921.376486639182
90563.0,-6921.263069103162
90564.0,-6921.1496515671415
90565.0,-6921.036234031121
90566.0,-6920.922816495101
90567.0,-6920.809398959081
90568.0,-6920.69598142306
90569.0,-6920.58256388704
90570.0,-6920.46914635102
90571.0,-6920.355728815
90572.0,-6920.242311278979
90573.0,-6920.128893742959
90574.0,-6920.015476206939
90575.0,-6919.902058670918
90576.0,-6919.788641134898
90577.0,-6919.675223598878
90578.0,-6919.561806062858
90579.0,-6919.448388526837
90580.0,-6919.334970990817
90581.0,-6919.221553454797
90582.0,-6919.1081359187765
90583.0,-6918.994718382756
90584.0,-6918.881300846736
90585.0,-6918.767883310716
90586.0,-6918.654465774695
90587.0,-6918.541048238675
90588.0,-6918.427630702655
90589.0,-6918.3142131666345
90590.0,-6918.200795630614
90591.0,-6918.087378094594
90592.0,-6917.973960558574
90593.0,-6917.860543022553
90594.0,-6917.747125486533
90595.0,-6917.633707950513
90596.0,-6917.520290414493
90597.0,-6917.406872878472
90598.0,-6917.293455342452
90599.0,-6917.180037806432
90600.0,-6917.0666202704115
90601.0,-6916.953202734391
90602.0,-6916.839785198371
90603.0,-6916.726367662351
90604.0,-6916.61295012633
90605.0,-6916.49953259031
90606.0,-6916.38611505429
90607.0,-6916.2726975182695
90608.0,-6916.159279982249
90609.0,-6916.045862446229
90610.0,-6915.932444910209
90611.0,-6915.819027374188
90612.0,-6915.705609838168
90613.0,-6915.592192302148
90614.0,-6915.478774766128
90615.0,-6915.365357230107
90616.0,-6915.251939694087
90617.0,-6915.138522158067
90618.0,-6915.0251046220465
90619.0,-6914.911687086026
90620.0,-6914.798269550006
90621.0,-6914.684852013986
90622.0,-6914.571434477965
90623.0,-6914.458016941945
90624.0,-6914.344599405925
90625.0,-6914.2311818699045
90626.0,-6914.117764333884
90627.0,-6914.004346797864
90628.0,-6913.890929261844
90629.0,-6913.777511725823
90630.0,-6913.664094189803
90631.0,-6913.550676653783
90632.0,-6913.437259117763
90633.0,-6913.323841581742
90634.0,-6913.210424045722
90635.0,-6913.097006509702
90636.0,-6912.983588973681
90637.0,-6912.870171437661
90638.0,-6912.756753901641
90639.0,-6912.643336365621
90640.0,-6912.5299188296
90641.0,-6912.41650129358
90642.0,-6912.30308375756
90643.0,-6912.1896662215395
90644.0,-6912.076248685519
90645.0,-6911.962831149499
90646.0,-6911.849413613479
90647.0,-6911.735996077458
90648.0,-6911.622578541438
90649.0,-6911.509161005418
90650.0,-6911.3957434693975
90651.0,-6911.282325933377
90652.0,-6911.168908397357
90653.0,-6911.055490861337
90654.0,-6910.942073325316
90655.0,-6910.828655789296
90656.0,-6910.715238253276
90657.0,-6910.601820717256
90658.0,-6910.488403181235
90659.0,-6910.374985645215
90660.0,-6910.261568109195
90661.0,-6910.1481505731745
90662.0,-6910.034733037154
90663.0,-6909.921315501134
90664.0,-6909.807897965114
90665.0,-6909.694480429093
90666.0,-6909.581062893073
90667.0,-6909.467645357053
90668.0,-6909.3542278210325
90669.0,-6909.240810285012
90670.0,-6909.127392748992
90671.0,-6909.013975212972
90672.0,-6908.900557676951
90673.0,-6908.787140140931
90674.0,-6908.673722604911
90675.0,-6908.560305068891
90676.0,-6908.44688753287
90677.0,-6908.33346999685
90678.0,-6908.22005246083
90679.0,-6908.106634924809
90680.0,-6907.993217388789
90681.0,-6907.879799852769
90682.0,-6907.766382316749
90683.0,-6907.652964780728
90684.0,-6907.539547244708
90685.0,-6907.426129708688
90686.0,-6907.3127121726675
90687.0,-6907.199294636647
90688.0,-6907.085877100627
90689.0,-6906.972459564607
90690.0,-6906.859042028586
90691.0,-6906.745624492566
90692.0,-6906.632206956546
90693.0,-6906.5187894205255
90694.0,-6906.405371884505
90695.0,-6906.291954348485
90696.0,-6906.178536812465
90697.0,-6906.065119276444
90698.0,-6905.951701740424
90699.0,-6905.838284204404
90700.0,-6905.724866668384
90701.0,-6905.611449132363
90702.0,-6905.498031596343
90703.0,-6905.384614060323
90704.0,-6905.2711965243025
90705.0,-6905.157778988282
90706.0,-6905.044361452262
90707.0,-6904.930943916242
90708.0,-6904.817526380221
90709.0,-6904.704108844201
90710.0,-6904.590691308181
90711.0,-6904.4772737721605
90712.0,-6904.36385623614
90713.0,-6904.25043870012
90714.0,-6904.1370211641
90715.0,-6904.023603628079
90716.0,-6903.910186092059
90717.0,-6903.796768556039
90718.0,-6903.683351020019
90719.0,-6903.569933483998
90720.0,-6903.456515947978
90721.0,-6903.343098411958
90722.0,-6903.229680875937
90723.0,-6903.116263339917
90724.0,-6903.002845803897
90725.0,-6902.889428267877
90726.0,-6902.776010731856
90727.0,-6902.662593195836
90728.0,-6902.549175659816
90729.0,-6902.4357581237955
90730.0,-6902.322340587775
90731.0,-6902.208923051755
90732.0,-6902.095505515735
90733.0,-6901.982087979714
90734.0,-6901.868670443694
90735.0,-6901.755252907674
90736.0,-6901.6418353716535
90737.0,-6901.528417835633
90738.0,-6901.415000299613
90739.0,-6901.301582763593
90740.0,-6901.188165227572
90741.0,-6901.074747691552
90742.0,-6900.961330155532
90743.0,-6900.847912619512
90744.0,-6900.734495083491
90745.0,-6900.621077547471
90746.0,-6900.507660011451
90747.0,-6900.3942424754305
90748.0,-6900.28082493941
90749.0,-6900.16740740339
90750.0,-6900.05398986737
90751.0,-6899.940572331349
90752.0,-6899.827154795329
90753.0,-6899.713737259309
90754.0,-6899.6003197232885
90755.0,-6899.486902187268
90756.0,-6899.373484651248
90757.0,-6899.260067115228
90758.0,-6899.146649579207
90759.0,-6899.033232043187
90760.0,-6898.919814507167
90761.0,-6898.806396971147
90762.0,-6898.692979435126
90763.0,-6898.579561899106
90764.0,-6898.466144363086
90765.0,-6898.352726827065
90766.0,-6898.239309291045
90767.0,-6898.125891755025
90768.0,-6898.012474219005
90769.0,-6897.899056682984
90770.0,-6897.785639146964
90771.0,-6897.672221610944
90772.0,-6897.5588040749235
90773.0,-6897.445386538903
90774.0,-6897.331969002883
90775.0,-6897.218551466863
90776.0,-6897.105133930842
90777.0,-6896.991716394822
90778.0,-6896.878298858802
90779.0,-6896.764881322782
90780.0,-6896.651463786761
90781.0,-6896.538046250741
90782.0,-6896.424628714721
90783.0,-6896.3112111787
90784.0,-6896.19779364268
90785.0,-6896.08437610666
90786.0,-6895.97095857064
90787.0,-6895.857541034619
90788.0,-6895.744123498599
90789.0,-6895.630705962579
90790.0,-6895.5172884265585
90791.0,-6895.403870890538
90792.0,-6895.290453354518
90793.0,-6895.177035818498
90794.0,-6895.063618282477
90795.0,-6894.950200746457
90796.0,-6894.836783210437
90797.0,-6894.7233656744165
90798.0,-6894.609948138396
90799.0,-6894.496530602376
90800.0,-6894.383113066356
90801.0,-6894.269695530335
90802.0,-6894.156277994315
90803.0,-6894.042860458295
90804.0,-6893.929442922275
90805.0,-6893.816025386254
90806.0,-6893.702607850234
90807.0,-6893.589190314214
90808.0,-6893.4757727781935
90809.0,-6893.362355242173
90810.0,-6893.248937706153
90811.0,-6893.135520170133
90812.0,-6893.022102634112
90813.0,-6892.908685098092
90814.0,-6892.795267562072
90815.0,-6892.6818500260515
90816.0,-6892.568432490031
90817.0,-6892.455014954011
90818.0,-6892.341597417991
90819.0,-6892.22817988197
90820.0,-6892.11476234595
90821.0,-6892.00134480993
90822.0,-6891.88792727391
90823.0,-6891.774509737889
90824.0,-6891.661092201869
90825.0,-6891.547674665849
90826.0,-6891.434257129828
90827.0,-6891.320839593808
90828.0,-6891.207422057788
90829.0,-6891.094004521768
90830.0,-6890.980586985747
90831.0,-6890.867169449727
90832.0,-6890.753751913707
90833.0,-6890.6403343776865
90834.0,-6890.526916841666
90835.0,-6890.413499305646
90836.0,-6890.300081769626
90837.0,-6890.186664233605
90838.0,-6890.073246697585
90839.0,-6889.959829161565
90840.0,-6889.8464116255445
90841.0,-6889.732994089524
90842.0,-6889.619576553504
90843.0,-6889.506159017484
90844.0,-6889.392741481463
90845.0,-6889.279323945443
90846.0,-6889.165906409423
90847.0,-6889.052488873403
90848.0,-6888.939071337382
90849.0,-6888.825653801362
90850.0,-6888.712236265342
90851.0,-6888.5988187293215
90852.0,-6888.485401193301
90853.0,-6888.371983657281
90854.0,-6888.258566121261
90855.0,-6888.14514858524
90856.0,-6888.03173104922
90857.0,-6887.9183135132
90858.0,-6887.8048959771795
90859.0,-6887.691478441159
90860.0,-6887.578060905139
90861.0,-6887.464643369119
90862.0,-6887.351225833098
90863.0,-6887.237808297078
90864.0,-6887.124390761058
90865.0,-6887.010973225038
90866.0,-6886.897555689017
90867.0,-6886.784138152997
90868.0,-6886.670720616977
90869.0,-6886.557303080956
90870.0,-6886.443885544936
90871.0,-6886.330468008916
90872.0,-6886.217050472896
90873.0,-6886.103632936875
90874.0,-6885.990215400855
90875.0,-6885.876797864835
90876.0,-6885.7633803288145
90877.0,-6885.649962792794
90878.0,-6885.536545256774
90879.0,-6885.423127720754
90880.0,-6885.309710184733
90881.0,-6885.196292648713
90882.0,-6885.082875112693
90883.0,-6884.9694575766725
90884.0,-6884.856040040652
90885.0,-6884.742622504632
90886.0,-6884.629204968612
90887.0,-6884.515787432591
90888.0,-6884.402369896571
90889.0,-6884.288952360551
90890.0,-6884.175534824531
90891.0,-6884.06211728851
90892.0,-6883.94869975249
90893.0,-6883.83528221647
90894.0,-6883.7218646804495
90895.0,-6883.608447144429
90896.0,-6883.495029608409
90897.0,-6883.381612072389
90898.0,-6883.268194536368
90899.0,-6883.154777000348
90900.0,-6883.041359464328
90901.0,-6882.9279419283075
90902.0,-6882.814524392287
90903.0,-6882.701106856267
90904.0,-6882.587689320247
90905.0,-6882.474271784226
90906.0,-6882.360854248206
90907.0,-6882.247436712186
90908.0,-6882.134019176166
90909.0,-6882.020601640145
90910.0,-6881.907184104125
90911.0,-6881.793766568105
90912.0,-6881.680349032084
90913.0,-6881.566931496064
90914.0,-6881.453513960044
90915.0,-6881.340096424024
90916.0,-6881.226678888003
90917.0,-6881.113261351983
90918.0,-6880.999843815963
90919.0,-6880.8864262799425
90920.0,-6880.773008743922
90921.0,-6880.659591207902
90922.0,-6880.546173671882
90923.0,-6880.432756135861
90924.0,-6880.319338599841
90925.0,-6880.205921063821
90926.0,-6880.092503527801
90927.0,-6879.97908599178
90928.0,-6879.86566845576
90929.0,-6879.75225091974
90930.0,-6879.638833383719
90931.0,-6879.525415847699
90932.0,-6879.411998311679
90933.0,-6879.298580775659
90934.0,-6879.185163239638
90935.0,-6879.071745703618
90936.0,-6878.958328167598
90937.0,-6878.8449106315775
90938.0,-6878.731493095557
90939.0,-6878.618075559537
90940.0,-6878.504658023517
90941.0,-6878.391240487496
90942.0,-6878.277822951476
90943.0,-6878.164405415456
90944.0,-6878.0509878794355
90945.0,-6877.937570343415
90946.0,-6877.824152807395
90947.0,-6877.710735271375
90948.0,-6877.597317735354
90949.0,-6877.483900199334
90950.0,-6877.370482663314
90951.0,-6877.257065127294
90952.0,-6877.143647591273
90953.0,-6877.030230055253
90954.0,-6876.916812519233
90955.0,-6876.8033949832125
90956.0,-6876.689977447192
90957.0,-6876.576559911172
90958.0,-6876.463142375152
90959.0,-6876.349724839131
90960.0,-6876.236307303111
90961.0,-6876.122889767091
90962.0,-6876.0094722310705
90963.0,-6875.89605469505
90964.0,-6875.78263715903
90965.0,-6875.66921962301
90966.0,-6875.555802086989
90967.0,-6875.442384550969
90968.0,-6875.328967014949
90969.0,-6875.215549478929
90970.0,-6875.102131942908
90971.0,-6874.988714406888
90972.0,-6874.875296870868
90973.0,-6874.761879334847
90974.0,-6874.648461798827
90975.0,-6874.535044262807
90976.0,-6874.421626726787
90977.0,-6874.308209190766
90978.0,-6874.194791654746
90979.0,-6874.081374118726
90980.0,-6873.9679565827055
90981.0,-6873.854539046685
90982.0,-6873.741121510665
90983.0,-6873.627703974645
90984.0,-6873.514286438624
90985.0,-6873.400868902604
90986.0,-6873.287451366584
90987.0,-6873.1740338305635
90988.0,-6873.060616294543
90989.0,-6872.947198758523
90990.0,-6872.833781222503
90991.0,-6872.720363686482
90992.0,-6872.606946150462
90993.0,-6872.493528614442
90994.0,-6872.380111078422
90995.0,-6872.266693542401
90996.0,-6872.153276006381
90997.0,-6872.039858470361
90998.0,-6871.9264409343405
90999.0,-6871.81302339832
91000.0,-6871.6996058623
91001.0,-6871.58618832628
91002.0,-6871.472770790259
91003.0,-6871.359353254239
91004.0,-6871.245935718219
91005.0,-6871.1325181821985
91006.0,-6871.019100646178
91007.0,-6870.905683110158
91008.0,-6870.792265574138
91009.0,-6870.678848038117
91010.0,-6870.565430502097
91011.0,-6870.452012966077
91012.0,-6870.338595430057
91013.0,-6870.225177894036
91014.0,-6870.111760358016
91015.0,-6869.998342821996
91016.0,-6869.884925285975
91017.0,-6869.771507749955
91018.0,-6869.658090213935
91019.0,-6869.544672677915
91020.0,-6869.431255141894
91021.0,-6869.317837605874
91022.0,-6869.204420069854
91023.0,-6869.0910025338335
91024.0,-6868.977584997813
91025.0,-6868.864167461793
91026.0,-6868.750749925773
91027.0,-6868.637332389752
91028.0,-6868.523914853732
91029.0,-6868.410497317712
91030.0,-6868.2970797816915
91031.0,-6868.183662245671
91032.0,-6868.070244709651
91033.0,-6867.956827173631
91034.0,-6867.84340963761
91035.0,-6867.72999210159
91036.0,-6867.61657456557
91037.0,-6867.50315702955
91038.0,-6867.389739493529
91039.0,-6867.276321957509
91040.0,-6867.162904421489
91041.0,-6867.0494868854685
91042.0,-6866.936069349448
91043.0,-6866.822651813428
91044.0,-6866.709234277408
91045.0,-6866.595816741387
91046.0,-6866.482399205367
91047.0,-6866.368981669347
91048.0,-6866.2555641333265
91049.0,-6866.142146597306
91050.0,-6866.028729061286
91051.0,-6865.915311525266
91052.0,-6865.801893989245
91053.0,-6865.688476453225
91054.0,-6865.575058917205
91055.0,-6865.461641381185
91056.0,-6865.348223845164
91057.0,-6865.234806309144
91058.0,-6865.121388773124
91059.0,-6865.007971237103
91060.0,-6864.894553701083
91061.0,-6864.781136165063
91062.0,-6864.667718629043
91063.0,-6864.554301093022
91064.0,-6864.440883557002
91065.0,-6864.327466020982
91066.0,-6864.2140484849615
91067.0,-6864.100630948941
91068.0,-6863.987213412921
91069.0,-6863.873795876901
91070.0,-6863.76037834088
91071.0,-6863.64696080486
91072.0,-6863.53354326884
91073.0,-6863.4201257328195
91074.0,-6863.306708196799
91075.0,-6863.193290660779
91076.0,-6863.079873124759
91077.0,-6862.966455588738
91078.0,-6862.853038052718
91079.0,-6862.739620516698
91080.0,-6862.626202980678
91081.0,-6862.512785444657
91082.0,-6862.399367908637
91083.0,-6862.285950372617
91084.0,-6862.1725328365965
91085.0,-6862.059115300576
91086.0,-6861.945697764556
91087.0,-6861.832280228536
91088.0,-6861.718862692515
91089.0,-6861.605445156495
91090.0,-6861.492027620475
91091.0,-6861.3786100844545
91092.0,-6861.265192548434
91093.0,-6861.151775012414
91094.0,-6861.038357476394
91095.0,-6860.924939940373
91096.0,-6860.811522404353
91097.0,-6860.698104868333
91098.0,-6860.584687332313
91099.0,-6860.471269796292
91100.0,-6860.357852260272
91101.0,-6860.244434724252
91102.0,-6860.131017188231
91103.0,-6860.017599652211
91104.0,-6859.904182116191
91105.0,-6859.790764580171
91106.0,-6859.67734704415
91107.0,-6859.56392950813
91108.0,-6859.45051197211
91109.0,-6859.3370944360895
91110.0,-6859.223676900069
91111.0,-6859.110259364049
91112.0,-6858.996841828029
91113.0,-6858.883424292008
91114.0,-6858.770006755988
91115.0,-6858.656589219968
91116.0,-6858.543171683948
91117.0,-6858.429754147927
91118.0,-6858.316336611907
91119.0,-6858.202919075887
91120.0,-6858.089501539866
91121.0,-6857.976084003846
91122.0,-6857.862666467826
91123.0,-6857.749248931806
91124.0,-6857.635831395785
91125.0,-6857.522413859765
91126.0,-6857.408996323745
91127.0,-6857.2955787877245
91128.0,-6857.182161251704
91129.0,-6857.068743715684
91130.0,-6856.955326179664
91131.0,-6856.841908643643
91132.0,-6856.728491107623
91133.0,-6856.615073571603
91134.0,-6856.5016560355825
91135.0,-6856.388238499562
91136.0,-6856.274820963542
91137.0,-6856.29213843743
91138.0,-6856.309455911319
91139.0,-6856.326773385207
91140.0,-6856.344090859096
91141.0,-6856.361408332984
91142.0,-6856.378725806872
91143.0,-6856.396043280761
91144.0,-6856.413360754649
91145.0,-6856.4306782285375
91146.0,-6856.447995702426
91147.0,-6856.465313176314
91148.0,-6856.482630650203
91149.0,-6856.499948124091
91150.0,-6856.5172655979795
91151.0,-6856.534583071868
91152.0,-6856.551900545756
91153.0,-6856.569218019645
91154.0,-6856.586535493533
91155.0,-6856.6038529674215
91156.0,-6856.62117044131
91157.0,-6856.638487915198
91158.0,-6856.655805389087
91159.0,-6856.673122862975
91160.0,-6856.6904403368635
91161.0,-6856.707757810752
91162.0,-6856.72507528464
91163.0,-6856.742392758529
91164.0,-6856.759710232417
91165.0,-6856.7770277063055
91166.0,-6856.794345180194
91167.0,-6856.811662654082
91168.0,-6856.828980127971
91169.0,-6856.846297601859
91170.0,-6856.8636150757475
91171.0,-6856.880932549636
91172.0,-6856.898250023524
91173.0,-6856.915567497413
91174.0,-6856.932884971301
91175.0,-6856.9502024451895
91176.0,-6856.967519919078
91177.0,-6856.984837392966
91178.0,-6857.002154866855
91179.0,-6857.019472340743
91180.0,-6857.036789814631
91181.0,-6857.05410728852
91182.0,-6857.071424762408
91183.0,-6857.088742236297
91184.0,-6857.106059710185
91185.0,-6857.123377184073
91186.0,-6857.140694657962
91187.0,-6857.15801213185
91188.0,-6857.175329605739
91189.0,-6857.192647079627
91190.0,-6857.209964553515
91191.0,-6857.227282027404
91192.0,-6857.244599501292
91193.0,-6857.261916975181
91194.0,-6857.279234449069
91195.0,-6857.296551922957
91196.0,-6857.313869396846
91197.0,-6857.331186870734
91198.0,-6857.348504344623
91199.0,-6857.365821818511
91200.0,-6857.383139292399
91201.0,-6857.400456766288
91202.0,-6857.417774240176
91203.0,-6857.435091714065
91204.0,-6857.452409187953
91205.0,-6857.469726661841
91206.0,-6857.48704413573
91207.0,-6857.504361609618
91208.0,-6857.521679083507
91209.0,-6857.538996557395
91210.0,-6857.556314031283
91211.0,-6857.573631505172
91212.0,-6857.59094897906
91213.0,-6857.608266452949
91214.0,-6857.625583926837
91215.0,-6857.642901400725
91216.0,-6857.660218874614
91217.0,-6857.677536348502
91218.0,-6857.6948538223905
91219.0,-6857.712171296279
91220.0,-6857.729488770167
91221.0,-6857.746806244056
91222.0,-6857.764123717944
91223.0,-6857.7814411918325
91224.0,-6857.798758665721
91225.0,-6857.816076139609
91226.0,-6857.833393613498
91227.0,-6857.850711087386
91228.0,-6857.8680285612745
91229.0,-6857.885346035163
91230.0,-6857.902663509051
91231.0,-6857.91998098294
91232.0,-6857.937298456828
91233.0,-6857.9546159307165
91234.0,-6857.971933404605
91235.0,-6857.989250878493
91236.0,-6858.006568352382
91237.0,-6858.02388582627
91238.0,-6858.0412033001585
91239.0,-6858.058520774047
91240.0,-6858.075838247935
91241.0,-6858.093155721824
91242.0,-6858.110473195712
91243.0,-6858.1277906696005
91244.0,-6858.145108143489
91245.0,-6858.162425617377
91246.0,-6858.179743091266
91247.0,-6858.197060565154
91248.0,-6858.2143780390425
91249.0,-6858.231695512931
91250.0,-6858.249012986819
91251.0,-6858.266330460708
91252.0,-6858.283647934596
91253.0,-6858.300965408484
91254.0,-6858.318282882373
91255.0,-6858.335600356261
91256.0,-6858.35291783015
91257.0,-6858.370235304038
91258.0,-6858.387552777926
91259.0,-6858.404870251815
91260.0,-6858.422187725703
91261.0,-6858.439505199592
91262.0,-6858.45682267348
91263.0,-6858.474140147368
91264.0,-6858.491457621257
91265.0,-6858.508775095145
91266.0,-6858.526092569034
91267.0,-6858.543410042922
91268.0,-6858.56072751681
91269.0,-6858.578044990699
91270.0,-6858.595362464587
91271.0,-6858.612679938476
91272.0,-6858.629997412364
91273.0,-6858.647314886252
91274.0,-6858.664632360141
91275.0,-6858.681949834029
91276.0,-6858.699267307918
91277.0,-6858.716584781806
91278.0,-6858.733902255694
91279.0,-6858.751219729583
91280.0,-6858.768537203471
91281.0,-6858.78585467736
91282.0,-6858.803172151248
91283.0,-6858.820489625136
91284.0,-6858.837807099025
91285.0,-6858.855124572913
91286.0,-6858.872442046802
91287.0,-6858.88975952069
91288.0,-6858.907076994578
91289.0,-6858.924394468467
91290.0,-6858.941711942355
91291.0,-6858.9590294162435
91292.0,-6858.976346890132
91293.0,-6858.99366436402
91294.0,-6859.010981837909
91295.0,-6859.028299311797
91296.0,-6859.0456167856855
91297.0,-6859.062934259574
91298.0,-6859.080251733462
91299.0,-6859.097569207351
91300.0,-6859.114886681239
91301.0,-6859.1322041551275
91302.0,-6859.149521629016
91303.0,-6859.166839102904
91304.0,-6859.184156576793
91305.0,-6859.201474050681
91306.0,-6859.2187915245695
91307.0,-6859.236108998458
91308.0,-6859.253426472346
91309.0,-6859.270743946235
91310.0,-6859.288061420123
91311.0,-6859.3053788940115
91312.0,-6859.3226963679
91313.0,-6859.340013841788
91314.0,-6859.357331315677
91315.0,-6859.374648789565
91316.0,-6859.3919662634535
91317.0,-6859.409283737342
91318.0,-6859.42660121123
91319.0,-6859.443918685119
91320.0,-6859.461236159007
91321.0,-6859.4785536328955
91322.0,-6859.495871106784
91323.0,-6859.513188580672
91324.0,-6859.530506054561
91325.0,-6859.547823528449
91326.0,-6859.565141002337
91327.0,-6859.582458476226
91328.0,-6859.599775950114
91329.0,-6859.617093424003
91330.0,-6859.634410897891
91331.0,-6859.651728371779
91332.0,-6859.669045845668
91333.0,-6859.686363319556
91334.0,-6859.703680793445
91335.0,-6859.720998267333
91336.0,-6859.738315741221
91337.0,-6859.75563321511
91338.0,-6859.772950688998
91339.0,-6859.790268162887
91340.0,-6859.807585636775
91341.0,-6859.824903110663
91342.0,-6859.842220584552
91343.0,-6859.85953805844
91344.0,-6859.876855532329
91345.0,-6859.894173006217
91346.0,-6859.911490480105
91347.0,-6859.928807953994
91348.0,-6859.946125427882
91349.0,-6859.963442901771
91350.0,-6859.980760375659
91351.0,-6859.998077849547
91352.0,-6860.015395323436
91353.0,-6860.032712797324
91354.0,-6860.050030271213
91355.0,-6860.067347745101
91356.0,-6860.084665218989
91357.0,-6860.101982692878
91358.0,-6860.119300166766
91359.0,-6860.136617640655
91360.0,-6860.153935114543
91361.0,-6860.171252588431
91362.0,-6860.18857006232
91363.0,-6860.205887536208
91364.0,-6860.2232050100965
91365.0,-6860.240522483985
91366.0,-6860.257839957873
91367.0,-6860.275157431762
91368.0,-6860.29247490565
91369.0,-6860.3097923795385
91370.0,-6860.327109853427
91371.0,-6860.344427327315
91372.0,-6860.361744801204
91373.0,-6860.379062275092
91374.0,-6860.3963797489805
91375.0,-6860.413697222869
91376.0,-6860.431014696757
91377.0,-6860.448332170646
91378.0,-6860.465649644534
91379.0,-6860.4829671184225
91380.0,-6860.500284592311
91381.0,-6860.517602066199
91382.0,-6860.534919540088
91383.0,-6860.552237013976
91384.0,-6860.5695544878645
91385.0,-6860.586871961753
91386.0,-6860.604189435641
91387.0,-6860.62150690953
91388.0,-6860.638824383418
91389.0,-6860.6561418573065
91390.0,-6860.673459331195
91391.0,-6860.690776805083
91392.0,-6860.708094278972
91393.0,-6860.72541175286
91394.0,-6860.742729226748
91395.0,-6860.760046700637
91396.0,-6860.777364174525
91397.0,-6860.794681648414
91398.0,-6860.811999122302
91399.0,-6860.82931659619
91400.0,-6860.846634070079
91401.0,-6860.863951543967
91402.0,-6860.881269017856
91403.0,-6860.898586491744
91404.0,-6860.915903965632
91405.0,-6860.933221439521
91406.0,-6860.950538913409
91407.0,-6860.967856387298
91408.0,-6860.985173861186
91409.0,-6861.002491335074
91410.0,-6861.019808808963
91411.0,-6861.037126282851
91412.0,-6861.05444375674
91413.0,-6861.071761230628
91414.0,-6861.089078704516
91415.0,-6861.106396178405
91416.0,-6861.123713652293
91417.0,-6861.141031126182
91418.0,-6861.15834860007
91419.0,-6861.175666073958
91420.0,-6861.192983547847
91421.0,-6861.210301021735
91422.0,-6861.227618495624
91423.0,-6861.244935969512
91424.0,-6861.2622534434
91425.0,-6861.279570917289
91426.0,-6861.296888391177
91427.0,-6861.314205865066
91428.0,-6861.331523338954
91429.0,-6861.348840812842
91430.0,-6861.366158286731
91431.0,-6861.383475760619
91432.0,-6861.400793234508
91433.0,-6861.418110708396
91434.0,-6861.435428182284
91435.0,-6861.452745656173
91436.0,-6861.470063130061
91437.0,-6861.4873806039495
91438.0,-6861.504698077838
91439.0,-6861.522015551726
91440.0,-6861.539333025615
91441.0,-6861.556650499503
91442.0,-6861.5739679733915
91443.0,-6861.59128544728
91444.0,-6861.608602921168
91445.0,-6861.625920395057
91446.0,-6861.643237868945
91447.0,-6861.6605553428335
91448.0,-6861.677872816722
91449.0,-6861.69519029061
91450.0,-6861.712507764499
91451.0,-6861.729825238387
91452.0,-6861.7471427122755
91453.0,-6861.764460186164
91454.0,-6861.781777660052
91455.0,-6861.799095133941
91456.0,-6861.816412607829
91457.0,-6861.8337300817175
91458.0,-6861.851047555606
91459.0,-6861.868365029494
91460.0,-6861.885682503383
91461.0,-6861.902999977271
91462.0,-6861.9203174511595
91463.0,-6861.937634925048
91464.0,-6861.954952398936
91465.0,-6861.972269872825
91466.0,-6861.989587346713
91467.0,-6862.006904820601
91468.0,-6862.02422229449
91469.0,-6862.041539768378
91470.0,-6862.058857242267
91471.0,-6862.076174716155
91472.0,-6862.093492190043
91473.0,-6862.110809663932
91474.0,-6862.12812713782
91475.0,-6862.145444611709
91476.0,-6862.162762085597
91477.0,-6862.180079559485
91478.0,-6862.197397033374
91479.0,-6862.214714507262
91480.0,-6862.232031981151
91481.0,-6862.249349455039
91482.0,-6862.266666928927
91483.0,-6862.283984402816
91484.0,-6862.301301876704
91485.0,-6862.318619350593
91486.0,-6862.335936824481
91487.0,-6862.353254298369
91488.0,-6862.370571772258
91489.0,-6862.387889246146
91490.0,-6862.405206720035
91491.0,-6862.422524193923
91492.0,-6862.439841667811
91493.0,-6862.4571591417
91494.0,-6862.474476615588
91495.0,-6862.491794089477
91496.0,-6862.509111563365
91497.0,-6862.526429037253
91498.0,-6862.543746511142
91499.0,-6862.56106398503
91500.0,-6862.578381458919
91501.0,-6862.595698932807
91502.0,-6862.613016406695
91503.0,-6862.630333880584
91504.0,-6862.647651354472
91505.0,-6862.6649688283605
91506.0,-6862.682286302249
91507.0,-6862.699603776137
91508.0,-6862.716921250026
91509.0,-6862.734238723914
91510.0,-6862.7515561978025
91511.0,-6862.768873671691
91512.0,-6862.786191145579
91513.0,-6862.803508619468
91514.0,-6862.820826093356
91515.0,-6862.8381435672445
91516.0,-6862.855461041133
91517.0,-6862.872778515021
91518.0,-6862.89009598891
91519.0,-6862.907413462798
91520.0,-6862.9247309366865
91521.0,-6862.942048410575
91522.0,-6862.959365884463
91523.0,-6862.976683358352
91524.0,-6862.99400083224
91525.0,-6863.0113183061285
91526.0,-6863.028635780017
91527.0,-6863.045953253905
91528.0,-6863.063270727794
91529.0,-6863.080588201682
91530.0,-6863.0979056755705
91531.0,-6863.115223149459
91532.0,-6863.132540623347
91533.0,-6863.149858097236
91534.0,-6863.167175571124
91535.0,-6863.1844930450125
91536.0,-6863.201810518901
91537.0,-6863.219127992789
91538.0,-6863.236445466678
91539.0,-6863.253762940566
91540.0,-6863.271080414454
91541.0,-6863.288397888343
91542.0,-6863.305715362231
91543.0,-6863.32303283612
91544.0,-6863.340350310008
91545.0,-6863.357667783896
91546.0,-6863.374985257785
91547.0,-6863.392302731673
91548.0,-6863.409620205562
91549.0,-6863.42693767945
91550.0,-6863.444255153338
91551.0,-6863.461572627227
91552.0,-6863.478890101115
91553.0,-6863.496207575004
91554.0,-6863.513525048892
91555.0,-6863.53084252278
91556.0,-6863.548159996669
91557.0,-6863.565477470557
91558.0,-6863.582794944446
91559.0,-6863.600112418334
91560.0,-6863.617429892222
91561.0,-6863.634747366111
91562.0,-6863.652064839999
91563.0,-6863.669382313888
91564.0,-6863.686699787776
91565.0,-6863.704017261664
91566.0,-6863.721334735553
91567.0,-6863.738652209441
91568.0,-6863.75596968333
91569.0,-6863.773287157218
91570.0,-6863.790604631106
91571.0,-6863.807922104995
91572.0,-6863.825239578883
91573.0,-6863.842557052772
91574.0,-6863.85987452666
91575.0,-6863.877192000548
91576.0,-6863.894509474437
91577.0,-6863.911826948325
91578.0,-6863.9291444222135
91579.0,-6863.946461896102
91580.0,-6863.96377936999
91581.0,-6863.981096843879
91582.0,-6863.998414317767
91583.0,-6864.0157317916555
91584.0,-6864.033049265544
91585.0,-6864.050366739432
91586.0,-6864.067684213321
91587.0,-6864.085001687209
91588.0,-6864.1023191610975
91589.0,-6864.119636634986
91590.0,-6864.136954108874
91591.0,-6864.154271582763
91592.0,-6864.171589056651
91593.0,-6864.1889065305395
91594.0,-6864.206224004428
91595.0,-6864.223541478316
91596.0,-6864.240858952205
91597.0,-6864.258176426093
91598.0,-6864.2754938999815
91599.0,-6864.29281137387
91600.0,-6864.310128847758
91601.0,-6864.327446321647
91602.0,-6864.344763795535
91603.0,-6864.3620812694235
91604.0,-6864.379398743312
91605.0,-6864.3967162172
91606.0,-6864.414033691089
91607.0,-6864.431351164977
91608.0,-6864.4486686388655
91609.0,-6864.465986112754
91610.0,-6864.483303586642
91611.0,-6864.500621060531
91612.0,-6864.517938534419
91613.0,-6864.535256008307
91614.0,-6864.552573482196
91615.0,-6864.569890956084
91616.0,-6864.587208429973
91617.0,-6864.604525903861
91618.0,-6864.621843377749
91619.0,-6864.639160851638
91620.0,-6864.656478325526
91621.0,-6864.673795799415
91622.0,-6864.691113273303
91623.0,-6864.708430747191
91624.0,-6864.72574822108
91625.0,-6864.743065694968
91626.0,-6864.760383168857
91627.0,-6864.777700642745
91628.0,-6864.795018116633
91629.0,-6864.812335590522
91630.0,-6864.82965306441
91631.0,-6864.846970538299
91632.0,-6864.864288012187
91633.0,-6864.881605486075
91634.0,-6864.898922959964
91635.0,-6864.916240433852
91636.0,-6864.933557907741
91637.0,-6864.950875381629
91638.0,-6864.968192855517
91639.0,-6864.985510329406
91640.0,-6865.002827803294
91641.0,-6865.020145277183
91642.0,-6865.037462751071
91643.0,-6865.054780224959
91644.0,-6865.072097698848
91645.0,-6865.089415172736
91646.0,-6865.106732646625
91647.0,-6865.124050120513
91648.0,-6865.141367594401
91649.0,-6865.15868506829
91650.0,-6865.176002542178
91651.0,-6865.1933200160665
91652.0,-6865.210637489955
91653.0,-6865.227954963843
91654.0,-6865.245272437732
91655.0,-6865.26258991162
91656.0,-6865.2799073855085
91657.0,-6865.297224859397
91658.0,-6865.314542333285
91659.0,-6865.331859807174
91660.0,-6865.349177281062
91661.0,-6865.3664947549505
91662.0,-6865.383812228839
91663.0,-6865.401129702727
91664.0,-6865.418447176616
91665.0,-6865.435764650504
91666.0,-6865.4530821243925
91667.0,-6865.470399598281
91668.0,-6865.487717072169
91669.0,-6865.505034546058
91670.0,-6865.522352019946
91671.0,-6865.5396694938345
91672.0,-6865.556986967723
91673.0,-6865.574304441611
91674.0,-6865.5916219155
91675.0,-6865.608939389388
91676.0,-6865.6262568632765
91677.0,-6865.643574337165
91678.0,-6865.660891811053
91679.0,-6865.678209284942
91680.0,-6865.69552675883
91681.0,-6865.712844232718
91682.0,-6865.730161706607
91683.0,-6865.747479180495
91684.0,-6865.764796654384
91685.0,-6865.782114128272
91686.0,-6865.79943160216
91687.0,-6865.816749076049
91688.0,-6865.834066549937
91689.0,-6865.851384023826
91690.0,-6865.868701497714
91691.0,-6865.886018971602
91692.0,-6865.903336445491
91693.0,-6865.920653919379
91694.0,-6865.937971393268
91695.0,-6865.955288867156
91696.0,-6865.972606341044
91697.0,-6865.989923814933
91698.0,-6866.007241288821
91699.0,-6866.02455876271
91700.0,-6866.041876236598
91701.0,-6866.059193710486
91702.0,-6866.076511184375
91703.0,-6866.093828658263
91704.0,-6866.111146132152
91705.0,-6866.12846360604
91706.0,-6866.145781079928
91707.0,-6866.163098553817
91708.0,-6866.180416027705
91709.0,-6866.197733501594
91710.0,-6866.215050975482
91711.0,-6866.23236844937
91712.0,-6866.249685923259
91713.0,-6866.267003397147
91714.0,-6866.284320871036
91715.0,-6866.301638344924
91716.0,-6866.318955818812
91717.0,-6866.336273292701
91718.0,-6866.353590766589
91719.0,-6866.370908240478
91720.0,-6866.388225714366
91721.0,-6866.405543188254
91722.0,-6866.422860662143
91723.0,-6866.440178136031
91724.0,-6866.4574956099195
91725.0,-6866.474813083808
91726.0,-6866.492130557696
91727.0,-6866.509448031585
91728.0,-6866.526765505473
91729.0,-6866.5440829793615
91730.0,-6866.56140045325
91731.0,-6866.578717927138
91732.0,-6866.596035401027
91733.0,-6866.613352874915
91734.0,-6866.6306703488035
91735.0,-6866.647987822692
91736.0,-6866.66530529658
91737.0,-6866.682622770469
91738.0,-6866.699940244357
91739.0,-6866.7172577182455
91740.0,-6866.734575192134
91741.0,-6866.751892666022
91742.0,-6866.769210139911
91743.0,-6866.786527613799
91744.0,-6866.8038450876875
91745.0,-6866.821162561576
91746.0,-6866.838480035464
91747.0,-6866.855797509353
91748.0,-6866.873114983241
91749.0,-6866.8904324571295
91750.0,-6866.907749931018
91751.0,-6866.925067404906
91752.0,-6866.942384878795
91753.0,-6866.959702352683
91754.0,-6866.977019826571
91755.0,-6866.99433730046
91756.0,-6867.011654774348
91757.0,-6867.028972248237
91758.0,-6867.046289722125
91759.0,-6867.063607196013
91760.0,-6867.080924669902
91761.0,-6867.09824214379
91762.0,-6867.115559617679
91763.0,-6867.132877091567
91764.0,-6867.150194565455
91765.0,-6867.167512039344
91766.0,-6867.184829513232
91767.0,-6867.202146987121
91768.0,-6867.219464461009
91769.0,-6867.236781934897
91770.0,-6867.254099408786
91771.0,-6867.271416882674
91772.0,-6867.288734356563
91773.0,-6867.306051830451
91774.0,-6867.323369304339
91775.0,-6867.340686778228
91776.0,-6867.358004252116
91777.0,-6867.375321726005
91778.0,-6867.392639199893
91779.0,-6867.409956673781
91780.0,-6867.42727414767
91781.0,-6867.444591621558
91782.0,-6867.461909095447
91783.0,-6867.479226569335
91784.0,-6867.496544043223
91785.0,-6867.513861517112
91786.0,-6867.531178991
91787.0,-6867.548496464889
91788.0,-6867.565813938777
91789.0,-6867.583131412665
91790.0,-6867.600448886554
91791.0,-6867.617766360442
91792.0,-6867.6350838343305
91793.0,-6867.652401308219
91794.0,-6867.669718782107
91795.0,-6867.687036255996
91796.0,-6867.704353729884
91797.0,-6867.7216712037725
91798.0,-6867.738988677661
91799.0,-6867.756306151549
91800.0,-6867.773623625438
91801.0,-6867.790941099326
91802.0,-6867.8082585732145
91803.0,-6867.825576047103
91804.0,-6867.842893520991
91805.0,-6867.86021099488
91806.0,-6867.877528468768
91807.0,-6867.8948459426565
91808.0,-6867.912163416545
91809.0,-6867.929480890433
91810.0,-6867.946798364322
91811.0,-6867.96411583821
91812.0,-6867.9814333120985
91813.0,-6867.998750785987
91814.0,-6868.016068259875
91815.0,-6868.033385733764
91816.0,-6868.050703207652
91817.0,-6868.0680206815405
91818.0,-6868.085338155429
91819.0,-6868.102655629317
91820.0,-6868.119973103206
91821.0,-6868.137290577094
91822.0,-6868.1546080509825
91823.0,-6868.171925524871
91824.0,-6868.189242998759
91825.0,-6868.206560472648
91826.0,-6868.223877946536
91827.0,-6868.241195420424
91828.0,-6868.258512894313
91829.0,-6868.275830368201
91830.0,-6868.29314784209
91831.0,-6868.310465315978
91832.0,-6868.327782789866
91833.0,-6868.345100263755
91834.0,-6868.362417737643
91835.0,-6868.379735211532
91836.0,-6868.39705268542
91837.0,-6868.414370159308
91838.0,-6868.431687633197
91839.0,-6868.449005107085
91840.0,-6868.466322580974
91841.0,-6868.483640054862
91842.0,-6868.50095752875
91843.0,-6868.518275002639
91844.0,-6868.535592476527
91845.0,-6868.552909950416
91846.0,-6868.570227424304
91847.0,-6868.587544898192
91848.0,-6868.604862372081
91849.0,-6868.622179845969
91850.0,-6868.639497319858
91851.0,-6868.656814793746
91852.0,-6868.674132267634
91853.0,-6868.691449741523
91854.0,-6868.708767215411
91855.0,-6868.7260846893
91856.0,-6868.743402163188
91857.0,-6868.760719637076
91858.0,-6868.778037110965
91859.0,-6868.795354584853
91860.0,-6868.812672058742
91861.0,-6868.82998953263
91862.0,-6868.847307006518
91863.0,-6868.864624480407
91864.0,-6868.881941954295
91865.0,-6868.8992594281835
91866.0,-6868.916576902072
91867.0,-6868.93389437596
91868.0,-6868.951211849849
91869.0,-6868.968529323737
91870.0,-6868.9858467976255
91871.0,-6869.003164271514
91872.0,-6869.020481745402
91873.0,-6869.037799219291
91874.0,-6869.055116693179
91875.0,-6869.0724341670675
91876.0,-6869.089751640956
91877.0,-6869.107069114844
91878.0,-6869.124386588733
91879.0,-6869.141704062621
91880.0,-6869.1590215365095
91881.0,-6869.176339010398
91882.0,-6869.193656484286
91883.0,-6869.210973958175
91884.0,-6869.228291432063
91885.0,-6869.2456089059515
91886.0,-6869.26292637984
91887.0,-6869.280243853728
91888.0,-6869.297561327617
91889.0,-6869.314878801505
91890.0,-6869.3321962753935
91891.0,-6869.349513749282
91892.0,-6869.36683122317
91893.0,-6869.384148697059
91894.0,-6869.401466170947
91895.0,-6869.4187836448355
91896.0,-6869.436101118724
91897.0,-6869.453418592612
91898.0,-6869.470736066501
91899.0,-6869.488053540389
91900.0,-6869.505371014277
91901.0,-6869.522688488166
91902.0,-6869.540005962054
91903.0,-6869.557323435943
91904.0,-6869.574640909831
91905.0,-6869.591958383719
91906.0,-6869.609275857608
91907.0,-6869.626593331496
91908.0,-6869.643910805385
91909.0,-6869.661228279273
91910.0,-6869.678545753161
91911.0,-6869.69586322705
91912.0,-6869.713180700938
91913.0,-6869.730498174827
91914.0,-6869.747815648715
91915.0,-6869.765133122603
91916.0,-6869.782450596492
91917.0,-6869.79976807038
91918.0,-6869.817085544269
91919.0,-6869.834403018157
91920.0,-6869.851720492045
91921.0,-6869.869037965934
91922.0,-6869.886355439822
91923.0,-6869.903672913711
91924.0,-6869.920990387599
91925.0,-6869.938307861487
91926.0,-6869.955625335376
91927.0,-6869.972942809264
91928.0,-6869.990260283153
91929.0,-6870.007577757041
91930.0,-6870.024895230929
91931.0,-6870.042212704818
91932.0,-6870.059530178706
91933.0,-6870.076847652595
91934.0,-6870.094165126483
91935.0,-6870.111482600371
91936.0,-6870.12880007426
91937.0,-6870.146117548148
91938.0,-6870.1634350220365
91939.0,-6870.180752495925
91940.0,-6870.198069969813
91941.0,-6870.215387443702
91942.0,-6870.23270491759
91943.0,-6870.2500223914785
91944.0,-6870.267339865367
91945.0,-6870.284657339255
91946.0,-6870.301974813144
91947.0,-6870.319292287032
91948.0,-6870.3366097609205
91949.0,-6870.353927234809
91950.0,-6870.371244708697
91951.0,-6870.388562182586
91952.0,-6870.405879656474
91953.0,-6870.4231971303625
91954.0,-6870.440514604251
91955.0,-6870.457832078139
91956.0,-6870.475149552028
91957.0,-6870.492467025916
91958.0,-6870.5097844998045
91959.0,-6870.527101973693
91960.0,-6870.544419447581
91961.0,-6870.56173692147
91962.0,-6870.579054395358
91963.0,-6870.5963718692465
91964.0,-6870.613689343135
91965.0,-6870.631006817023
91966.0,-6870.648324290912
91967.0,-6870.6656417648
91968.0,-6870.682959238688
91969.0,-6870.700276712577
91970.0,-6870.717594186465
91971.0,-6870.734911660354
91972.0,-6870.752229134242
91973.0,-6870.76954660813
91974.0,-6870.786864082019
91975.0,-6870.804181555907
91976.0,-6870.821499029796
91977.0,-6870.838816503684
91978.0,-6870.856133977572
91979.0,-6870.873451451461
91980.0,-6870.890768925349
91981.0,-6870.908086399238
91982.0,-6870.925403873126
91983.0,-6870.942721347014
91984.0,-6870.960038820903
91985.0,-6870.977356294791
91986.0,-6870.99467376868
91987.0,-6871.011991242568
91988.0,-6871.029308716456
91989.0,-6871.046626190345
91990.0,-6871.063943664233
91991.0,-6871.081261138122
91992.0,-6871.09857861201
91993.0,-6871.115896085898
91994.0,-6871.133213559787
91995.0,-6871.150531033675
91996.0,-6871.167848507564
91997.0,-6871.185165981452
91998.0,-6871.20248345534
91999.0,-6871.219800929229
92000.0,-6871.237118403117
92001.0,-6871.254435877006
92002.0,-6871.271753350894
92003.0,-6871.289070824782
92004.0,-6871.306388298671
92005.0,-6871.323705772559
92006.0,-6871.341023246448
92007.0,-6871.358340720336
92008.0,-6871.375658194224
92009.0,-6871.392975668113
92010.0,-6871.410293142001
92011.0,-6871.4276106158895
92012.0,-6871.444928089778
92013.0,-6871.462245563666
92014.0,-6871.479563037555
92015.0,-6871.496880511443
92016.0,-6871.5141979853315
92017.0,-6871.53151545922
92018.0,-6871.548832933108
92019.0,-6871.566150406997
92020.0,-6871.583467880885
92021.0,-6871.6007853547735
92022.0,-6871.618102828662
92023.0,-6871.63542030255
92024.0,-6871.652737776439
92025.0,-6871.670055250327
92026.0,-6871.6873727242155
92027.0,-6871.704690198104
92028.0,-6871.722007671992
92029.0,-6871.739325145881
92030.0,-6871.756642619769
92031.0,-6871.7739600936575
92032.0,-6871.791277567546
92033.0,-6871.808595041434
92034.0,-6871.825912515323
92035.0,-6871.843229989211
92036.0,-6871.8605474630995
92037.0,-6871.877864936988
92038.0,-6871.895182410876
92039.0,-6871.912499884765
92040.0,-6871.929817358653
92041.0,-6871.947134832541
92042.0,-6871.96445230643
92043.0,-6871.981769780318
92044.0,-6871.999087254207
92045.0,-6872.016404728095
92046.0,-6872.033722201983
92047.0,-6872.051039675872
92048.0,-6872.06835714976
92049.0,-6872.085674623649
92050.0,-6872.102992097537
92051.0,-6872.120309571425
92052.0,-6872.137627045314
92053.0,-6872.154944519202
92054.0,-6872.172261993091
92055.0,-6872.189579466979
92056.0,-6872.206896940867
92057.0,-6872.224214414756
92058.0,-6872.241531888644
92059.0,-6872.258849362533
92060.0,-6872.276166836421
92061.0,-6872.293484310309
92062.0,-6872.310801784198
92063.0,-6872.328119258086
92064.0,-6872.345436731975
92065.0,-6872.362754205863
92066.0,-6872.380071679751
92067.0,-6872.39738915364
92068.0,-6872.414706627528
92069.0,-6872.432024101417
92070.0,-6872.449341575305
92071.0,-6872.466659049193
92072.0,-6872.483976523082
92073.0,-6872.50129399697
92074.0,-6872.518611470859
92075.0,-6872.535928944747
92076.0,-6872.553246418635
92077.0,-6872.570563892524
92078.0,-6872.587881366412
92079.0,-6872.605198840301
92080.0,-6872.622516314189
92081.0,-6872.639833788077
92082.0,-6872.657151261966
92083.0,-6872.674468735854
92084.0,-6872.6917862097425
92085.0,-6872.709103683631
92086.0,-6872.726421157519
92087.0,-6872.743738631408
92088.0,-6872.761056105296
92089.0,-6872.7783735791845
92090.0,-6872.795691053073
92091.0,-6872.813008526961
92092.0,-6872.83032600085
92093.0,-6872.847643474738
92094.0,-6872.8649609486265
92095.0,-6872.882278422515
92096.0,-6872.899595896403
92097.0,-6872.916913370292
92098.0,-6872.93423084418
92099.0,-6872.9515483180685
92100.0,-6872.968865791957
92101.0,-6872.986183265845
92102.0,-6873.003500739734
92103.0,-6873.020818213622
92104.0,-6873.0381356875105
92105.0,-6873.055453161399
92106.0,-6873.072770635287
92107.0,-6873.090088109176
92108.0,-6873.107405583064
92109.0,-6873.1247230569525
92110.0,-6873.142040530841
92111.0,-6873.159358004729
92112.0,-6873.176675478618
92113.0,-6873.193992952506
92114.0,-6873.211310426394
92115.0,-6873.228627900283
92116.0,-6873.245945374171
92117.0,-6873.26326284806
92118.0,-6873.280580321948
92119.0,-6873.297897795836
92120.0,-6873.315215269725
92121.0,-6873.332532743613
92122.0,-6873.349850217502
92123.0,-6873.36716769139
92124.0,-6873.384485165278
92125.0,-6873.401802639167
92126.0,-6873.419120113055
92127.0,-6873.436437586944
92128.0,-6873.453755060832
92129.0,-6873.47107253472
92130.0,-6873.488390008609
92131.0,-6873.505707482497
92132.0,-6873.523024956386
92133.0,-6873.540342430274
92134.0,-6873.557659904162
92135.0,-6873.574977378051
92136.0,-6873.592294851939
92137.0,-6873.609612325828
92138.0,-6873.626929799716
92139.0,-6873.644247273604
92140.0,-6873.661564747493
92141.0,-6873.678882221381
92142.0,-6873.69619969527
92143.0,-6873.713517169158
92144.0,-6873.730834643046
92145.0,-6873.748152116935
92146.0,-6873.765469590823
92147.0,-6873.782787064712
92148.0,-6873.8001045386
92149.0,-6873.817422012488
92150.0,-6873.834739486377
92151.0,-6873.852056960265
92152.0,-6873.8693744341535
92153.0,-6873.886691908042
92154.0,-6873.90400938193
92155.0,-6873.921326855819
92156.0,-6873.938644329707
92157.0,-6873.9559618035955
92158.0,-6873.973279277484
92159.0,-6873.990596751372
92160.0,-6874.007914225261
92161.0,-6874.044691632192
92162.0,-6874.081469039123
92163.0,-6874.1182464460535
92164.0,-6874.155023852984
92165.0,-6874.191801259915
92166.0,-6874.228578666846
92167.0,-6874.265356073777
92168.0,-6874.302133480708
92169.0,-6874.338910887639
92170.0,-6874.37568829457
92171.0,-6874.412465701501
92172.0,-6874.449243108432
92173.0,-6874.486020515363
92174.0,-6874.522797922294
92175.0,-6874.559575329225
92176.0,-6874.5963527361555
92177.0,-6874.633130143086
92178.0,-6874.669907550017
92179.0,-6874.706684956948
92180.0,-6874.743462363879
92181.0,-6874.78023977081
92182.0,-6874.817017177741
92183.0,-6874.853794584672
92184.0,-6874.890571991603
92185.0,-6874.927349398534
92186.0,-6874.964126805465
92187.0,-6875.000904212396
92188.0,-6875.037681619327
92189.0,-6875.0744590262575
92190.0,-6875.111236433188
92191.0,-6875.148013840119
92192.0,-6875.18479124705
92193.0,-6875.221568653981
92194.0,-6875.258346060912
92195.0,-6875.295123467843
92196.0,-6875.331900874774
92197.0,-6875.368678281705
92198.0,-6875.405455688636
92199.0,-6875.442233095567
92200.0,-6875.479010502498
92201.0,-6875.515787909429
92202.0,-6875.5525653163595
92203.0,-6875.58934272329
92204.0,-6875.626120130221
92205.0,-6875.662897537152
92206.0,-6875.699674944083
92207.0,-6875.736452351014
92208.0,-6875.773229757945
92209.0,-6875.810007164876
92210.0,-6875.846784571807
92211.0,-6875.883561978738
92212.0,-6875.920339385669
92213.0,-6875.9571167926
92214.0,-6875.993894199531
92215.0,-6876.0306716064615
92216.0,-6876.067449013392
92217.0,-6876.104226420323
92218.0,-6876.141003827254
92219.0,-6876.177781234185
92220.0,-6876.214558641116
92221.0,-6876.251336048047
92222.0,-6876.288113454978
92223.0,-6876.324890861909
92224.0,-6876.36166826884
92225.0,-6876.398445675771
92226.0,-6876.435223082702
92227.0,-6876.472000489633
92228.0,-6876.5087778965635
92229.0,-6876.545555303494
92230.0,-6876.582332710425
92231.0,-6876.619110117356
92232.0,-6876.655887524287
92233.0,-6876.692664931218
92234.0,-6876.729442338149
92235.0,-6876.76621974508
92236.0,-6876.802997152011
92237.0,-6876.839774558942
92238.0,-6876.876551965873
92239.0,-6876.913329372804
92240.0,-6876.950106779735
92241.0,-6876.9868841866655
92242.0,-6877.023661593596
92243.0,-6877.060439000527
92244.0,-6877.097216407458
92245.0,-6877.133993814389
92246.0,-6877.17077122132
92247.0,-6877.207548628251
92248.0,-6877.244326035182
92249.0,-6877.281103442113
92250.0,-6877.317880849044
92251.0,-6877.354658255975
92252.0,-6877.391435662906
92253.0,-6877.428213069837
92254.0,-6877.4649904767675
92255.0,-6877.501767883698
92256.0,-6877.538545290629
92257.0,-6877.57532269756
92258.0,-6877.612100104491
92259.0,-6877.648877511422
92260.0,-6877.685654918353
92261.0,-6877.722432325284
92262.0,-6877.759209732215
92263.0,-6877.795987139146
92264.0,-6877.832764546077
92265.0,-6877.869541953008
92266.0,-6877.906319359939
92267.0,-6877.9430967668695
92268.0,-6877.9798741738
92269.0,-6878.016651580731
92270.0,-6878.053428987662
92271.0,-6878.090206394593
92272.0,-6878.126983801524
92273.0,-6878.163761208455
92274.0,-6878.200538615386
92275.0,-6878.237316022317
92276.0,-6878.274093429248
92277.0,-6878.310870836179
92278.0,-6878.34764824311
92279.0,-6878.384425650041
92280.0,-6878.4212030569715
92281.0,-6878.4579804639025
92282.0,-6878.494757870833
92283.0,-6878.531535277764
92284.0,-6878.568312684695
92285.0,-6878.605090091626
92286.0,-6878.641867498557
92287.0,-6878.678644905488
92288.0,-6878.715422312419
92289.0,-6878.75219971935
92290.0,-6878.788977126281
92291.0,-6878.825754533212
92292.0,-6878.862531940143
92293.0,-6878.8993093470735
92294.0,-6878.9360867540045
92295.0,-6878.972864160935
92296.0,-6879.009641567866
92297.0,-6879.046418974797
92298.0,-6879.083196381728
92299.0,-6879.119973788659
92300.0,-6879.15675119559
92301.0,-6879.193528602521
92302.0,-6879.230306009452
92303.0,-6879.267083416383
92304.0,-6879.303860823314
92305.0,-6879.340638230245
92306.0,-6879.377415637176
92307.0,-6879.4141930441065
92308.0,-6879.450970451037
92309.0,-6879.487747857968
92310.0,-6879.524525264899
92311.0,-6879.56130267183
92312.0,-6879.598080078761
92313.0,-6879.634857485692
92314.0,-6879.671634892623
92315.0,-6879.708412299554
92316.0,-6879.745189706485
92317.0,-6879.781967113416
92318.0,-6879.818744520347
92319.0,-6879.855521927278
92320.0,-6879.8922993342085
92321.0,-6879.929076741139
92322.0,-6879.96585414807
92323.0,-6880.002631555001
92324.0,-6880.039408961932
92325.0,-6880.076186368863
92326.0,-6880.112963775794
92327.0,-6880.149741182725
92328.0,-6880.186518589656
92329.0,-6880.223295996587
92330.0,-6880.260073403518
92331.0,-6880.296850810449
92332.0,-6880.33362821738
92333.0,-6880.3704056243105
92334.0,-6880.407183031241
92335.0,-6880.443960438172
92336.0,-6880.480737845103
92337.0,-6880.517515252034
92338.0,-6880.554292658965
92339.0,-6880.591070065896
92340.0,-6880.627847472827
92341.0,-6880.664624879758
92342.0,-6880.701402286689
92343.0,-6880.73817969362
92344.0,-6880.774957100551
92345.0,-6880.811734507482
92346.0,-6880.8485119144125
92347.0,-6880.885289321343
92348.0,-6880.922066728274
92349.0,-6880.958844135205
92350.0,-6880.995621542136
92351.0,-6881.032398949067
92352.0,-6881.069176355998
92353.0,-6881.105953762929
92354.0,-6881.14273116986
92355.0,-6881.179508576791
92356.0,-6881.216285983722
92357.0,-6881.253063390653
92358.0,-6881.289840797584
92359.0,-6881.3266182045145
92360.0,-6881.363395611445
92361.0,-6881.400173018376
92362.0,-6881.436950425307
92363.0,-6881.473727832238
92364.0,-6881.510505239169
92365.0,-6881.5472826461
92366.0,-6881.584060053031
92367.0,-6881.620837459962
92368.0,-6881.657614866893
92369.0,-6881.694392273824
92370.0,-6881.731169680755
92371.0,-6881.767947087686
92372.0,-6881.8047244946165
92373.0,-6881.841501901547
92374.0,-6881.878279308478
92375.0,-6881.915056715409
92376.0,-6881.95183412234
92377.0,-6881.988611529271
92378.0,-6882.025388936202
92379.0,-6882.062166343133
92380.0,-6882.098943750064
92381.0,-6882.135721156995
92382.0,-6882.172498563926
92383.0,-6882.209275970857
92384.0,-6882.246053377788
92385.0,-6882.2828307847185
92386.0,-6882.319608191649
92387.0,-6882.35638559858
92388.0,-6882.393163005511
92389.0,-6882.429940412442
92390.0,-6882.466717819373
92391.0,-6882.503495226304
92392.0,-6882.540272633235
92393.0,-6882.577050040166
92394.0,-6882.613827447097
92395.0,-6882.650604854028
92396.0,-6882.687382260959
92397.0,-6882.72415966789
92398.0,-6882.7609370748205
92399.0,-6882.797714481751
92400.0,-6882.834491888682
92401.0,-6882.871269295613
92402.0,-6882.908046702544
92403.0,-6882.944824109475
92404.0,-6882.981601516406
92405.0,-6883.018378923337
92406.0,-6883.055156330268
92407.0,-6883.091933737199
92408.0,-6883.12871114413
92409.0,-6883.165488551061
92410.0,-6883.202265957992
92411.0,-6883.2390433649225
92412.0,-6883.275820771853
92413.0,-6883.312598178784
92414.0,-6883.349375585715
92415.0,-6883.386152992646
92416.0,-6883.422930399577
92417.0,-6883.459707806508
92418.0,-6883.496485213439
92419.0,-6883.53326262037
92420.0,-6883.570040027301
92421.0,-6883.606817434232
92422.0,-6883.643594841163
92423.0,-6883.680372248094
92424.0,-6883.7171496550245
92425.0,-6883.753927061955
92426.0,-6883.790704468886
92427.0,-6883.827481875817
92428.0,-6883.864259282748
92429.0,-6883.901036689679
92430.0,-6883.93781409661
92431.0,-6883.974591503541
92432.0,-6884.011368910472
92433.0,-6884.048146317403
92434.0,-6884.084923724334
92435.0,-6884.121701131265
92436.0,-6884.158478538196
92437.0,-6884.1952559451265
92438.0,-6884.232033352057
92439.0,-6884.268810758988
92440.0,-6884.305588165919
92441.0,-6884.34236557285
92442.0,-6884.379142979781
92443.0,-6884.415920386712
92444.0,-6884.452697793643
92445.0,-6884.489475200574
92446.0,-6884.526252607505
92447.0,-6884.563030014436
92448.0,-6884.599807421367
92449.0,-6884.636584828298
92450.0,-6884.6733622352285
92451.0,-6884.710139642159
92452.0,-6884.74691704909
92453.0,-6884.783694456021
92454.0,-6884.820471862952
92455.0,-6884.857249269883
92456.0,-6884.894026676814
92457.0,-6884.930804083745
92458.0,-6884.967581490676
92459.0,-6885.004358897607
92460.0,-6885.041136304538
92461.0,-6885.077913711469
92462.0,-6885.1146911184
92463.0,-6885.1514685253305
92464.0,-6885.188245932261
92465.0,-6885.225023339192
92466.0,-6885.261800746123
92467.0,-6885.298578153054
92468.0,-6885.335355559985
92469.0,-6885.372132966916
92470.0,-6885.408910373847
92471.0,-6885.445687780778
92472.0,-6885.482465187709
92473.0,-6885.51924259464
92474.0,-6885.556020001571
92475.0,-6885.592797408502
92476.0,-6885.6295748154325
92477.0,-6885.6663522223635
92478.0,-6885.703129629294
92479.0,-6885.739907036225
92480.0,-6885.776684443156
92481.0,-6885.813461850087
92482.0,-6885.850239257018
92483.0,-6885.887016663949
92484.0,-6885.92379407088
92485.0,-6885.960571477811
92486.0,-6885.997348884742
92487.0,-6886.034126291673
92488.0,-6886.070903698604
92489.0,-6886.1076811055345
92490.0,-6886.1444585124655
92491.0,-6886.181235919396
92492.0,-6886.218013326327
92493.0,-6886.254790733258
92494.0,-6886.291568140189
92495.0,-6886.32834554712
92496.0,-6886.365122954051
92497.0,-6886.401900360982
92498.0,-6886.438677767913
92499.0,-6886.475455174844
92500.0,-6886.512232581775
92501.0,-6886.549009988706
92502.0,-6886.5857873956365
92503.0,-6886.6225648025675
92504.0,-6886.659342209498
92505.0,-6886.696119616429
92506.0,-6886.73289702336
92507.0,-6886.769674430291
92508.0,-6886.806451837222
92509.0,-6886.843229244153
92510.0,-6886.880006651084
92511.0,-6886.916784058015
92512.0,-6886.953561464946
92513.0,-6886.990338871877
92514.0,-6887.027116278808
92515.0,-6887.063893685739
92516.0,-6887.1006710926695
92517.0,-6887.1374484996
92518.0,-6887.174225906531
92519.0,-6887.211003313462
92520.0,-6887.247780720393
92521.0,-6887.284558127324
92522.0,-6887.321335534255
92523.0,-6887.358112941186
92524.0,-6887.394890348117
92525.0,-6887.431667755048
92526.0,-6887.468445161979
92527.0,-6887.50522256891
92528.0,-6887.541999975841
92529.0,-6887.5787773827715
92530.0,-6887.615554789702
92531.0,-6887.652332196633
92532.0,-6887.689109603564
92533.0,-6887.725887010495
92534.0,-6887.762664417426
92535.0,-6887.799441824357
92536.0,-6887.836219231288
92537.0,-6887.872996638219
92538.0,-6887.90977404515
92539.0,-6887.946551452081
92540.0,-6887.983328859012
92541.0,-6888.020106265943
92542.0,-6888.0568836728735
92543.0,-6888.093661079804
92544.0,-6888.130438486735
92545.0,-6888.167215893666
92546.0,-6888.203993300597
92547.0,-6888.240770707528
92548.0,-6888.277548114459
92549.0,-6888.31432552139
92550.0,-6888.351102928321
92551.0,-6888.387880335252
92552.0,-6888.424657742183
92553.0,-6888.461435149114
92554.0,-6888.498212556045
92555.0,-6888.5349899629755
92556.0,-6888.571767369906
92557.0,-6888.608544776837
92558.0,-6888.645322183768
92559.0,-6888.682099590699
92560.0,-6888.71887699763
92561.0,-6888.755654404561
92562.0,-6888.792431811492
92563.0,-6888.829209218423
92564.0,-6888.865986625354
92565.0,-6888.902764032285
92566.0,-6888.939541439216
92567.0,-6888.976318846147
92568.0,-6889.0130962530775
92569.0,-6889.049873660008
92570.0,-6889.086651066939
92571.0,-6889.12342847387
92572.0,-6889.160205880801
92573.0,-6889.196983287732
92574.0,-6889.233760694663
92575.0,-6889.270538101594
92576.0,-6889.307315508525
92577.0,-6889.344092915456
92578.0,-6889.380870322387
92579.0,-6889.417647729318
92580.0,-6889.454425136249
92581.0,-6889.4912025431795
92582.0,-6889.52797995011
92583.0,-6889.564757357041
92584.0,-6889.601534763972
92585.0,-6889.638312170903
92586.0,-6889.675089577834
92587.0,-6889.711866984765
92588.0,-6889.748644391696
92589.0,-6889.785421798627
92590.0,-6889.822199205558
92591.0,-6889.858976612489
92592.0,-6889.89575401942
92593.0,-6889.932531426351
92594.0,-6889.9693088332815
92595.0,-6890.006086240212
92596.0,-6890.042863647143
92597.0,-6890.079641054074
92598.0,-6890.116418461005
92599.0,-6890.153195867936
92600.0,-6890.189973274867
92601.0,-6890.226750681798
92602.0,-6890.263528088729
92603.0,-6890.30030549566
92604.0,-6890.337082902591
92605.0,-6890.373860309522
92606.0,-6890.410637716453
92607.0,-6890.4474151233835
92608.0,-6890.484192530314
92609.0,-6890.520969937245
92610.0,-6890.557747344176
92611.0,-6890.594524751107
92612.0,-6890.631302158038
92613.0,-6890.668079564969
92614.0,-6890.7048569719
92615.0,-6890.741634378831
92616.0,-6890.778411785762
92617.0,-6890.815189192693
92618.0,-6890.851966599624
92619.0,-6890.888744006555
92620.0,-6890.9255214134855
92621.0,-6890.962298820416
92622.0,-6890.999076227347
92623.0,-6891.035853634278
92624.0,-6891.072631041209
92625.0,-6891.10940844814
92626.0,-6891.146185855071
92627.0,-6891.182963262002
92628.0,-6891.219740668933
92629.0,-6891.256518075864
92630.0,-6891.293295482795
92631.0,-6891.330072889726
92632.0,-6891.366850296657
92633.0,-6891.4036277035875
92634.0,-6891.440405110518
92635.0,-6891.477182517449
92636.0,-6891.51395992438
92637.0,-6891.550737331311
92638.0,-6891.587514738242
92639.0,-6891.624292145173
92640.0,-6891.661069552104
92641.0,-6891.697846959035
92642.0,-6891.734624365966
92643.0,-6891.771401772897
92644.0,-6891.808179179828
92645.0,-6891.844956586759
92646.0,-6891.8817339936895
92647.0,-6891.91851140062
92648.0,-6891.955288807551
92649.0,-6891.992066214482
92650.0,-6892.028843621413
92651.0,-6892.065621028344
92652.0,-6892.102398435275
92653.0,-6892.139175842206
92654.0,-6892.175953249137
92655.0,-6892.212730656068
92656.0,-6892.249508062999
92657.0,-6892.28628546993
92658.0,-6892.323062876861
92659.0,-6892.3598402837915
92660.0,-6892.396617690722
92661.0,-6892.433395097653
92662.0,-6892.470172504584
92663.0,-6892.506949911515
92664.0,-6892.543727318446
92665.0,-6892.580504725377
92666.0,-6892.617282132308
92667.0,-6892.654059539239
92668.0,-6892.69083694617
92669.0,-6892.727614353101
92670.0,-6892.764391760032
92671.0,-6892.801169166963
92672.0,-6892.8379465738935
92673.0,-6892.8747239808245
92674.0,-6892.911501387755
92675.0,-6892.948278794686
92676.0,-6892.985056201617
92677.0,-6893.021833608548
92678.0,-6893.058611015479
92679.0,-6893.09538842241
92680.0,-6893.132165829341
92681.0,-6893.168943236272
92682.0,-6893.205720643203
92683.0,-6893.242498050134
92684.0,-6893.279275457065
92685.0,-6893.3160528639955
92686.0,-6893.3528302709265
92687.0,-6893.389607677857
92688.0,-6893.426385084788
92689.0,-6893.463162491719
92690.0,-6893.49993989865
92691.0,-6893.536717305581
92692.0,-6893.573494712512
92693.0,-6893.610272119443
92694.0,-6893.647049526374
92695.0,-6893.683826933305
92696.0,-6893.720604340236
92697.0,-6893.757381747167
92698.0,-6893.7941591540975
92699.0,-6893.8309365610285
92700.0,-6893.867713967959
92701.0,-6893.90449137489
92702.0,-6893.941268781821
92703.0,-6893.978046188752
92704.0,-6894.014823595683
92705.0,-6894.051601002614
92706.0,-6894.088378409545
92707.0,-6894.125155816476
92708.0,-6894.161933223407
92709.0,-6894.198710630338
92710.0,-6894.235488037269
92711.0,-6894.2722654442
92712.0,-6894.3090428511305
92713.0,-6894.345820258061
92714.0,-6894.382597664992
92715.0,-6894.419375071923
92716.0,-6894.456152478854
92717.0,-6894.492929885785
92718.0,-6894.529707292716
92719.0,-6894.566484699647
92720.0,-6894.603262106578
92721.0,-6894.640039513509
92722.0,-6894.67681692044
92723.0,-6894.713594327371
92724.0,-6894.750371734302
92725.0,-6894.7871491412325
92726.0,-6894.823926548163
92727.0,-6894.860703955094
92728.0,-6894.897481362025
92729.0,-6894.934258768956
92730.0,-6894.971036175887
92731.0,-6895.007813582818
92732.0,-6895.044590989749
92733.0,-6895.08136839668
92734.0,-6895.118145803611
92735.0,-6895.154923210542
92736.0,-6895.191700617473
92737.0,-6895.228478024404
92738.0,-6895.2652554313345
92739.0,-6895.302032838265
92740.0,-6895.338810245196
92741.0,-6895.375587652127
92742.0,-6895.412365059058
92743.0,-6895.449142465989
92744.0,-6895.48591987292
92745.0,-6895.522697279851
92746.0,-6895.559474686782
92747.0,-6895.596252093713
92748.0,-6895.633029500644
92749.0,-6895.669806907575
92750.0,-6895.706584314506
92751.0,-6895.7433617214365
92752.0,-6895.780139128367
92753.0,-6895.816916535298
92754.0,-6895.853693942229
92755.0,-6895.89047134916
92756.0,-6895.927248756091
92757.0,-6895.964026163022
92758.0,-6896.000803569953
92759.0,-6896.037580976884
92760.0,-6896.074358383815
92761.0,-6896.111135790746
92762.0,-6896.147913197677
92763.0,-6896.184690604608
92764.0,-6896.2214680115385
92765.0,-6896.258245418469
92766.0,-6896.2950228254
92767.0,-6896.331800232331
92768.0,-6896.368577639262
92769.0,-6896.405355046193
92770.0,-6896.442132453124
92771.0,-6896.478909860055
92772.0,-6896.515687266986
92773.0,-6896.552464673917
92774.0,-6896.589242080848
92775.0,-6896.626019487779
92776.0,-6896.66279689471
92777.0,-6896.6995743016405
92778.0,-6896.736351708571
92779.0,-6896.773129115502
92780.0,-6896.809906522433
92781.0,-6896.846683929364
92782.0,-6896.883461336295
92783.0,-6896.920238743226
92784.0,-6896.957016150157
92785.0,-6896.993793557088
92786.0,-6897.030570964019
92787.0,-6897.06734837095
92788.0,-6897.104125777881
92789.0,-6897.140903184812
92790.0,-6897.1776805917425
92791.0,-6897.214457998673
92792.0,-6897.251235405604
92793.0,-6897.288012812535
92794.0,-6897.324790219466
92795.0,-6897.361567626397
92796.0,-6897.398345033328
92797.0,-6897.435122440259
92798.0,-6897.47189984719
92799.0,-6897.508677254121
92800.0,-6897.545454661052
92801.0,-6897.582232067983
92802.0,-6897.619009474914
92803.0,-6897.6557868818445
92804.0,-6897.692564288775
92805.0,-6897.729341695706
92806.0,-6897.766119102637
92807.0,-6897.802896509568
92808.0,-6897.839673916499
92809.0,-6897.87645132343
92810.0,-6897.913228730361
92811.0,-6897.950006137292
92812.0,-6897.986783544223
92813.0,-6898.023560951154
92814.0,-6898.060338358085
92815.0,-6898.097115765016
92816.0,-6898.1338931719465
92817.0,-6898.170670578877
92818.0,-6898.207447985808
92819.0,-6898.244225392739
92820.0,-6898.28100279967
92821.0,-6898.317780206601
92822.0,-6898.354557613532
92823.0,-6898.391335020463
92824.0,-6898.428112427394
92825.0,-6898.464889834325
92826.0,-6898.501667241256
92827.0,-6898.538444648187
92828.0,-6898.575222055118
92829.0,-6898.6119994620485
92830.0,-6898.648776868979
92831.0,-6898.68555427591
92832.0,-6898.722331682841
92833.0,-6898.759109089772
92834.0,-6898.795886496703
92835.0,-6898.832663903634
92836.0,-6898.869441310565
92837.0,-6898.906218717496
92838.0,-6898.942996124427
92839.0,-6898.979773531358
92840.0,-6899.016550938289
92841.0,-6899.05332834522
92842.0,-6899.0901057521505
92843.0,-6899.126883159081
92844.0,-6899.163660566012
92845.0,-6899.200437972943
92846.0,-6899.237215379874
92847.0,-6899.273992786805
92848.0,-6899.310770193736
92849.0,-6899.347547600667
92850.0,-6899.384325007598
92851.0,-6899.421102414529
92852.0,-6899.45787982146
92853.0,-6899.494657228391
92854.0,-6899.531434635322
92855.0,-6899.5682120422525
92856.0,-6899.604989449183
92857.0,-6899.641766856114
92858.0,-6899.678544263045
92859.0,-6899.715321669976
92860.0,-6899.752099076907
92861.0,-6899.788876483838
92862.0,-6899.825653890769
92863.0,-6899.8624312977
92864.0,-6899.899208704631
92865.0,-6899.935986111562
92866.0,-6899.972763518493
92867.0,-6900.009540925424
92868.0,-6900.0463183323545
92869.0,-6900.083095739285
92870.0,-6900.119873146216
92871.0,-6900.156650553147
92872.0,-6900.193427960078
92873.0,-6900.230205367009
92874.0,-6900.26698277394
92875.0,-6900.303760180871
92876.0,-6900.340537587802
92877.0,-6900.377314994733
92878.0,-6900.414092401664
92879.0,-6900.450869808595
92880.0,-6900.487647215526
92881.0,-6900.5244246224565
92882.0,-6900.5612020293875
92883.0,-6900.597979436318
92884.0,-6900.634756843249
92885.0,-6900.67153425018
92886.0,-6900.708311657111
92887.0,-6900.745089064042
92888.0,-6900.781866470973
92889.0,-6900.818643877904
92890.0,-6900.855421284835
92891.0,-6900.892198691766
92892.0,-6900.928976098697
92893.0,-6900.965753505628
92894.0,-6901.0025309125585
92895.0,-6901.0393083194895
92896.0,-6901.07608572642
92897.0,-6901.112863133351
92898.0,-6901.149640540282
92899.0,-6901.186417947213
92900.0,-6901.223195354144
92901.0,-6901.259972761075
92902.0,-6901.296750168006
92903.0,-6901.333527574937
92904.0,-6901.370304981868
92905.0,-6901.407082388799
92906.0,-6901.44385979573
92907.0,-6901.480637202661
92908.0,-6901.5174146095915
92909.0,-6901.554192016522
92910.0,-6901.590969423453
92911.0,-6901.627746830384
92912.0,-6901.664524237315
92913.0,-6901.701301644246
92914.0,-6901.738079051177
92915.0,-6901.774856458108
92916.0,-6901.811633865039
92917.0,-6901.84841127197
92918.0,-6901.885188678901
92919.0,-6901.921966085832
92920.0,-6901.958743492763
92921.0,-6901.9955208996935
92922.0,-6902.032298306624
92923.0,-6902.069075713555
92924.0,-6902.105853120486
92925.0,-6902.142630527417
92926.0,-6902.179407934348
92927.0,-6902.216185341279
92928.0,-6902.25296274821
92929.0,-6902.289740155141
92930.0,-6902.326517562072
92931.0,-6902.363294969003
92932.0,-6902.400072375934
92933.0,-6902.436849782865
92934.0,-6902.4736271897955
92935.0,-6902.510404596726
92936.0,-6902.547182003657
92937.0,-6902.583959410588
92938.0,-6902.620736817519
92939.0,-6902.65751422445
92940.0,-6902.694291631381
92941.0,-6902.731069038312
92942.0,-6902.767846445243
92943.0,-6902.804623852174
92944.0,-6902.841401259105
92945.0,-6902.878178666036
92946.0,-6902.914956072967
92947.0,-6902.9517334798975
92948.0,-6902.988510886828
92949.0,-6903.025288293759
92950.0,-6903.06206570069
92951.0,-6903.098843107621
92952.0,-6903.135620514552
92953.0,-6903.172397921483
92954.0,-6903.209175328414
92955.0,-6903.245952735345
92956.0,-6903.282730142276
92957.0,-6903.319507549207
92958.0,-6903.356284956138
92959.0,-6903.393062363069
92960.0,-6903.4298397699995
92961.0,-6903.46661717693
92962.0,-6903.503394583861
92963.0,-6903.540171990792
92964.0,-6903.576949397723
92965.0,-6903.613726804654
92966.0,-6903.650504211585
92967.0,-6903.687281618516
92968.0,-6903.724059025447
92969.0,-6903.760836432378
92970.0,-6903.797613839309
92971.0,-6903.83439124624
92972.0,-6903.871168653171
92973.0,-6903.9079460601015
92974.0,-6903.944723467032
92975.0,-6903.981500873963
92976.0,-6904.018278280894
92977.0,-6904.055055687825
92978.0,-6904.091833094756
92979.0,-6904.128610501687
92980.0,-6904.165387908618
92981.0,-6904.202165315549
92982.0,-6904.23894272248
92983.0,-6904.275720129411
92984.0,-6904.312497536342
92985.0,-6904.349274943273
92986.0,-6904.3860523502035
92987.0,-6904.422829757134
92988.0,-6904.459607164065
92989.0,-6904.496384570996
92990.0,-6904.533161977927
92991.0,-6904.569939384858
92992.0,-6904.606716791789
92993.0,-6904.64349419872
92994.0,-6904.680271605651
92995.0,-6904.717049012582
92996.0,-6904.753826419513
92997.0,-6904.790603826444
92998.0,-6904.827381233375
92999.0,-6904.8641586403055
93000.0,-6904.900936047236
93001.0,-6904.937713454167
93002.0,-6904.974490861098
93003.0,-6905.011268268029
93004.0,-6905.04804567496
93005.0,-6905.084823081891
93006.0,-6905.121600488822
93007.0,-6905.158377895753
93008.0,-6905.195155302684
93009.0,-6905.231932709615
93010.0,-6905.268710116546
93011.0,-6905.305487523477
93012.0,-6905.3422649304075
93013.0,-6905.379042337338
93014.0,-6905.415819744269
93015.0,-6905.4525971512
93016.0,-6905.489374558131
93017.0,-6905.526151965062
93018.0,-6905.562929371993
93019.0,-6905.599706778924
93020.0,-6905.636484185855
93021.0,-6905.673261592786
93022.0,-6905.710038999717
93023.0,-6905.746816406648
93024.0,-6905.783593813579
93025.0,-6905.8203712205095
93026.0,-6905.85714862744
93027.0,-6905.893926034371
93028.0,-6905.930703441302
93029.0,-6905.967480848233
93030.0,-6906.004258255164
93031.0,-6906.041035662095
93032.0,-6906.077813069026
93033.0,-6906.114590475957
93034.0,-6906.151367882888
93035.0,-6906.188145289819
93036.0,-6906.22492269675
93037.0,-6906.261700103681
93038.0,-6906.2984775106115
93039.0,-6906.335254917542
93040.0,-6906.372032324473
93041.0,-6906.408809731404
93042.0,-6906.445587138335
93043.0,-6906.482364545266
93044.0,-6906.519141952197
93045.0,-6906.555919359128
93046.0,-6906.592696766059
93047.0,-6906.62947417299
93048.0,-6906.666251579921
93049.0,-6906.703028986852
93050.0,-6906.739806393783
93051.0,-6906.7765838007135
93052.0,-6906.813361207644
93053.0,-6906.850138614575
93054.0,-6906.886916021506
93055.0,-6906.923693428437
93056.0,-6906.960470835368
93057.0,-6906.997248242299
93058.0,-6907.03402564923
93059.0,-6907.070803056161
93060.0,-6907.107580463092
93061.0,-6907.144357870023
93062.0,-6907.181135276954
93063.0,-6907.217912683885
93064.0,-6907.2546900908155
93065.0,-6907.291467497746
93066.0,-6907.328244904677
93067.0,-6907.365022311608
93068.0,-6907.401799718539
93069.0,-6907.43857712547
93070.0,-6907.475354532401
93071.0,-6907.512131939332
93072.0,-6907.548909346263
93073.0,-6907.585686753194
93074.0,-6907.622464160125
93075.0,-6907.659241567056
93076.0,-6907.696018973987
93077.0,-6907.7327963809175
93078.0,-6907.7695737878485
93079.0,-6907.806351194779
93080.0,-6907.84312860171
93081.0,-6907.879906008641
93082.0,-6907.916683415572
93083.0,-6907.953460822503
93084.0,-6907.990238229434
93085.0,-6908.027015636365
93086.0,-6908.063793043296
93087.0,-6908.100570450227
93088.0,-6908.137347857158
93089.0,-6908.174125264089
93090.0,-6908.2109026710195
93091.0,-6908.2476800779505
93092.0,-6908.284457484881
93093.0,-6908.321234891812
93094.0,-6908.358012298743
93095.0,-6908.394789705674
93096.0,-6908.431567112605
93097.0,-6908.468344519536
93098.0,-6908.505121926467
93099.0,-6908.541899333398
93100.0,-6908.578676740329
93101.0,-6908.61545414726
93102.0,-6908.652231554191
93103.0,-6908.6890089611215
93104.0,-6908.7257863680525
93105.0,-6908.762563774983
93106.0,-6908.799341181914
93107.0,-6908.836118588845
93108.0,-6908.872895995776
93109.0,-6908.909673402707
93110.0,-6908.946450809638
93111.0,-6908.983228216569
93112.0,-6909.0200056235
93113.0,-6909.056783030431
93114.0,-6909.093560437362
93115.0,-6909.130337844293
93116.0,-6909.167115251224
93117.0,-6909.2038926581545
93118.0,-6909.240670065085
93119.0,-6909.277447472016
93120.0,-6909.314224878947
93121.0,-6909.351002285878
93122.0,-6909.387779692809
93123.0,-6909.42455709974
93124.0,-6909.461334506671
93125.0,-6909.498111913602
93126.0,-6909.534889320533
93127.0,-6909.571666727464
93128.0,-6909.608444134395
93129.0,-6909.645221541326
93130.0,-6909.6819989482565
93131.0,-6909.718776355187
93132.0,-6909.755553762118
93133.0,-6909.792331169049
93134.0,-6909.82910857598
93135.0,-6909.865885982911
93136.0,-6909.902663389842
93137.0,-6909.939440796773
93138.0,-6909.976218203704
93139.0,-6910.012995610635
93140.0,-6910.049773017566
93141.0,-6910.086550424497
93142.0,-6910.123327831428
93143.0,-6910.1601052383585
93144.0,-6910.196882645289
93145.0,-6910.23366005222
93146.0,-6910.270437459151
93147.0,-6910.307214866082
93148.0,-6910.343992273013
93149.0,-6910.380769679944
93150.0,-6910.417547086875
93151.0,-6910.454324493806
93152.0,-6910.491101900737
93153.0,-6910.527879307668
93154.0,-6910.564656714599
93155.0,-6910.60143412153
93156.0,-6910.6382115284605
93157.0,-6910.674988935391
93158.0,-6910.711766342322
93159.0,-6910.748543749253
93160.0,-6910.785321156184
93161.0,-6910.822098563115
93162.0,-6910.858875970046
93163.0,-6910.895653376977
93164.0,-6910.932430783908
93165.0,-6910.969208190839
93166.0,-6911.00598559777
93167.0,-6911.042763004701
93168.0,-6911.079540411632
93169.0,-6911.1163178185625
93170.0,-6911.153095225493
93171.0,-6911.189872632424
93172.0,-6911.226650039355
93173.0,-6911.263427446286
93174.0,-6911.300204853217
93175.0,-6911.336982260148
93176.0,-6911.373759667079
93177.0,-6911.41053707401
93178.0,-6911.447314480941
93179.0,-6911.484091887872
93180.0,-6911.520869294803
93181.0,-6911.557646701734
93182.0,-6911.5944241086645
93183.0,-6911.631201515595
93184.0,-6911.667978922526
93185.0,-6911.655704935391
93186.0,-6911.643430948257
93187.0,-6911.631156961123
93188.0,-6911.618882973989
93189.0,-6911.606608986855
93190.0,-6911.594334999721
93191.0,-6911.582061012586
93192.0,-6911.569787025452
93193.0,-6911.557513038318
93194.0,-6911.545239051183
93195.0,-6911.532965064049
93196.0,-6911.520691076915
93197.0,-6911.50841708978
93198.0,-6911.496143102646
93199.0,-6911.483869115512
93200.0,-6911.471595128377
93201.0,-6911.459321141243
93202.0,-6911.447047154109
93203.0,-6911.434773166974
93204.0,-6911.42249917984
93205.0,-6911.410225192706
93206.0,-6911.397951205571
93207.0,-6911.385677218437
93208.0,-6911.373403231303
93209.0,-6911.361129244168
93210.0,-6911.348855257034
93211.0,-6911.3365812699
93212.0,-6911.324307282765
93213.0,-6911.312033295631
93214.0,-6911.299759308497
93215.0,-6911.2874853213625
93216.0,-6911.2752113342285
93217.0,-6911.2629373470945
93218.0,-6911.25066335996
93219.0,-6911.238389372826
93220.0,-6911.226115385692
93221.0,-6911.213841398557
93222.0,-6911.201567411423
93223.0,-6911.189293424289
93224.0,-6911.177019437154
93225.0,-6911.16474545002
93226.0,-6911.152471462886
93227.0,-6911.140197475751
93228.0,-6911.127923488617
93229.0,-6911.115649501483
93230.0,-6911.103375514348
93231.0,-6911.091101527214
93232.0,-6911.07882754008
93233.0,-6911.066553552945
93234.0,-6911.054279565811
93235.0,-6911.042005578677
93236.0,-6911.029731591542
93237.0,-6911.017457604408
93238.0,-6911.005183617274
93239.0,-6910.992909630139
93240.0,-6910.980635643005
93241.0,-6910.968361655871
93242.0,-6910.9560876687365
93243.0,-6910.9438136816025
93244.0,-6910.9315396944685
93245.0,-6910.919265707334
93246.0,-6910.9069917202
93247.0,-6910.894717733066
93248.0,-6910.882443745931
93249.0,-6910.870169758797
93250.0,-6910.857895771663
93251.0,-6910.845621784528
93252.0,-6910.833347797394
93253.0,-6910.82107381026
93254.0,-6910.808799823125
93255.0,-6910.796525835991
93256.0,-6910.784251848857
93257.0,-6910.771977861722
93258.0,-6910.759703874588
93259.0,-6910.747429887454
93260.0,-6910.735155900319
93261.0,-6910.722881913185
93262.0,-6910.710607926051
93263.0,-6910.698333938916
93264.0,-6910.686059951782
93265.0,-6910.673785964648
93266.0,-6910.661511977513
93267.0,-6910.649237990379
93268.0,-6910.636964003245
93269.0,-6910.62469001611
93270.0,-6910.612416028976
93271.0,-6910.600142041842
93272.0,-6910.5878680547075
93273.0,-6910.575594067574
93274.0,-6910.56332008044
93275.0,-6910.551046093305
93276.0,-6910.538772106171
93277.0,-6910.526498119037
93278.0,-6910.514224131902
93279.0,-6910.501950144768
93280.0,-6910.489676157634
93281.0,-6910.477402170499
93282.0,-6910.465128183365
93283.0,-6910.452854196231
93284.0,-6910.440580209096
93285.0,-6910.428306221962
93286.0,-6910.416032234828
93287.0,-6910.403758247693
93288.0,-6910.391484260559
93289.0,-6910.379210273425
93290.0,-6910.36693628629
93291.0,-6910.354662299156
93292.0,-6910.342388312022
93293.0,-6910.330114324887
93294.0,-6910.317840337753
93295.0,-6910.305566350619
93296.0,-6910.293292363484
93297.0,-6910.28101837635
93298.0,-6910.268744389216
93299.0,-6910.2564704020815
93300.0,-6910.2441964149475
93301.0,-6910.2319224278135
93302.0,-6910.219648440679
93303.0,-6910.207374453545
93304.0,-6910.195100466411
93305.0,-6910.182826479276
93306.0,-6910.170552492142
93307.0,-6910.158278505008
93308.0,-6910.146004517873
93309.0,-6910.133730530739
93310.0,-6910.121456543605
93311.0,-6910.10918255647
93312.0,-6910.096908569336
93313.0,-6910.084634582202
93314.0,-6910.072360595067
93315.0,-6910.060086607933
93316.0,-6910.047812620799
93317.0,-6910.035538633664
93318.0,-6910.02326464653
93319.0,-6910.010990659396
93320.0,-6909.998716672261
93321.0,-6909.986442685127
93322.0,-6909.974168697993
93323.0,-6909.961894710858
93324.0,-6909.949620723724
93325.0,-6909.93734673659
93326.0,-6909.9250727494555
93327.0,-6909.9127987623215
93328.0,-6909.9005247751875
93329.0,-6909.888250788053
93330.0,-6909.875976800919
93331.0,-6909.863702813785
93332.0,-6909.85142882665
93333.0,-6909.839154839516
93334.0,-6909.826880852382
93335.0,-6909.814606865247
93336.0,-6909.802332878113
93337.0,-6909.790058890979
93338.0,-6909.777784903844
93339.0,-6909.76551091671
93340.0,-6909.753236929576
93341.0,-6909.740962942441
93342.0,-6909.728688955307
93343.0,-6909.716414968173
93344.0,-6909.704140981038
93345.0,-6909.691866993904
93346.0,-6909.67959300677
93347.0,-6909.667319019635
93348.0,-6909.655045032501
93349.0,-6909.642771045367
93350.0,-6909.630497058232
93351.0,-6909.618223071098
93352.0,-6909.605949083964
93353.0,-6909.593675096829
93354.0,-6909.581401109695
93355.0,-6909.569127122561
93356.0,-6909.5568531354265
93357.0,-6909.5445791482925
93358.0,-6909.532305161159
93359.0,-6909.520031174024
93360.0,-6909.50775718689
93361.0,-6909.495483199756
93362.0,-6909.483209212621
93363.0,-6909.470935225487
93364.0,-6909.458661238353
93365.0,-6909.446387251218
93366.0,-6909.434113264084
93367.0,-6909.42183927695
93368.0,-6909.409565289815
93369.0,-6909.397291302681
93370.0,-6909.385017315547
93371.0,-6909.372743328412
93372.0,-6909.360469341278
93373.0,-6909.348195354144
93374.0,-6909.335921367009
93375.0,-6909.323647379875
93376.0,-6909.311373392741
93377.0,-6909.299099405606
93378.0,-6909.286825418472
93379.0,-6909.274551431338
93380.0,-6909.262277444203
93381.0,-6909.250003457069
93382.0,-6909.237729469935
93383.0,-6909.2254554828005
93384.0,-6909.2131814956665
93385.0,-6909.2009075085325
93386.0,-6909.188633521398
93387.0,-6909.176359534264
93388.0,-6909.16408554713
93389.0,-6909.151811559995
93390.0,-6909.139537572861
93391.0,-6909.127263585727
93392.0,-6909.114989598592
93393.0,-6909.102715611458
93394.0,-6909.090441624324
93395.0,-6909.078167637189
93396.0,-6909.065893650055
93397.0,-6909.053619662921
93398.0,-6909.041345675786
93399.0,-6909.029071688652
93400.0,-6909.016797701518
93401.0,-6909.004523714383
93402.0,-6908.992249727249
93403.0,-6908.979975740115
93404.0,-6908.96770175298
93405.0,-6908.955427765846
93406.0,-6908.943153778712
93407.0,-6908.930879791577
93408.0,-6908.918605804443
93409.0,-6908.906331817309
93410.0,-6908.8940578301745
93411.0,-6908.8817838430405
93412.0,-6908.8695098559065
93413.0,-6908.857235868772
93414.0,-6908.844961881638
93415.0,-6908.832687894504
93416.0,-6908.820413907369
93417.0,-6908.808139920235
93418.0,-6908.795865933101
93419.0,-6908.783591945966
93420.0,-6908.771317958832
93421.0,-6908.759043971698
93422.0,-6908.746769984563
93423.0,-6908.734495997429
93424.0,-6908.722222010295
93425.0,-6908.70994802316
93426.0,-6908.697674036026
93427.0,-6908.685400048892
93428.0,-6908.673126061757
93429.0,-6908.660852074623
93430.0,-6908.648578087489
93431.0,-6908.636304100354
93432.0,-6908.62403011322
93433.0,-6908.611756126086
93434.0,-6908.599482138951
93435.0,-6908.587208151817
93436.0,-6908.574934164683
93437.0,-6908.562660177548
93438.0,-6908.550386190414
93439.0,-6908.53811220328
93440.0,-6908.5258382161455
93441.0,-6908.5135642290115
93442.0,-6908.5012902418775
93443.0,-6908.489016254743
93444.0,-6908.476742267609
93445.0,-6908.464468280475
93446.0,-6908.45219429334
93447.0,-6908.439920306206
93448.0,-6908.427646319072
93449.0,-6908.415372331937
93450.0,-6908.403098344803
93451.0,-6908.390824357669
93452.0,-6908.378550370534
93453.0,-6908.3662763834
93454.0,-6908.354002396266
93455.0,-6908.341728409131
93456.0,-6908.329454421997
93457.0,-6908.317180434863
93458.0,-6908.304906447728
93459.0,-6908.292632460594
93460.0,-6908.28035847346
93461.0,-6908.268084486325
93462.0,-6908.255810499191
93463.0,-6908.243536512057
93464.0,-6908.231262524922
93465.0,-6908.218988537788
93466.0,-6908.206714550654
93467.0,-6908.1944405635195
93468.0,-6908.1821665763855
93469.0,-6908.1698925892515
93470.0,-6908.157618602117
93471.0,-6908.145344614983
93472.0,-6908.133070627849
93473.0,-6908.120796640714
93474.0,-6908.10852265358
93475.0,-6908.096248666446
93476.0,-6908.083974679311
93477.0,-6908.071700692177
93478.0,-6908.059426705043
93479.0,-6908.047152717908
93480.0,-6908.034878730774
93481.0,-6908.02260474364
93482.0,-6908.010330756505
93483.0,-6907.998056769371
93484.0,-6907.985782782237
93485.0,-6907.973508795102
93486.0,-6907.961234807968
93487.0,-6907.948960820834
93488.0,-6907.936686833699
93489.0,-6907.924412846565
93490.0,-6907.912138859431
93491.0,-6907.899864872296
93492.0,-6907.887590885162
93493.0,-6907.875316898028
93494.0,-6907.8630429108935
93495.0,-6907.8507689237595
93496.0,-6907.8384949366255
93497.0,-6907.826220949491
93498.0,-6907.813946962357
93499.0,-6907.801672975223
93500.0,-6907.789398988088
93501.0,-6907.777125000954
93502.0,-6907.76485101382
93503.0,-6907.752577026685
93504.0,-6907.740303039551
93505.0,-6907.728029052417
93506.0,-6907.715755065282
93507.0,-6907.703481078148
93508.0,-6907.691207091014
93509.0,-6907.678933103879
93510.0,-6907.666659116745
93511.0,-6907.654385129611
93512.0,-6907.642111142476
93513.0,-6907.629837155342
93514.0,-6907.617563168208
93515.0,-6907.605289181073
93516.0,-6907.593015193939
93517.0,-6907.580741206805
93518.0,-6907.56846721967
93519.0,-6907.556193232536
93520.0,-6907.543919245402
93521.0,-6907.531645258267
93522.0,-6907.519371271133
93523.0,-6907.507097283999
93524.0,-6907.4948232968645
93525.0,-6907.4825493097305
93526.0,-6907.4702753225965
93527.0,-6907.458001335462
93528.0,-6907.445727348328
93529.0,-6907.433453361194
93530.0,-6907.421179374059
93531.0,-6907.408905386925
93532.0,-6907.396631399791
93533.0,-6907.384357412656
93534.0,-6907.372083425522
93535.0,-6907.359809438388
93536.0,-6907.347535451253
93537.0,-6907.335261464119
93538.0,-6907.322987476985
93539.0,-6907.31071348985
93540.0,-6907.298439502716
93541.0,-6907.286165515582
93542.0,-6907.273891528447
93543.0,-6907.261617541313
93544.0,-6907.249343554179
93545.0,-6907.237069567044
93546.0,-6907.22479557991
93547.0,-6907.212521592776
93548.0,-6907.200247605641
93549.0,-6907.187973618507
93550.0,-6907.175699631373
93551.0,-6907.1634256442385
93552.0,-6907.1511516571045
93553.0,-6907.1388776699705
93554.0,-6907.126603682836
93555.0,-6907.114329695702
93556.0,-6907.102055708568
93557.0,-6907.089781721433
93558.0,-6907.077507734299
93559.0,-6907.065233747165
93560.0,-6907.05295976003
93561.0,-6907.040685772896
93562.0,-6907.028411785762
93563.0,-6907.016137798627
93564.0,-6907.003863811493
93565.0,-6906.991589824359
93566.0,-6906.979315837224
93567.0,-6906.96704185009
93568.0,-6906.954767862956
93569.0,-6906.942493875821
93570.0,-6906.930219888687
93571.0,-6906.917945901553
93572.0,-6906.905671914418
93573.0,-6906.893397927284
93574.0,-6906.88112394015
93575.0,-6906.868849953015
93576.0,-6906.856575965881
93577.0,-6906.844301978747
93578.0,-6906.832027991612
93579.0,-6906.819754004478
93580.0,-6906.8074800173445
93581.0,-6906.79520603021
93582.0,-6906.782932043076
93583.0,-6906.770658055942
93584.0,-6906.758384068807
93585.0,-6906.746110081673
93586.0,-6906.733836094539
93587.0,-6906.721562107404
93588.0,-6906.70928812027
93589.0,-6906.697014133136
93590.0,-6906.684740146001
93591.0,-6906.672466158867
93592.0,-6906.660192171733
93593.0,-6906.647918184598
93594.0,-6906.635644197464
93595.0,-6906.62337021033
93596.0,-6906.611096223195
93597.0,-6906.598822236061
93598.0,-6906.586548248927
93599.0,-6906.574274261792
93600.0,-6906.562000274658
93601.0,-6906.549726287524
93602.0,-6906.537452300389
93603.0,-6906.525178313255
93604.0,-6906.512904326121
93605.0,-6906.500630338986
93606.0,-6906.488356351852
93607.0,-6906.476082364718
93608.0,-6906.4638083775835
93609.0,-6906.4515343904495
93610.0,-6906.4392604033155
93611.0,-6906.426986416181
93612.0,-6906.414712429047
93613.0,-6906.402438441913
93614.0,-6906.390164454778
93615.0,-6906.377890467644
93616.0,-6906.36561648051
93617.0,-6906.353342493375
93618.0,-6906.341068506241
93619.0,-6906.328794519107
93620.0,-6906.316520531972
93621.0,-6906.304246544838
93622.0,-6906.291972557704
93623.0,-6906.279698570569
93624.0,-6906.267424583435
93625.0,-6906.255150596301
93626.0,-6906.242876609166
93627.0,-6906.230602622032
93628.0,-6906.218328634898
93629.0,-6906.206054647763
93630.0,-6906.193780660629
93631.0,-6906.181506673495
93632.0,-6906.16923268636
93633.0,-6906.156958699226
93634.0,-6906.144684712092
93635.0,-6906.1324107249575
93636.0,-6906.1201367378235
93637.0,-6906.1078627506895
93638.0,-6906.095588763555
93639.0,-6906.083314776421
93640.0,-6906.071040789287
93641.0,-6906.058766802152
93642.0,-6906.046492815018
93643.0,-6906.034218827884
93644.0,-6906.021944840749
93645.0,-6906.009670853615
93646.0,-6905.997396866481
93647.0,-6905.985122879346
93648.0,-6905.972848892212
93649.0,-6905.960574905078
93650.0,-6905.948300917943
93651.0,-6905.936026930809
93652.0,-6905.923752943675
93653.0,-6905.91147895654
93654.0,-6905.899204969406
93655.0,-6905.886930982272
93656.0,-6905.874656995137
93657.0,-6905.862383008003
93658.0,-6905.850109020869
93659.0,-6905.837835033734
93660.0,-6905.8255610466
93661.0,-6905.813287059466
93662.0,-6905.801013072331
93663.0,-6905.788739085197
93664.0,-6905.776465098063
93665.0,-6905.764191110929
93666.0,-6905.751917123795
93667.0,-6905.739643136661
93668.0,-6905.727369149526
93669.0,-6905.715095162392
93670.0,-6905.702821175258
93671.0,-6905.690547188123
93672.0,-6905.678273200989
93673.0,-6905.665999213855
93674.0,-6905.65372522672
93675.0,-6905.641451239586
93676.0,-6905.629177252452
93677.0,-6905.616903265317
93678.0,-6905.604629278183
93679.0,-6905.592355291049
93680.0,-6905.580081303914
93681.0,-6905.56780731678
93682.0,-6905.555533329646
93683.0,-6905.543259342511
93684.0,-6905.530985355377
93685.0,-6905.518711368243
93686.0,-6905.506437381108
93687.0,-6905.494163393974
93688.0,-6905.48188940684
93689.0,-6905.469615419705
93690.0,-6905.457341432571
93691.0,-6905.445067445437
93692.0,-6905.4327934583025
93693.0,-6905.4205194711685
93694.0,-6905.4082454840345
93695.0,-6905.3959714969
93696.0,-6905.383697509766
93697.0,-6905.371423522632
93698.0,-6905.359149535497
93699.0,-6905.346875548363
93700.0,-6905.334601561229
93701.0,-6905.322327574094
93702.0,-6905.31005358696
93703.0,-6905.297779599826
93704.0,-6905.285505612691
93705.0,-6905.273231625557
93706.0,-6905.260957638423
93707.0,-6905.248683651288
93708.0,-6905.236409664154
93709.0,-6905.22413567702
93710.0,-6905.211861689885
93711.0,-6905.199587702751
93712.0,-6905.187313715617
93713.0,-6905.175039728482
93714.0,-6905.162765741348
93715.0,-6905.150491754214
93716.0,-6905.138217767079
93717.0,-6905.125943779945
93718.0,-6905.113669792811
93719.0,-6905.1013958056765
93720.0,-6905.0891218185425
93721.0,-6905.0768478314085
93722.0,-6905.064573844274
93723.0,-6905.05229985714
93724.0,-6905.040025870006
93725.0,-6905.027751882871
93726.0,-6905.015477895737
93727.0,-6905.003203908603
93728.0,-6904.990929921468
93729.0,-6904.978655934334
93730.0,-6904.9663819472
93731.0,-6904.954107960065
93732.0,-6904.941833972931
93733.0,-6904.929559985797
93734.0,-6904.917285998662
93735.0,-6904.905012011528
93736.0,-6904.892738024394
93737.0,-6904.880464037259
93738.0,-6904.868190050125
93739.0,-6904.855916062991
93740.0,-6904.843642075856
93741.0,-6904.831368088722
93742.0,-6904.819094101588
93743.0,-6904.806820114453
93744.0,-6904.794546127319
93745.0,-6904.782272140185
93746.0,-6904.76999815305
93747.0,-6904.757724165916
93748.0,-6904.745450178782
93749.0,-6904.7331761916475
93750.0,-6904.720902204514
93751.0,-6904.70862821738
93752.0,-6904.696354230245
93753.0,-6904.684080243111
93754.0,-6904.671806255977
93755.0,-6904.659532268842
93756.0,-6904.647258281708
93757.0,-6904.634984294574
93758.0,-6904.622710307439
93759.0,-6904.610436320305
93760.0,-6904.598162333171
93761.0,-6904.585888346036
93762.0,-6904.573614358902
93763.0,-6904.561340371768
93764.0,-6904.549066384633
93765.0,-6904.536792397499
93766.0,-6904.524518410365
93767.0,-6904.51224442323
93768.0,-6904.499970436096
93769.0,-6904.487696448962
93770.0,-6904.475422461827
93771.0,-6904.463148474693
93772.0,-6904.450874487559
93773.0,-6904.438600500424
93774.0,-6904.42632651329
93775.0,-6904.414052526156
93776.0,-6904.4017785390215
93777.0,-6904.3895045518875
93778.0,-6904.3772305647535
93779.0,-6904.364956577619
93780.0,-6904.352682590485
93781.0,-6904.340408603351
93782.0,-6904.328134616216
93783.0,-6904.315860629082
93784.0,-6904.303586641948
93785.0,-6904.291312654813
93786.0,-6904.279038667679
93787.0,-6904.266764680545
93788.0,-6904.25449069341
93789.0,-6904.242216706276
93790.0,-6904.229942719142
93791.0,-6904.217668732007
93792.0,-6904.205394744873
93793.0,-6904.193120757739
93794.0,-6904.180846770604
93795.0,-6904.16857278347
93796.0,-6904.156298796336
93797.0,-6904.144024809201
93798.0,-6904.131750822067
93799.0,-6904.119476834933
93800.0,-6904.107202847798
93801.0,-6904.094928860664
93802.0,-6904.08265487353
93803.0,-6904.0703808863955
93804.0,-6904.0581068992615
93805.0,-6904.0458329121275
93806.0,-6904.033558924993
93807.0,-6904.021284937859
93808.0,-6904.009010950725
93809.0,-6903.99673696359
93810.0,-6903.984462976456
93811.0,-6903.972188989322
93812.0,-6903.959915002187
93813.0,-6903.947641015053
93814.0,-6903.935367027919
93815.0,-6903.923093040784
93816.0,-6903.91081905365
93817.0,-6903.898545066516
93818.0,-6903.886271079381
93819.0,-6903.873997092247
93820.0,-6903.861723105113
93821.0,-6903.849449117978
93822.0,-6903.837175130844
93823.0,-6903.82490114371
93824.0,-6903.812627156575
93825.0,-6903.800353169441
93826.0,-6903.788079182307
93827.0,-6903.775805195172
93828.0,-6903.763531208038
93829.0,-6903.751257220904
93830.0,-6903.738983233769
93831.0,-6903.726709246635
93832.0,-6903.714435259501
93833.0,-6903.7021612723665
93834.0,-6903.6898872852325
93835.0,-6903.677613298099
93836.0,-6903.665339310964
93837.0,-6903.65306532383
93838.0,-6903.640791336696
93839.0,-6903.628517349561
93840.0,-6903.616243362427
93841.0,-6903.603969375293
93842.0,-6903.591695388158
93843.0,-6903.579421401024
93844.0,-6903.56714741389
93845.0,-6903.554873426755
93846.0,-6903.542599439621
93847.0,-6903.530325452487
93848.0,-6903.518051465352
93849.0,-6903.505777478218
93850.0,-6903.493503491084
93851.0,-6903.481229503949
93852.0,-6903.468955516815
93853.0,-6903.456681529681
93854.0,-6903.444407542546
93855.0,-6903.432133555412
93856.0,-6903.419859568278
93857.0,-6903.407585581143
93858.0,-6903.395311594009
93859.0,-6903.383037606875
93860.0,-6903.3707636197405
93861.0,-6903.3584896326065
93862.0,-6903.3462156454725
93863.0,-6903.333941658338
93864.0,-6903.321667671204
93865.0,-6903.30939368407
93866.0,-6903.297119696935
93867.0,-6903.284845709801
93868.0,-6903.272571722667
93869.0,-6903.260297735532
93870.0,-6903.248023748398
93871.0,-6903.235749761264
93872.0,-6903.223475774129
93873.0,-6903.211201786995
93874.0,-6903.198927799861
93875.0,-6903.186653812726
93876.0,-6903.174379825592
93877.0,-6903.162105838458
93878.0,-6903.149831851323
93879.0,-6903.137557864189
93880.0,-6903.125283877055
93881.0,-6903.11300988992
93882.0,-6903.100735902786
93883.0,-6903.088461915652
93884.0,-6903.076187928517
93885.0,-6903.063913941383
93886.0,-6903.051639954249
93887.0,-6903.0393659671145
93888.0,-6903.0270919799805
93889.0,-6903.0148179928465
93890.0,-6903.002544005712
93891.0,-6902.990270018578
93892.0,-6902.977996031444
93893.0,-6902.965722044309
93894.0,-6902.953448057175
93895.0,-6902.941174070041
93896.0,-6902.928900082906
93897.0,-6902.916626095772
93898.0,-6902.904352108638
93899.0,-6902.892078121503
93900.0,-6902.879804134369
93901.0,-6902.867530147235
93902.0,-6902.8552561601
93903.0,-6902.842982172966
93904.0,-6902.830708185832
93905.0,-6902.818434198697
93906.0,-6902.806160211563
93907.0,-6902.793886224429
93908.0,-6902.781612237294
93909.0,-6902.76933825016
93910.0,-6902.757064263026
93911.0,-6902.744790275891
93912.0,-6902.732516288757
93913.0,-6902.720242301623
93914.0,-6902.707968314488
93915.0,-6902.695694327354
93916.0,-6902.68342034022
93917.0,-6902.6711463530855
93918.0,-6902.6588723659515
93919.0,-6902.6465983788175
93920.0,-6902.634324391683
93921.0,-6902.622050404549
93922.0,-6902.609776417415
93923.0,-6902.59750243028
93924.0,-6902.585228443146
93925.0,-6902.572954456012
93926.0,-6902.560680468877
93927.0,-6902.548406481743
93928.0,-6902.536132494609
93929.0,-6902.523858507474
93930.0,-6902.51158452034
93931.0,-6902.499310533206
93932.0,-6902.487036546071
93933.0,-6902.474762558937
93934.0,-6902.462488571803
93935.0,-6902.450214584668
93936.0,-6902.437940597534
93937.0,-6902.4256666104
93938.0,-6902.413392623265
93939.0,-6902.401118636131
93940.0,-6902.388844648997
93941.0,-6902.376570661862
93942.0,-6902.364296674728
93943.0,-6902.352022687594
93944.0,-6902.3397487004595
93945.0,-6902.3274747133255
93946.0,-6902.3152007261915
93947.0,-6902.302926739057
93948.0,-6902.290652751923
93949.0,-6902.278378764789
93950.0,-6902.266104777654
93951.0,-6902.25383079052
93952.0,-6902.241556803386
93953.0,-6902.229282816251
93954.0,-6902.217008829117
93955.0,-6902.204734841983
93956.0,-6902.192460854848
93957.0,-6902.180186867714
93958.0,-6902.16791288058
93959.0,-6902.155638893445
93960.0,-6902.143364906311
93961.0,-6902.131090919177
93962.0,-6902.118816932042
93963.0,-6902.106542944908
93964.0,-6902.094268957774
93965.0,-6902.081994970639
93966.0,-6902.069720983505
93967.0,-6902.057446996371
93968.0,-6902.045173009236
93969.0,-6902.032899022102
93970.0,-6902.020625034968
93971.0,-6902.0083510478335
93972.0,-6901.9960770606995
93973.0,-6901.9838030735655
93974.0,-6901.971529086431
93975.0,-6901.959255099297
93976.0,-6901.946981112163
93977.0,-6901.934707125028
93978.0,-6901.922433137894
93979.0,-6901.91015915076
93980.0,-6901.897885163625
93981.0,-6901.885611176491
93982.0,-6901.873337189357
93983.0,-6901.861063202222
93984.0,-6901.848789215088
93985.0,-6901.836515227954
93986.0,-6901.824241240819
93987.0,-6901.811967253685
93988.0,-6901.799693266551
93989.0,-6901.787419279416
93990.0,-6901.775145292282
93991.0,-6901.762871305148
93992.0,-6901.750597318013
93993.0,-6901.738323330879
93994.0,-6901.726049343745
93995.0,-6901.71377535661
93996.0,-6901.701501369476
93997.0,-6901.689227382342
93998.0,-6901.676953395207
93999.0,-6901.664679408073
94000.0,-6901.652405420939
94001.0,-6901.6401314338045
94002.0,-6901.6278574466705
94003.0,-6901.6155834595365
94004.0,-6901.603309472402
94005.0,-6901.591035485268
94006.0,-6901.578761498134
94007.0,-6901.566487510999
94008.0,-6901.554213523865
94009.0,-6901.541939536731
94010.0,-6901.529665549596
94011.0,-6901.517391562462
94012.0,-6901.505117575328
94013.0,-6901.492843588193
94014.0,-6901.480569601059
94015.0,-6901.468295613925
94016.0,-6901.45602162679
94017.0,-6901.443747639656
94018.0,-6901.431473652522
94019.0,-6901.419199665387
94020.0,-6901.406925678253
94021.0,-6901.394651691119
94022.0,-6901.382377703984
94023.0,-6901.37010371685
94024.0,-6901.357829729716
94025.0,-6901.345555742581
94026.0,-6901.333281755447
94027.0,-6901.321007768313
94028.0,-6901.3087337811785
94029.0,-6901.2964597940445
94030.0,-6901.2841858069105
94031.0,-6901.271911819776
94032.0,-6901.259637832642
94033.0,-6901.247363845508
94034.0,-6901.235089858373
94035.0,-6901.222815871239
94036.0,-6901.210541884105
94037.0,-6901.19826789697
94038.0,-6901.185993909836
94039.0,-6901.173719922702
94040.0,-6901.161445935567
94041.0,-6901.149171948433
94042.0,-6901.136897961299
94043.0,-6901.124623974164
94044.0,-6901.11234998703
94045.0,-6901.100075999896
94046.0,-6901.087802012761
94047.0,-6901.075528025627
94048.0,-6901.063254038493
94049.0,-6901.050980051358
94050.0,-6901.038706064224
94051.0,-6901.02643207709
94052.0,-6901.014158089955
94053.0,-6901.001884102821
94054.0,-6900.989610115687
94055.0,-6900.977336128552
94056.0,-6900.9650621414185
94057.0,-6900.9527881542845
94058.0,-6900.94051416715
94059.0,-6900.928240180016
94060.0,-6900.915966192882
94061.0,-6900.903692205747
94062.0,-6900.891418218613
94063.0,-6900.879144231479
94064.0,-6900.866870244344
94065.0,-6900.85459625721
94066.0,-6900.842322270076
94067.0,-6900.830048282941
94068.0,-6900.817774295807
94069.0,-6900.805500308673
94070.0,-6900.793226321538
94071.0,-6900.780952334404
94072.0,-6900.76867834727
94073.0,-6900.756404360135
94074.0,-6900.744130373001
94075.0,-6900.731856385867
94076.0,-6900.719582398732
94077.0,-6900.707308411598
94078.0,-6900.695034424464
94079.0,-6900.682760437329
94080.0,-6900.670486450195
94081.0,-6900.658212463061
94082.0,-6900.645938475926
94083.0,-6900.633664488792
94084.0,-6900.621390501658
94085.0,-6900.6091165145235
94086.0,-6900.5968425273895
94087.0,-6900.5845685402555
94088.0,-6900.572294553121
94089.0,-6900.560020565987
94090.0,-6900.547746578853
94091.0,-6900.535472591718
94092.0,-6900.523198604584
94093.0,-6900.51092461745
94094.0,-6900.498650630315
94095.0,-6900.486376643181
94096.0,-6900.474102656047
94097.0,-6900.461828668912
94098.0,-6900.449554681778
94099.0,-6900.437280694644
94100.0,-6900.425006707509
94101.0,-6900.412732720375
94102.0,-6900.400458733241
94103.0,-6900.388184746106
94104.0,-6900.375910758972
94105.0,-6900.363636771838
94106.0,-6900.351362784703
94107.0,-6900.339088797569
94108.0,-6900.326814810435
94109.0,-6900.3145408233
94110.0,-6900.302266836166
94111.0,-6900.289992849032
94112.0,-6900.2777188618975
94113.0,-6900.2654448747635
94114.0,-6900.2531708876295
94115.0,-6900.240896900495
94116.0,-6900.228622913361
94117.0,-6900.216348926227
94118.0,-6900.204074939092
94119.0,-6900.191800951958
94120.0,-6900.179526964824
94121.0,-6900.167252977689
94122.0,-6900.154978990555
94123.0,-6900.142705003421
94124.0,-6900.130431016286
94125.0,-6900.118157029152
94126.0,-6900.105883042018
94127.0,-6900.093609054883
94128.0,-6900.081335067749
94129.0,-6900.069061080615
94130.0,-6900.05678709348
94131.0,-6900.044513106346
94132.0,-6900.032239119212
94133.0,-6900.019965132077
94134.0,-6900.007691144943
94135.0,-6899.995417157809
94136.0,-6899.983143170674
94137.0,-6899.97086918354
94138.0,-6899.958595196406
94139.0,-6899.946321209271
94140.0,-6899.934047222137
94141.0,-6899.9217732350035
94142.0,-6899.909499247869
94143.0,-6899.897225260735
94144.0,-6899.884951273601
94145.0,-6899.872677286466
94146.0,-6899.860403299332
94147.0,-6899.848129312198
94148.0,-6899.835855325063
94149.0,-6899.823581337929
94150.0,-6899.811307350795
94151.0,-6899.79903336366
94152.0,-6899.786759376526
94153.0,-6899.774485389392
94154.0,-6899.762211402257
94155.0,-6899.749937415123
94156.0,-6899.737663427989
94157.0,-6899.725389440854
94158.0,-6899.71311545372
94159.0,-6899.700841466586
94160.0,-6899.688567479451
94161.0,-6899.676293492317
94162.0,-6899.664019505183
94163.0,-6899.651745518048
94164.0,-6899.639471530914
94165.0,-6899.62719754378
94166.0,-6899.614923556645
94167.0,-6899.602649569511
94168.0,-6899.590375582377
94169.0,-6899.5781015952425
94170.0,-6899.5658276081085
94171.0,-6899.5535536209745
94172.0,-6899.54127963384
94173.0,-6899.529005646706
94174.0,-6899.516731659572
94175.0,-6899.504457672437
94176.0,-6899.492183685303
94177.0,-6899.479909698169
94178.0,-6899.467635711034
94179.0,-6899.4553617239
94180.0,-6899.443087736766
94181.0,-6899.430813749631
94182.0,-6899.418539762497
94183.0,-6899.406265775363
94184.0,-6899.393991788228
94185.0,-6899.381717801094
94186.0,-6899.36944381396
94187.0,-6899.357169826825
94188.0,-6899.344895839691
94189.0,-6899.332621852557
94190.0,-6899.320347865422
94191.0,-6899.308073878288
94192.0,-6899.295799891154
94193.0,-6899.283525904019
94194.0,-6899.271251916885
94195.0,-6899.258977929751
94196.0,-6899.2467039426165
94197.0,-6899.2344299554825
94198.0,-6899.2221559683485
94199.0,-6899.209881981214
94200.0,-6899.19760799408
94201.0,-6899.185334006946
94202.0,-6899.173060019811
94203.0,-6899.160786032677
94204.0,-6899.148512045543
94205.0,-6899.136238058408
94206.0,-6899.123964071274
94207.0,-6899.11169008414
94208.0,-6899.099416097005
94209.0,-6899.094484706719
94210.0,-6899.089553316434
94211.0,-6899.084621926148
94212.0,-6899.079690535863
94213.0,-6899.074759145577
94214.0,-6899.069827755292
94215.0,-6899.0648963650065
94216.0,-6899.059964974721
94217.0,-6899.0550335844355
94218.0,-6899.05010219415
94219.0,-6899.0451708038645
94220.0,-6899.040239413579
94221.0,-6899.0353080232935
94222.0,-6899.030376633008
94223.0,-6899.0254452427225
94224.0,-6899.020513852437
94225.0,-6899.0155824621515
94226.0,-6899.010651071866
94227.0,-6899.005719681581
94228.0,-6899.000788291295
94229.0,-6898.99585690101
94230.0,-6898.990925510724
94231.0,-6898.985994120439
94232.0,-6898.981062730153
94233.0,-6898.976131339868
94234.0,-6898.971199949582
94235.0,-6898.966268559297
94236.0,-6898.961337169011
94237.0,-6898.956405778726
94238.0,-6898.95147438844
94239.0,-6898.946542998155
94240.0,-6898.941611607869
94241.0,-6898.936680217584
94242.0,-6898.931748827298
94243.0,-6898.926817437013
94244.0,-6898.921886046727
94245.0,-6898.916954656442
94246.0,-6898.912023266156
94247.0,-6898.907091875871
94248.0,-6898.902160485585
94249.0,-6898.8972290953
94250.0,-6898.892297705014
94251.0,-6898.887366314729
94252.0,-6898.882434924443
94253.0,-6898.877503534158
94254.0,-6898.872572143872
94255.0,-6898.867640753587
94256.0,-6898.862709363301
94257.0,-6898.857777973016
94258.0,-6898.85284658273
94259.0,-6898.847915192445
94260.0,-6898.842983802159
94261.0,-6898.838052411874
94262.0,-6898.833121021588
94263.0,-6898.828189631303
94264.0,-6898.823258241017
94265.0,-6898.818326850732
94266.0,-6898.813395460446
94267.0,-6898.808464070161
94268.0,-6898.803532679875
94269.0,-6898.79860128959
94270.0,-6898.793669899304
94271.0,-6898.788738509019
94272.0,-6898.783807118733
94273.0,-6898.778875728448
94274.0,-6898.773944338162
94275.0,-6898.769012947877
94276.0,-6898.764081557591
94277.0,-6898.759150167306
94278.0,-6898.7542187770205
94279.0,-6898.749287386735
94280.0,-6898.7443559964495
94281.0,-6898.739424606164
94282.0,-6898.7344932158785
94283.0,-6898.729561825593
94284.0,-6898.7246304353075
94285.0,-6898.719699045022
94286.0,-6898.7147676547365
94287.0,-6898.709836264451
94288.0,-6898.704904874166
94289.0,-6898.69997348388
94290.0,-6898.695042093595
94291.0,-6898.690110703309
94292.0,-6898.685179313024
94293.0,-6898.680247922738
94294.0,-6898.675316532453
94295.0,-6898.670385142167
94296.0,-6898.665453751882
94297.0,-6898.660522361596
94298.0,-6898.655590971311
94299.0,-6898.650659581025
94300.0,-6898.64572819074
94301.0,-6898.640796800454
94302.0,-6898.635865410169
94303.0,-6898.630934019883
94304.0,-6898.626002629598
94305.0,-6898.621071239312
94306.0,-6898.616139849027
94307.0,-6898.611208458741
94308.0,-6898.606277068456
94309.0,-6898.60134567817
94310.0,-6898.596414287885
94311.0,-6898.591482897599
94312.0,-6898.586551507314
94313.0,-6898.581620117028
94314.0,-6898.576688726743
94315.0,-6898.571757336457
94316.0,-6898.566825946172
94317.0,-6898.561894555886
94318.0,-6898.556963165601
94319.0,-6898.552031775315
94320.0,-6898.54710038503
94321.0,-6898.542168994744
94322.0,-6898.537237604459
94323.0,-6898.532306214173
94324.0,-6898.527374823888
94325.0,-6898.522443433602
94326.0,-6898.517512043317
94327.0,-6898.512580653031
94328.0,-6898.507649262746
94329.0,-6898.50271787246
94330.0,-6898.497786482175
94331.0,-6898.492855091889
94332.0,-6898.487923701604
94333.0,-6898.482992311318
94334.0,-6898.478060921033
94335.0,-6898.473129530747
94336.0,-6898.468198140462
94337.0,-6898.463266750176
94338.0,-6898.458335359891
94339.0,-6898.4534039696055
94340.0,-6898.44847257932
94341.0,-6898.4435411890345
94342.0,-6898.438609798749
94343.0,-6898.4336784084635
94344.0,-6898.428747018178
94345.0,-6898.4238156278925
94346.0,-6898.418884237607
94347.0,-6898.4139528473215
94348.0,-6898.409021457036
94349.0,-6898.4040900667505
94350.0,-6898.399158676465
94351.0,-6898.39422728618
94352.0,-6898.389295895894
94353.0,-6898.384364505609
94354.0,-6898.379433115323
94355.0,-6898.374501725038
94356.0,-6898.369570334752
94357.0,-6898.364638944467
94358.0,-6898.359707554181
94359.0,-6898.354776163896
94360.0,-6898.34984477361
94361.0,-6898.344913383325
94362.0,-6898.339981993039
94363.0,-6898.335050602754
94364.0,-6898.330119212468
94365.0,-6898.325187822183
94366.0,-6898.320256431897
94367.0,-6898.315325041612
94368.0,-6898.310393651326
94369.0,-6898.305462261041
94370.0,-6898.300530870755
94371.0,-6898.29559948047
94372.0,-6898.290668090184
94373.0,-6898.285736699899
94374.0,-6898.280805309613
94375.0,-6898.275873919328
94376.0,-6898.270942529042
94377.0,-6898.266011138757
94378.0,-6898.261079748471
94379.0,-6898.256148358186
94380.0,-6898.2512169679
94381.0,-6898.246285577615
94382.0,-6898.241354187329
94383.0,-6898.236422797044
94384.0,-6898.231491406758
94385.0,-6898.226560016473
94386.0,-6898.221628626187
94387.0,-6898.216697235902
94388.0,-6898.211765845616
94389.0,-6898.206834455331
94390.0,-6898.201903065045
94391.0,-6898.19697167476
94392.0,-6898.192040284474
94393.0,-6898.187108894189
94394.0,-6898.182177503903
94395.0,-6898.177246113618
94396.0,-6898.172314723332
94397.0,-6898.167383333047
94398.0,-6898.162451942761
94399.0,-6898.157520552476
94400.0,-6898.15258916219
94401.0,-6898.147657771905
94402.0,-6898.1427263816195
94403.0,-6898.137794991334
94404.0,-6898.1328636010485
94405.0,-6898.127932210763
94406.0,-6898.1230008204775
94407.0,-6898.118069430192
94408.0,-6898.1131380399065
94409.0,-6898.108206649621
94410.0,-6898.1032752593355
94411.0,-6898.09834386905
94412.0,-6898.093412478765
94413.0,-6898.088481088479
94414.0,-6898.083549698194
94415.0,-6898.078618307908
94416.0,-6898.073686917623
94417.0,-6898.068755527337
94418.0,-6898.063824137052
94419.0,-6898.058892746766
94420.0,-6898.053961356481
94421.0,-6898.049029966195
94422.0,-6898.04409857591
94423.0,-6898.039167185624
94424.0,-6898.034235795339
94425.0,-6898.029304405053
94426.0,-6898.024373014768
94427.0,-6898.019441624482
94428.0,-6898.014510234197
94429.0,-6898.009578843911
94430.0,-6898.004647453626
94431.0,-6897.99971606334
94432.0,-6897.994784673055
94433.0,-6897.989853282769
94434.0,-6897.984921892484
94435.0,-6897.979990502198
94436.0,-6897.975059111913
94437.0,-6897.970127721627
94438.0,-6897.965196331342
94439.0,-6897.960264941056
94440.0,-6897.955333550771
94441.0,-6897.950402160485
94442.0,-6897.9454707702
94443.0,-6897.940539379914
94444.0,-6897.935607989629
94445.0,-6897.930676599343
94446.0,-6897.925745209058
94447.0,-6897.920813818772
94448.0,-6897.915882428487
94449.0,-6897.910951038201
94450.0,-6897.906019647916
94451.0,-6897.90108825763
94452.0,-6897.896156867345
94453.0,-6897.891225477059
94454.0,-6897.886294086774
94455.0,-6897.881362696488
94456.0,-6897.876431306203
94457.0,-6897.871499915917
94458.0,-6897.866568525632
94459.0,-6897.861637135346
94460.0,-6897.856705745061
94461.0,-6897.851774354775
94462.0,-6897.84684296449
94463.0,-6897.8419115742045
94464.0,-6897.836980183919
94465.0,-6897.8320487936335
94466.0,-6897.827117403348
94467.0,-6897.8221860130625
94468.0,-6897.817254622777
94469.0,-6897.8123232324915
94470.0,-6897.807391842206
94471.0,-6897.8024604519205
94472.0,-6897.797529061635
94473.0,-6897.7925976713495
94474.0,-6897.787666281064
94475.0,-6897.782734890779
94476.0,-6897.777803500493
94477.0,-6897.772872110208
94478.0,-6897.767940719922
94479.0,-6897.763009329637
94480.0,-6897.758077939351
94481.0,-6897.753146549066
94482.0,-6897.74821515878
94483.0,-6897.743283768495
94484.0,-6897.738352378209
94485.0,-6897.733420987924
94486.0,-6897.728489597638
94487.0,-6897.723558207353
94488.0,-6897.718626817067
94489.0,-6897.713695426782
94490.0,-6897.708764036496
94491.0,-6897.703832646211
94492.0,-6897.698901255925
94493.0,-6897.69396986564
94494.0,-6897.689038475354
94495.0,-6897.684107085069
94496.0,-6897.679175694783
94497.0,-6897.674244304498
94498.0,-6897.669312914212
94499.0,-6897.664381523927
94500.0,-6897.659450133641
94501.0,-6897.654518743356
94502.0,-6897.64958735307
94503.0,-6897.644655962785
94504.0,-6897.639724572499
94505.0,-6897.634793182214
94506.0,-6897.629861791928
94507.0,-6897.624930401643
94508.0,-6897.619999011357
94509.0,-6897.615067621072
94510.0,-6897.610136230786
94511.0,-6897.605204840501
94512.0,-6897.600273450215
94513.0,-6897.59534205993
94514.0,-6897.590410669644
94515.0,-6897.585479279359
94516.0,-6897.580547889073
94517.0,-6897.575616498788
94518.0,-6897.570685108502
94519.0,-6897.565753718217
94520.0,-6897.560822327931
94521.0,-6897.555890937646
94522.0,-6897.55095954736
94523.0,-6897.546028157075
94524.0,-6897.541096766789
94525.0,-6897.536165376504
94526.0,-6897.5312339862185
94527.0,-6897.526302595933
94528.0,-6897.5213712056475
94529.0,-6897.516439815362
94530.0,-6897.5115084250765
94531.0,-6897.506577034791
94532.0,-6897.5016456445055
94533.0,-6897.49671425422
94534.0,-6897.4917828639345
94535.0,-6897.486851473649
94536.0,-6897.481920083364
94537.0,-6897.476988693078
94538.0,-6897.472057302793
94539.0,-6897.467125912507
94540.0,-6897.462194522222
94541.0,-6897.457263131936
94542.0,-6897.452331741651
94543.0,-6897.447400351365
94544.0,-6897.44246896108
94545.0,-6897.437537570794
94546.0,-6897.432606180509
94547.0,-6897.427674790223
94548.0,-6897.422743399938
94549.0,-6897.417812009652
94550.0,-6897.412880619367
94551.0,-6897.407949229081
94552.0,-6897.403017838796
94553.0,-6897.39808644851
94554.0,-6897.393155058225
94555.0,-6897.388223667939
94556.0,-6897.383292277654
94557.0,-6897.378360887368
94558.0,-6897.373429497083
94559.0,-6897.368498106797
94560.0,-6897.363566716512
94561.0,-6897.358635326226
94562.0,-6897.353703935941
94563.0,-6897.348772545655
94564.0,-6897.34384115537
94565.0,-6897.338909765084
94566.0,-6897.333978374799
94567.0,-6897.329046984513
94568.0,-6897.324115594228
94569.0,-6897.319184203942
94570.0,-6897.314252813657
94571.0,-6897.309321423371
94572.0,-6897.304390033086
94573.0,-6897.2994586428
94574.0,-6897.294527252515
94575.0,-6897.289595862229
94576.0,-6897.284664471944
94577.0,-6897.279733081658
94578.0,-6897.274801691373
94579.0,-6897.269870301087
94580.0,-6897.264938910802
94581.0,-6897.260007520516
94582.0,-6897.255076130231
94583.0,-6897.250144739945
94584.0,-6897.24521334966
94585.0,-6897.240281959374
94586.0,-6897.235350569089
94587.0,-6897.2304191788035
94588.0,-6897.225487788518
94589.0,-6897.2205563982325
94590.0,-6897.215625007947
94591.0,-6897.2106936176615
94592.0,-6897.205762227376
94593.0,-6897.2008308370905
94594.0,-6897.195899446805
94595.0,-6897.1909680565195
94596.0,-6897.186036666234
94597.0,-6897.1811052759485
94598.0,-6897.176173885663
94599.0,-6897.171242495378
94600.0,-6897.166311105092
94601.0,-6897.161379714807
94602.0,-6897.156448324521
94603.0,-6897.151516934236
94604.0,-6897.14658554395
94605.0,-6897.141654153665
94606.0,-6897.136722763379
94607.0,-6897.131791373094
94608.0,-6897.126859982808
94609.0,-6897.121928592523
94610.0,-6897.116997202237
94611.0,-6897.112065811952
94612.0,-6897.107134421666
94613.0,-6897.102203031381
94614.0,-6897.097271641095
94615.0,-6897.09234025081
94616.0,-6897.087408860524
94617.0,-6897.082477470239
94618.0,-6897.077546079953
94619.0,-6897.072614689668
94620.0,-6897.067683299382
94621.0,-6897.062751909097
94622.0,-6897.057820518811
94623.0,-6897.052889128526
94624.0,-6897.04795773824
94625.0,-6897.043026347955
94626.0,-6897.038094957669
94627.0,-6897.033163567384
94628.0,-6897.028232177098
94629.0,-6897.023300786813
94630.0,-6897.018369396527
94631.0,-6897.013438006242
94632.0,-6897.008506615956
94633.0,-6897.003575225671
94634.0,-6896.998643835385
94635.0,-6896.9937124451
94636.0,-6896.988781054814
94637.0,-6896.983849664529
94638.0,-6896.978918274243
94639.0,-6896.973986883958
94640.0,-6896.969055493672
94641.0,-6896.964124103387
94642.0,-6896.959192713101
94643.0,-6896.954261322816
94644.0,-6896.94932993253
94645.0,-6896.944398542245
94646.0,-6896.939467151959
94647.0,-6896.934535761674
94648.0,-6896.929604371388
94649.0,-6896.924672981103
94650.0,-6896.9197415908175
94651.0,-6896.914810200532
94652.0,-6896.9098788102465
94653.0,-6896.904947419961
94654.0,-6896.9000160296755
94655.0,-6896.89508463939
94656.0,-6896.8901532491045
94657.0,-6896.885221858819
94658.0,-6896.8802904685335
94659.0,-6896.875359078248
94660.0,-6896.870427687963
94661.0,-6896.865496297677
94662.0,-6896.860564907392
94663.0,-6896.855633517106
94664.0,-6896.850702126821
94665.0,-6896.845770736535
94666.0,-6896.84083934625
94667.0,-6896.835907955964
94668.0,-6896.830976565679
94669.0,-6896.826045175393
94670.0,-6896.821113785108
94671.0,-6896.816182394822
94672.0,-6896.811251004537
94673.0,-6896.806319614251
94674.0,-6896.801388223966
94675.0,-6896.79645683368
94676.0,-6896.791525443395
94677.0,-6896.786594053109
94678.0,-6896.781662662824
94679.0,-6896.776731272538
94680.0,-6896.771799882253
94681.0,-6896.766868491967
94682.0,-6896.761937101682
94683.0,-6896.757005711396
94684.0,-6896.752074321111
94685.0,-6896.747142930825
94686.0,-6896.74221154054
94687.0,-6896.737280150254
94688.0,-6896.732348759969
94689.0,-6896.727417369683
94690.0,-6896.722485979398
94691.0,-6896.717554589112
94692.0,-6896.712623198827
94693.0,-6896.707691808541
94694.0,-6896.702760418256
94695.0,-6896.69782902797
94696.0,-6896.692897637685
94697.0,-6896.687966247399
94698.0,-6896.683034857114
94699.0,-6896.678103466828
94700.0,-6896.673172076543
94701.0,-6896.668240686257
94702.0,-6896.663309295972
94703.0,-6896.658377905686
94704.0,-6896.653446515401
94705.0,-6896.648515125115
94706.0,-6896.64358373483
94707.0,-6896.638652344544
94708.0,-6896.633720954259
94709.0,-6896.628789563973
94710.0,-6896.623858173688
94711.0,-6896.6189267834025
94712.0,-6896.613995393117
94713.0,-6896.6090640028315
94714.0,-6896.604132612546
94715.0,-6896.5992012222605
94716.0,-6896.594269831975
94717.0,-6896.5893384416895
94718.0,-6896.584407051404
94719.0,-6896.5794756611185
94720.0,-6896.574544270833
94721.0,-6896.5696128805475
94722.0,-6896.564681490262
94723.0,-6896.559750099977
94724.0,-6896.554818709691
94725.0,-6896.549887319406
94726.0,-6896.54495592912
94727.0,-6896.540024538835
94728.0,-6896.535093148549
94729.0,-6896.530161758264
94730.0,-6896.525230367978
94731.0,-6896.520298977693
94732.0,-6896.515367587407
94733.0,-6896.510436197122
94734.0,-6896.505504806836
94735.0,-6896.500573416551
94736.0,-6896.495642026265
94737.0,-6896.49071063598
94738.0,-6896.485779245694
94739.0,-6896.480847855409
94740.0,-6896.475916465123
94741.0,-6896.470985074838
94742.0,-6896.466053684552
94743.0,-6896.461122294267
94744.0,-6896.456190903981
94745.0,-6896.451259513696
94746.0,-6896.44632812341
94747.0,-6896.441396733125
94748.0,-6896.436465342839
94749.0,-6896.431533952554
94750.0,-6896.426602562268
94751.0,-6896.421671171983
94752.0,-6896.416739781697
94753.0,-6896.411808391412
94754.0,-6896.406877001126
94755.0,-6896.401945610841
94756.0,-6896.397014220555
94757.0,-6896.39208283027
94758.0,-6896.387151439984
94759.0,-6896.382220049699
94760.0,-6896.377288659413
94761.0,-6896.372357269128
94762.0,-6896.367425878842
94763.0,-6896.362494488557
94764.0,-6896.357563098271
94765.0,-6896.352631707986
94766.0,-6896.3477003177
94767.0,-6896.342768927415
94768.0,-6896.337837537129
94769.0,-6896.332906146844
94770.0,-6896.327974756558
94771.0,-6896.323043366273
94772.0,-6896.318111975987
94773.0,-6896.313180585702
94774.0,-6896.3082491954165
94775.0,-6896.303317805131
94776.0,-6896.2983864148455
94777.0,-6896.29345502456
94778.0,-6896.2885236342745
94779.0,-6896.283592243989
94780.0,-6896.2786608537035
94781.0,-6896.273729463418
94782.0,-6896.2687980731325
94783.0,-6896.263866682847
94784.0,-6896.258935292562
94785.0,-6896.254003902276
94786.0,-6896.249072511991
94787.0,-6896.244141121705
94788.0,-6896.23920973142
94789.0,-6896.234278341134
94790.0,-6896.229346950849
94791.0,-6896.224415560563
94792.0,-6896.219484170278
94793.0,-6896.214552779992
94794.0,-6896.209621389707
94795.0,-6896.204689999421
94796.0,-6896.199758609136
94797.0,-6896.19482721885
94798.0,-6896.189895828565
94799.0,-6896.184964438279
94800.0,-6896.180033047994
94801.0,-6896.175101657708
94802.0,-6896.170170267423
94803.0,-6896.165238877137
94804.0,-6896.160307486852
94805.0,-6896.155376096566
94806.0,-6896.150444706281
94807.0,-6896.145513315995
94808.0,-6896.14058192571
94809.0,-6896.135650535424
94810.0,-6896.130719145139
94811.0,-6896.125787754853
94812.0,-6896.120856364568
94813.0,-6896.115924974282
94814.0,-6896.110993583997
94815.0,-6896.106062193711
94816.0,-6896.101130803426
94817.0,-6896.09619941314
94818.0,-6896.091268022855
94819.0,-6896.086336632569
94820.0,-6896.081405242284
94821.0,-6896.076473851998
94822.0,-6896.071542461713
94823.0,-6896.066611071427
94824.0,-6896.061679681142
94825.0,-6896.056748290856
94826.0,-6896.051816900571
94827.0,-6896.046885510285
94828.0,-6896.04195412
94829.0,-6896.037022729714
94830.0,-6896.032091339429
94831.0,-6896.027159949143
94832.0,-6896.022228558858
94833.0,-6896.017297168572
94834.0,-6896.012365778287
94835.0,-6896.0074343880015
94836.0,-6896.002502997716
94837.0,-6895.9975716074305
94838.0,-6895.992640217145
94839.0,-6895.9877088268595
94840.0,-6895.982777436574
94841.0,-6895.9778460462885
94842.0,-6895.972914656003
94843.0,-6895.9679832657175
94844.0,-6895.963051875432
94845.0,-6895.9581204851465
94846.0,-6895.953189094861
94847.0,-6895.948257704576
94848.0,-6895.94332631429
94849.0,-6895.938394924005
94850.0,-6895.933463533719
94851.0,-6895.928532143434
94852.0,-6895.923600753148
94853.0,-6895.918669362863
94854.0,-6895.913737972577
94855.0,-6895.908806582292
94856.0,-6895.903875192006
94857.0,-6895.898943801721
94858.0,-6895.894012411435
94859.0,-6895.88908102115
94860.0,-6895.884149630864
94861.0,-6895.879218240579
94862.0,-6895.874286850293
94863.0,-6895.869355460008
94864.0,-6895.864424069722
94865.0,-6895.859492679437
94866.0,-6895.854561289151
94867.0,-6895.849629898866
94868.0,-6895.84469850858
94869.0,-6895.839767118295
94870.0,-6895.834835728009
94871.0,-6895.829904337724
94872.0,-6895.824972947438
94873.0,-6895.820041557153
94874.0,-6895.815110166867
94875.0,-6895.810178776582
94876.0,-6895.805247386296
94877.0,-6895.800315996011
94878.0,-6895.795384605725
94879.0,-6895.79045321544
94880.0,-6895.785521825154
94881.0,-6895.780590434869
94882.0,-6895.775659044583
94883.0,-6895.770727654298
94884.0,-6895.765796264012
94885.0,-6895.760864873727
94886.0,-6895.755933483441
94887.0,-6895.751002093156
94888.0,-6895.74607070287
94889.0,-6895.741139312585
94890.0,-6895.736207922299
94891.0,-6895.731276532014
94892.0,-6895.726345141728
94893.0,-6895.721413751443
94894.0,-6895.716482361157
94895.0,-6895.711550970872
94896.0,-6895.706619580586
94897.0,-6895.701688190301
94898.0,-6895.6967568000155
94899.0,-6895.69182540973
94900.0,-6895.6868940194445
94901.0,-6895.681962629159
94902.0,-6895.6770312388735
94903.0,-6895.672099848588
94904.0,-6895.6671684583025
94905.0,-6895.662237068017
94906.0,-6895.6573056777315
94907.0,-6895.652374287446
94908.0,-6895.6474428971605
94909.0,-6895.642511506875
94910.0,-6895.63758011659
94911.0,-6895.632648726304
94912.0,-6895.627717336019
94913.0,-6895.622785945733
94914.0,-6895.617854555448
94915.0,-6895.612923165162
94916.0,-6895.607991774877
94917.0,-6895.603060384591
94918.0,-6895.598128994306
94919.0,-6895.59319760402
94920.0,-6895.588266213735
94921.0,-6895.583334823449
94922.0,-6895.578403433164
94923.0,-6895.573472042878
94924.0,-6895.568540652593
94925.0,-6895.563609262307
94926.0,-6895.558677872022
94927.0,-6895.553746481736
94928.0,-6895.548815091451
94929.0,-6895.543883701165
94930.0,-6895.53895231088
94931.0,-6895.534020920594
94932.0,-6895.529089530309
94933.0,-6895.524158140023
94934.0,-6895.519226749738
94935.0,-6895.514295359452
94936.0,-6895.509363969167
94937.0,-6895.504432578881
94938.0,-6895.499501188596
94939.0,-6895.49456979831
94940.0,-6895.489638408025
94941.0,-6895.484707017739
94942.0,-6895.479775627454
94943.0,-6895.474844237168
94944.0,-6895.469912846883
94945.0,-6895.464981456597
94946.0,-6895.460050066312
94947.0,-6895.455118676026
94948.0,-6895.450187285741
94949.0,-6895.445255895455
94950.0,-6895.44032450517
94951.0,-6895.435393114884
94952.0,-6895.430461724599
94953.0,-6895.425530334313
94954.0,-6895.420598944028
94955.0,-6895.415667553742
94956.0,-6895.410736163457
94957.0,-6895.405804773171
94958.0,-6895.400873382886
94959.0,-6895.3959419926005
94960.0,-6895.391010602315
94961.0,-6895.3860792120295
94962.0,-6895.381147821744
94963.0,-6895.3762164314585
94964.0,-6895.371285041173
94965.0,-6895.3663536508875
94966.0,-6895.361422260602
94967.0,-6895.3564908703165
94968.0,-6895.351559480031
94969.0,-6895.3466280897455
94970.0,-6895.34169669946
94971.0,-6895.336765309175
94972.0,-6895.331833918889
94973.0,-6895.326902528604
94974.0,-6895.321971138318
94975.0,-6895.317039748033
94976.0,-6895.312108357747
94977.0,-6895.307176967462
94978.0,-6895.302245577176
94979.0,-6895.297314186891
94980.0,-6895.292382796605
94981.0,-6895.28745140632
94982.0,-6895.282520016034
94983.0,-6895.277588625749
94984.0,-6895.272657235463
94985.0,-6895.267725845178
94986.0,-6895.262794454892
94987.0,-6895.257863064607
94988.0,-6895.252931674321
94989.0,-6895.248000284036
94990.0,-6895.24306889375
94991.0,-6895.238137503465
94992.0,-6895.233206113179
94993.0,-6895.228274722894
94994.0,-6895.223343332608
94995.0,-6895.218411942323
94996.0,-6895.213480552037
94997.0,-6895.208549161752
94998.0,-6895.203617771466
94999.0,-6895.198686381181
95000.0,-6895.193754990895
95001.0,-6895.18882360061
95002.0,-6895.183892210324
95003.0,-6895.178960820039
95004.0,-6895.174029429753
95005.0,-6895.169098039468
95006.0,-6895.164166649182
95007.0,-6895.159235258897
95008.0,-6895.154303868611
95009.0,-6895.149372478326
95010.0,-6895.14444108804
95011.0,-6895.139509697755
95012.0,-6895.134578307469
95013.0,-6895.129646917184
95014.0,-6895.124715526898
95015.0,-6895.119784136613
95016.0,-6895.114852746327
95017.0,-6895.109921356042
95018.0,-6895.104989965756
95019.0,-6895.100058575471
95020.0,-6895.095127185185
95021.0,-6895.0901957949
95022.0,-6895.0852644046145
95023.0,-6895.080333014329
95024.0,-6895.0754016240435
95025.0,-6895.070470233758
95026.0,-6895.0655388434725
95027.0,-6895.060607453187
95028.0,-6895.0556760629015
95029.0,-6895.050744672616
95030.0,-6895.0458132823305
95031.0,-6895.040881892045
95032.0,-6895.0359505017595
95033.0,-6895.031019111474
95034.0,-6895.026087721189
95035.0,-6895.021156330903
95036.0,-6895.016224940618
95037.0,-6895.011293550332
95038.0,-6895.006362160047
95039.0,-6895.001430769761
95040.0,-6894.996499379476
95041.0,-6894.99156798919
95042.0,-6894.986636598905
95043.0,-6894.981705208619
95044.0,-6894.976773818334
95045.0,-6894.971842428048
95046.0,-6894.966911037763
95047.0,-6894.961979647477
95048.0,-6894.957048257192
95049.0,-6894.952116866906
95050.0,-6894.947185476621
95051.0,-6894.942254086335
95052.0,-6894.93732269605
95053.0,-6894.932391305764
95054.0,-6894.927459915479
95055.0,-6894.922528525193
95056.0,-6894.917597134908
95057.0,-6894.912665744622
95058.0,-6894.907734354337
95059.0,-6894.902802964051
95060.0,-6894.897871573766
95061.0,-6894.89294018348
95062.0,-6894.888008793195
95063.0,-6894.883077402909
95064.0,-6894.878146012624
95065.0,-6894.873214622338
95066.0,-6894.868283232053
95067.0,-6894.863351841767
95068.0,-6894.858420451482
95069.0,-6894.853489061196
95070.0,-6894.848557670911
95071.0,-6894.843626280625
95072.0,-6894.83869489034
95073.0,-6894.833763500054
95074.0,-6894.828832109769
95075.0,-6894.823900719483
95076.0,-6894.818969329198
95077.0,-6894.814037938912
95078.0,-6894.809106548627
95079.0,-6894.804175158341
95080.0,-6894.799243768056
95081.0,-6894.79431237777
95082.0,-6894.789380987485
95083.0,-6894.784449597199
95084.0,-6894.779518206914
95085.0,-6894.7745868166285
95086.0,-6894.769655426343
95087.0,-6894.7647240360575
95088.0,-6894.759792645772
95089.0,-6894.7548612554865
95090.0,-6894.749929865201
95091.0,-6894.7449984749155
95092.0,-6894.74006708463
95093.0,-6894.7351356943445
95094.0,-6894.730204304059
95095.0,-6894.725272913774
95096.0,-6894.720341523488
95097.0,-6894.715410133203
95098.0,-6894.710478742917
95099.0,-6894.705547352632
95100.0,-6894.700615962346
95101.0,-6894.695684572061
95102.0,-6894.690753181775
95103.0,-6894.68582179149
95104.0,-6894.680890401204
95105.0,-6894.675959010919
95106.0,-6894.671027620633
95107.0,-6894.666096230348
95108.0,-6894.661164840062
95109.0,-6894.656233449777
95110.0,-6894.651302059491
95111.0,-6894.646370669206
95112.0,-6894.64143927892
95113.0,-6894.636507888635
95114.0,-6894.631576498349
95115.0,-6894.626645108064
95116.0,-6894.621713717778
95117.0,-6894.616782327493
95118.0,-6894.611850937207
95119.0,-6894.606919546922
95120.0,-6894.601988156636
95121.0,-6894.597056766351
95122.0,-6894.592125376065
95123.0,-6894.58719398578
95124.0,-6894.582262595494
95125.0,-6894.577331205209
95126.0,-6894.572399814923
95127.0,-6894.567468424638
95128.0,-6894.562537034352
95129.0,-6894.557605644067
95130.0,-6894.552674253781
95131.0,-6894.547742863496
95132.0,-6894.54281147321
95133.0,-6894.537880082925
95134.0,-6894.532948692639
95135.0,-6894.528017302354
95136.0,-6894.523085912068
95137.0,-6894.518154521783
95138.0,-6894.513223131497
95139.0,-6894.508291741212
95140.0,-6894.503360350926
95141.0,-6894.498428960641
95142.0,-6894.493497570355
95143.0,-6894.48856618007
95144.0,-6894.483634789784
95145.0,-6894.478703399499
95146.0,-6894.4737720092135
95147.0,-6894.468840618928
95148.0,-6894.4639092286425
95149.0,-6894.458977838357
95150.0,-6894.4540464480715
95151.0,-6894.449115057786
95152.0,-6894.4441836675005
95153.0,-6894.439252277215
95154.0,-6894.4343208869295
95155.0,-6894.429389496644
95156.0,-6894.4244581063585
95157.0,-6894.419526716073
95158.0,-6894.414595325788
95159.0,-6894.409663935502
95160.0,-6894.404732545217
95161.0,-6894.399801154931
95162.0,-6894.394869764646
95163.0,-6894.38993837436
95164.0,-6894.385006984075
95165.0,-6894.380075593789
95166.0,-6894.375144203504
95167.0,-6894.370212813218
95168.0,-6894.365281422933
95169.0,-6894.360350032647
95170.0,-6894.355418642362
95171.0,-6894.350487252076
95172.0,-6894.345555861791
95173.0,-6894.340624471505
95174.0,-6894.33569308122
95175.0,-6894.330761690934
95176.0,-6894.325830300649
95177.0,-6894.320898910363
95178.0,-6894.315967520078
95179.0,-6894.311036129792
95180.0,-6894.306104739507
95181.0,-6894.301173349221
95182.0,-6894.296241958936
95183.0,-6894.29131056865
95184.0,-6894.286379178365
95185.0,-6894.281447788079
95186.0,-6894.276516397794
95187.0,-6894.271585007508
95188.0,-6894.266653617223
95189.0,-6894.261722226937
95190.0,-6894.256790836652
95191.0,-6894.251859446366
95192.0,-6894.246928056081
95193.0,-6894.241996665795
95194.0,-6894.23706527551
95195.0,-6894.232133885224
95196.0,-6894.227202494939
95197.0,-6894.222271104653
95198.0,-6894.217339714368
95199.0,-6894.212408324082
95200.0,-6894.207476933797
95201.0,-6894.202545543511
95202.0,-6894.197614153226
95203.0,-6894.19268276294
95204.0,-6894.187751372655
95205.0,-6894.182819982369
95206.0,-6894.177888592084
95207.0,-6894.172957201798
95208.0,-6894.168025811513
95209.0,-6894.1630944212275
95210.0,-6894.158163030942
95211.0,-6894.1532316406565
95212.0,-6894.148300250371
95213.0,-6894.1433688600855
95214.0,-6894.1384374698
95215.0,-6894.1335060795145
95216.0,-6894.128574689229
95217.0,-6894.1236432989435
95218.0,-6894.118711908658
95219.0,-6894.113780518373
95220.0,-6894.108849128087
95221.0,-6894.103917737802
95222.0,-6894.098986347516
95223.0,-6894.094054957231
95224.0,-6894.089123566945
95225.0,-6894.08419217666
95226.0,-6894.079260786374
95227.0,-6894.074329396089
95228.0,-6894.069398005803
95229.0,-6894.064466615518
95230.0,-6894.059535225232
95231.0,-6894.054603834947
95232.0,-6894.049672444661
95233.0,-6894.051257461309
95234.0,-6894.052842477958
95235.0,-6894.054427494605
95236.0,-6894.056012511253
95237.0,-6894.057597527902
95238.0,-6894.059182544549
95239.0,-6894.060767561197
95240.0,-6894.062352577846
95241.0,-6894.063937594493
95242.0,-6894.065522611141
95243.0,-6894.0671076277895
95244.0,-6894.068692644437
95245.0,-6894.070277661085
95246.0,-6894.071862677733
95247.0,-6894.073447694381
95248.0,-6894.075032711029
95249.0,-6894.076617727677
95250.0,-6894.078202744325
95251.0,-6894.079787760973
95252.0,-6894.081372777621
95253.0,-6894.082957794269
95254.0,-6894.084542810917
95255.0,-6894.086127827565
95256.0,-6894.087712844213
95257.0,-6894.089297860861
95258.0,-6894.090882877509
95259.0,-6894.0924678941565
95260.0,-6894.094052910805
95261.0,-6894.095637927453
95262.0,-6894.0972229441
95263.0,-6894.098807960749
95264.0,-6894.100392977397
95265.0,-6894.101977994044
95266.0,-6894.103563010693
95267.0,-6894.105148027341
95268.0,-6894.106733043988
95269.0,-6894.1083180606365
95270.0,-6894.109903077285
95271.0,-6894.111488093932
95272.0,-6894.11307311058
95273.0,-6894.114658127229
95274.0,-6894.116243143876
95275.0,-6894.117828160524
95276.0,-6894.119413177173
95277.0,-6894.12099819382
95278.0,-6894.122583210468
95279.0,-6894.124168227117
95280.0,-6894.125753243764
95281.0,-6894.127338260412
95282.0,-6894.1289232770605
95283.0,-6894.130508293708
95284.0,-6894.132093310356
95285.0,-6894.133678327004
95286.0,-6894.135263343652
95287.0,-6894.1368483603
95288.0,-6894.138433376948
95289.0,-6894.140018393596
95290.0,-6894.141603410244
95291.0,-6894.143188426892
95292.0,-6894.14477344354
95293.0,-6894.146358460188
95294.0,-6894.147943476836
95295.0,-6894.149528493484
95296.0,-6894.151113510132
95297.0,-6894.15269852678
95298.0,-6894.1542835434275
95299.0,-6894.155868560076
95300.0,-6894.157453576724
95301.0,-6894.159038593371
95302.0,-6894.16062361002
95303.0,-6894.162208626668
95304.0,-6894.163793643315
95305.0,-6894.165378659964
95306.0,-6894.166963676612
95307.0,-6894.168548693259
95308.0,-6894.1701337099075
95309.0,-6894.171718726556
95310.0,-6894.173303743203
95311.0,-6894.1748887598515
95312.0,-6894.1764737765
95313.0,-6894.178058793147
95314.0,-6894.179643809795
95315.0,-6894.181228826444
95316.0,-6894.182813843091
95317.0,-6894.184398859739
95318.0,-6894.185983876388
95319.0,-6894.187568893035
95320.0,-6894.189153909683
95321.0,-6894.1907389263315
95322.0,-6894.192323942979
95323.0,-6894.193908959627
95324.0,-6894.195493976275
95325.0,-6894.197078992923
95326.0,-6894.198664009571
95327.0,-6894.200249026219
95328.0,-6894.201834042867
95329.0,-6894.203419059515
95330.0,-6894.205004076163
95331.0,-6894.206589092811
95332.0,-6894.208174109459
95333.0,-6894.209759126107
95334.0,-6894.211344142755
95335.0,-6894.212929159403
95336.0,-6894.214514176051
95337.0,-6894.2160991926985
95338.0,-6894.217684209347
95339.0,-6894.219269225995
95340.0,-6894.220854242642
95341.0,-6894.222439259291
95342.0,-6894.224024275939
95343.0,-6894.225609292586
95344.0,-6894.227194309235
95345.0,-6894.228779325883
95346.0,-6894.23036434253
95347.0,-6894.2319493591785
95348.0,-6894.233534375827
95349.0,-6894.235119392474
95350.0,-6894.2367044091225
95351.0,-6894.238289425771
95352.0,-6894.239874442418
95353.0,-6894.241459459066
95354.0,-6894.243044475715
95355.0,-6894.244629492362
95356.0,-6894.24621450901
95357.0,-6894.247799525659
95358.0,-6894.249384542306
95359.0,-6894.250969558954
95360.0,-6894.2525545756025
95361.0,-6894.25413959225
95362.0,-6894.255724608898
95363.0,-6894.257309625546
95364.0,-6894.258894642194
95365.0,-6894.260479658842
95366.0,-6894.26206467549
95367.0,-6894.263649692138
95368.0,-6894.265234708786
95369.0,-6894.266819725434
95370.0,-6894.268404742082
95371.0,-6894.26998975873
95372.0,-6894.271574775378
95373.0,-6894.273159792026
95374.0,-6894.274744808674
95375.0,-6894.276329825322
95376.0,-6894.2779148419695
95377.0,-6894.279499858618
95378.0,-6894.281084875266
95379.0,-6894.282669891913
95380.0,-6894.284254908562
95381.0,-6894.28583992521
95382.0,-6894.287424941857
95383.0,-6894.289009958506
95384.0,-6894.290594975154
95385.0,-6894.292179991801
95386.0,-6894.29376500845
95387.0,-6894.295350025098
95388.0,-6894.296935041745
95389.0,-6894.2985200583935
95390.0,-6894.300105075042
95391.0,-6894.301690091689
95392.0,-6894.303275108337
95393.0,-6894.304860124986
95394.0,-6894.306445141633
95395.0,-6894.308030158281
95396.0,-6894.30961517493
95397.0,-6894.311200191577
95398.0,-6894.312785208225
95399.0,-6894.3143702248735
95400.0,-6894.315955241521
95401.0,-6894.317540258169
95402.0,-6894.319125274817
95403.0,-6894.320710291465
95404.0,-6894.322295308113
95405.0,-6894.323880324761
95406.0,-6894.325465341409
95407.0,-6894.327050358057
95408.0,-6894.328635374705
95409.0,-6894.330220391353
95410.0,-6894.331805408001
95411.0,-6894.333390424649
95412.0,-6894.334975441297
95413.0,-6894.336560457945
95414.0,-6894.338145474593
95415.0,-6894.3397304912405
95416.0,-6894.341315507889
95417.0,-6894.342900524537
95418.0,-6894.344485541184
95419.0,-6894.346070557833
95420.0,-6894.347655574481
95421.0,-6894.349240591128
95422.0,-6894.350825607777
95423.0,-6894.352410624425
95424.0,-6894.353995641072
95425.0,-6894.355580657721
95426.0,-6894.357165674369
95427.0,-6894.358750691016
95428.0,-6894.3603357076645
95429.0,-6894.361920724313
95430.0,-6894.36350574096
95431.0,-6894.365090757608
95432.0,-6894.366675774257
95433.0,-6894.368260790904
95434.0,-6894.369845807552
95435.0,-6894.371430824201
95436.0,-6894.373015840848
95437.0,-6894.374600857496
95438.0,-6894.3761858741445
95439.0,-6894.377770890792
95440.0,-6894.37935590744
95441.0,-6894.3809409240885
95442.0,-6894.382525940736
95443.0,-6894.384110957384
95444.0,-6894.385695974032
95445.0,-6894.38728099068
95446.0,-6894.388866007328
95447.0,-6894.390451023976
95448.0,-6894.392036040624
95449.0,-6894.393621057272
95450.0,-6894.39520607392
95451.0,-6894.396791090568
95452.0,-6894.398376107216
95453.0,-6894.399961123864
95454.0,-6894.4015461405115
95455.0,-6894.40313115716
95456.0,-6894.404716173808
95457.0,-6894.406301190455
95458.0,-6894.407886207104
95459.0,-6894.409471223752
95460.0,-6894.411056240399
95461.0,-6894.412641257048
95462.0,-6894.414226273696
95463.0,-6894.415811290343
95464.0,-6894.417396306992
95465.0,-6894.41898132364
95466.0,-6894.420566340287
95467.0,-6894.4221513569355
95468.0,-6894.423736373584
95469.0,-6894.425321390231
95470.0,-6894.426906406879
95471.0,-6894.428491423528
95472.0,-6894.430076440175
95473.0,-6894.431661456823
95474.0,-6894.433246473472
95475.0,-6894.434831490119
95476.0,-6894.436416506767
95477.0,-6894.438001523416
95478.0,-6894.439586540063
95479.0,-6894.441171556711
95480.0,-6894.4427565733595
95481.0,-6894.444341590007
95482.0,-6894.445926606655
95483.0,-6894.447511623303
95484.0,-6894.449096639951
95485.0,-6894.450681656599
95486.0,-6894.452266673247
95487.0,-6894.453851689895
95488.0,-6894.455436706543
95489.0,-6894.457021723191
95490.0,-6894.458606739839
95491.0,-6894.460191756487
95492.0,-6894.461776773135
95493.0,-6894.4633617897825
95494.0,-6894.464946806431
95495.0,-6894.466531823079
95496.0,-6894.4681168397265
95497.0,-6894.469701856375
95498.0,-6894.471286873023
95499.0,-6894.47287188967
95500.0,-6894.474456906319
95501.0,-6894.476041922967
95502.0,-6894.477626939614
95503.0,-6894.479211956263
95504.0,-6894.480796972911
95505.0,-6894.482381989558
95506.0,-6894.4839670062065
95507.0,-6894.485552022855
95508.0,-6894.487137039502
95509.0,-6894.48872205615
95510.0,-6894.490307072799
95511.0,-6894.491892089446
95512.0,-6894.493477106094
95513.0,-6894.495062122743
95514.0,-6894.49664713939
95515.0,-6894.498232156038
95516.0,-6894.499817172687
95517.0,-6894.501402189334
95518.0,-6894.502987205982
95519.0,-6894.5045722226305
95520.0,-6894.506157239278
95521.0,-6894.507742255926
95522.0,-6894.509327272574
95523.0,-6894.510912289222
95524.0,-6894.51249730587
95525.0,-6894.514082322518
95526.0,-6894.515667339166
95527.0,-6894.517252355814
95528.0,-6894.518837372462
95529.0,-6894.52042238911
95530.0,-6894.522007405758
95531.0,-6894.523592422406
95532.0,-6894.525177439054
95533.0,-6894.526762455702
95534.0,-6894.52834747235
95535.0,-6894.5299324889975
95536.0,-6894.531517505646
95537.0,-6894.533102522294
95538.0,-6894.534687538941
95539.0,-6894.53627255559
95540.0,-6894.537857572238
95541.0,-6894.539442588885
95542.0,-6894.541027605534
95543.0,-6894.542612622182
95544.0,-6894.544197638829
95545.0,-6894.5457826554775
95546.0,-6894.547367672126
95547.0,-6894.548952688773
95548.0,-6894.550537705421
95549.0,-6894.55212272207
95550.0,-6894.553707738717
95551.0,-6894.555292755365
95552.0,-6894.556877772014
95553.0,-6894.558462788661
95554.0,-6894.560047805309
95555.0,-6894.561632821958
95556.0,-6894.563217838605
95557.0,-6894.564802855253
95558.0,-6894.5663878719015
95559.0,-6894.567972888549
95560.0,-6894.569557905197
95561.0,-6894.571142921845
95562.0,-6894.572727938493
95563.0,-6894.574312955141
95564.0,-6894.575897971789
95565.0,-6894.577482988437
95566.0,-6894.579068005085
95567.0,-6894.580653021733
95568.0,-6894.582238038381
95569.0,-6894.583823055029
95570.0,-6894.585408071677
95571.0,-6894.586993088325
95572.0,-6894.588578104973
95573.0,-6894.590163121621
95574.0,-6894.5917481382685
95575.0,-6894.593333154917
95576.0,-6894.594918171565
95577.0,-6894.596503188212
95578.0,-6894.598088204861
95579.0,-6894.599673221509
95580.0,-6894.601258238156
95581.0,-6894.602843254805
95582.0,-6894.604428271453
95583.0,-6894.6060132881
95584.0,-6894.6075983047485
95585.0,-6894.609183321397
95586.0,-6894.610768338044
95587.0,-6894.6123533546925
95588.0,-6894.613938371341
95589.0,-6894.615523387988
95590.0,-6894.617108404636
95591.0,-6894.618693421285
95592.0,-6894.620278437932
95593.0,-6894.62186345458
95594.0,-6894.623448471229
95595.0,-6894.625033487876
95596.0,-6894.626618504524
95597.0,-6894.6282035211725
95598.0,-6894.62978853782
95599.0,-6894.631373554468
95600.0,-6894.632958571116
95601.0,-6894.634543587764
95602.0,-6894.636128604412
95603.0,-6894.63771362106
95604.0,-6894.639298637708
95605.0,-6894.640883654356
95606.0,-6894.642468671004
95607.0,-6894.644053687652
95608.0,-6894.6456387043
95609.0,-6894.647223720948
95610.0,-6894.648808737596
95611.0,-6894.650393754244
95612.0,-6894.651978770892
95613.0,-6894.6535637875395
95614.0,-6894.655148804188
95615.0,-6894.656733820836
95616.0,-6894.658318837483
95617.0,-6894.659903854132
95618.0,-6894.66148887078
95619.0,-6894.663073887427
95620.0,-6894.664658904076
95621.0,-6894.666243920724
95622.0,-6894.667828937371
95623.0,-6894.66941395402
95624.0,-6894.670998970668
95625.0,-6894.672583987315
95626.0,-6894.6741690039635
95627.0,-6894.675754020612
95628.0,-6894.677339037259
95629.0,-6894.678924053907
95630.0,-6894.680509070556
95631.0,-6894.682094087203
95632.0,-6894.683679103851
95633.0,-6894.6852641205
95634.0,-6894.686849137147
95635.0,-6894.688434153795
95636.0,-6894.6900191704435
95637.0,-6894.691604187091
95638.0,-6894.693189203739
95639.0,-6894.694774220387
95640.0,-6894.696359237035
95641.0,-6894.697944253683
95642.0,-6894.699529270331
95643.0,-6894.701114286979
95644.0,-6894.702699303627
95645.0,-6894.704284320275
95646.0,-6894.705869336923
95647.0,-6894.707454353571
95648.0,-6894.709039370219
95649.0,-6894.710624386867
95650.0,-6894.712209403515
95651.0,-6894.713794420163
95652.0,-6894.7153794368105
95653.0,-6894.716964453459
95654.0,-6894.718549470107
95655.0,-6894.720134486754
95656.0,-6894.721719503403
95657.0,-6894.723304520051
95658.0,-6894.724889536698
95659.0,-6894.726474553347
95660.0,-6894.728059569995
95661.0,-6894.729644586642
95662.0,-6894.731229603291
95663.0,-6894.732814619939
95664.0,-6894.734399636586
95665.0,-6894.7359846532345
95666.0,-6894.737569669883
95667.0,-6894.73915468653
95668.0,-6894.740739703178
95669.0,-6894.742324719827
95670.0,-6894.743909736474
95671.0,-6894.745494753122
95672.0,-6894.747079769771
95673.0,-6894.748664786418
95674.0,-6894.750249803066
95675.0,-6894.7518348197145
95676.0,-6894.753419836362
95677.0,-6894.75500485301
95678.0,-6894.7565898696585
95679.0,-6894.758174886306
95680.0,-6894.759759902954
95681.0,-6894.761344919602
95682.0,-6894.76292993625
95683.0,-6894.764514952898
95684.0,-6894.766099969546
95685.0,-6894.767684986194
95686.0,-6894.769270002842
95687.0,-6894.77085501949
95688.0,-6894.772440036138
95689.0,-6894.774025052786
95690.0,-6894.775610069434
95691.0,-6894.7771950860815
95692.0,-6894.77878010273
95693.0,-6894.780365119378
95694.0,-6894.781950136025
95695.0,-6894.783535152674
95696.0,-6894.785120169322
95697.0,-6894.786705185969
95698.0,-6894.788290202618
95699.0,-6894.789875219266
95700.0,-6894.791460235913
95701.0,-6894.793045252562
95702.0,-6894.79463026921
95703.0,-6894.796215285857
95704.0,-6894.7978003025055
95705.0,-6894.799385319154
95706.0,-6894.800970335801
95707.0,-6894.802555352449
95708.0,-6894.804140369098
95709.0,-6894.805725385745
95710.0,-6894.807310402393
95711.0,-6894.808895419042
95712.0,-6894.810480435689
95713.0,-6894.812065452337
95714.0,-6894.8136504689855
95715.0,-6894.815235485633
95716.0,-6894.816820502281
95717.0,-6894.8184055189295
95718.0,-6894.819990535577
95719.0,-6894.821575552225
95720.0,-6894.823160568873
95721.0,-6894.824745585521
95722.0,-6894.826330602169
95723.0,-6894.827915618817
95724.0,-6894.829500635465
95725.0,-6894.831085652113
95726.0,-6894.832670668761
95727.0,-6894.834255685409
95728.0,-6894.835840702057
95729.0,-6894.837425718705
95730.0,-6894.8390107353525
95731.0,-6894.840595752001
95732.0,-6894.842180768649
95733.0,-6894.8437657852965
95734.0,-6894.845350801945
95735.0,-6894.846935818593
95736.0,-6894.84852083524
95737.0,-6894.850105851889
95738.0,-6894.851690868537
95739.0,-6894.853275885184
95740.0,-6894.854860901833
95741.0,-6894.856445918481
95742.0,-6894.858030935128
95743.0,-6894.8596159517765
95744.0,-6894.861200968425
95745.0,-6894.862785985072
95746.0,-6894.86437100172
95747.0,-6894.865956018369
95748.0,-6894.867541035016
95749.0,-6894.869126051664
95750.0,-6894.870711068313
95751.0,-6894.87229608496
95752.0,-6894.873881101608
95753.0,-6894.875466118257
95754.0,-6894.877051134904
95755.0,-6894.878636151552
95756.0,-6894.8802211682005
95757.0,-6894.881806184848
95758.0,-6894.883391201496
95759.0,-6894.884976218144
95760.0,-6894.886561234792
95761.0,-6894.88814625144
95762.0,-6894.889731268088
95763.0,-6894.891316284736
95764.0,-6894.892901301384
95765.0,-6894.894486318032
95766.0,-6894.89607133468
95767.0,-6894.897656351328
95768.0,-6894.899241367976
95769.0,-6894.9008263846235
95770.0,-6894.902411401272
95771.0,-6894.90399641792
95772.0,-6894.9055814345675
95773.0,-6894.907166451216
95774.0,-6894.908751467864
95775.0,-6894.910336484511
95776.0,-6894.91192150116
95777.0,-6894.913506517808
95778.0,-6894.915091534455
95779.0,-6894.916676551104
95780.0,-6894.918261567752
95781.0,-6894.919846584399
95782.0,-6894.9214316010475
95783.0,-6894.923016617696
95784.0,-6894.924601634343
95785.0,-6894.926186650991
95786.0,-6894.92777166764
95787.0,-6894.929356684287
95788.0,-6894.930941700935
95789.0,-6894.932526717584
95790.0,-6894.934111734231
95791.0,-6894.935696750879
95792.0,-6894.937281767528
95793.0,-6894.938866784175
95794.0,-6894.940451800823
95795.0,-6894.9420368174715
95796.0,-6894.943621834119
95797.0,-6894.945206850767
95798.0,-6894.946791867415
95799.0,-6894.948376884063
95800.0,-6894.949961900711
95801.0,-6894.951546917359
95802.0,-6894.953131934007
95803.0,-6894.954716950655
95804.0,-6894.956301967303
95805.0,-6894.957886983951
95806.0,-6894.959472000599
95807.0,-6894.961057017247
95808.0,-6894.962642033895
95809.0,-6894.964227050543
95810.0,-6894.965812067191
95811.0,-6894.9673970838385
95812.0,-6894.968982100487
95813.0,-6894.970567117135
95814.0,-6894.972152133782
95815.0,-6894.973737150431
95816.0,-6894.975322167079
95817.0,-6894.976907183726
95818.0,-6894.978492200375
95819.0,-6894.980077217023
95820.0,-6894.98166223367
95821.0,-6894.9832472503185
95822.0,-6894.984832266967
95823.0,-6894.986417283614
95824.0,-6894.988002300262
95825.0,-6894.989587316911
95826.0,-6894.991172333558
95827.0,-6894.992757350206
95828.0,-6894.994342366855
95829.0,-6894.995927383502
95830.0,-6894.99751240015
95831.0,-6894.999097416799
95832.0,-6895.000682433446
95833.0,-6895.002267450094
95834.0,-6895.0038524667425
95835.0,-6895.00543748339
95836.0,-6895.007022500038
95837.0,-6895.008607516686
95838.0,-6895.010192533334
95839.0,-6895.011777549982
95840.0,-6895.01336256663
95841.0,-6895.014947583278
95842.0,-6895.016532599926
95843.0,-6895.018117616574
95844.0,-6895.019702633222
95845.0,-6895.02128764987
95846.0,-6895.022872666518
95847.0,-6895.024457683166
95848.0,-6895.026042699814
95849.0,-6895.027627716462
95850.0,-6895.0292127331095
95851.0,-6895.030797749758
95852.0,-6895.032382766406
95853.0,-6895.033967783053
95854.0,-6895.035552799702
95855.0,-6895.03713781635
95856.0,-6895.038722832997
95857.0,-6895.040307849646
95858.0,-6895.041892866294
95859.0,-6895.043477882941
95860.0,-6895.0450628995895
95861.0,-6895.046647916238
95862.0,-6895.048232932885
95863.0,-6895.0498179495335
95864.0,-6895.051402966182
95865.0,-6895.052987982829
95866.0,-6895.054572999477
95867.0,-6895.056158016126
95868.0,-6895.057743032773
95869.0,-6895.059328049421
95870.0,-6895.06091306607
95871.0,-6895.062498082717
95872.0,-6895.064083099365
95873.0,-6895.0656681160135
95874.0,-6895.067253132661
95875.0,-6895.068838149309
95876.0,-6895.070423165957
95877.0,-6895.072008182605
95878.0,-6895.073593199253
95879.0,-6895.075178215901
95880.0,-6895.076763232549
95881.0,-6895.078348249197
95882.0,-6895.079933265845
95883.0,-6895.081518282493
95884.0,-6895.083103299141
95885.0,-6895.084688315789
95886.0,-6895.086273332437
95887.0,-6895.087858349085
95888.0,-6895.089443365733
95889.0,-6895.0910283823805
95890.0,-6895.092613399029
95891.0,-6895.094198415677
95892.0,-6895.095783432324
95893.0,-6895.097368448973
95894.0,-6895.098953465621
95895.0,-6895.100538482268
95896.0,-6895.102123498917
95897.0,-6895.103708515565
95898.0,-6895.105293532212
95899.0,-6895.106878548861
95900.0,-6895.108463565509
95901.0,-6895.110048582156
95902.0,-6895.1116335988045
95903.0,-6895.113218615453
95904.0,-6895.1148036321
95905.0,-6895.116388648748
95906.0,-6895.117973665397
95907.0,-6895.119558682044
95908.0,-6895.121143698692
95909.0,-6895.122728715341
95910.0,-6895.124313731988
95911.0,-6895.125898748636
95912.0,-6895.1274837652845
95913.0,-6895.129068781932
95914.0,-6895.13065379858
95915.0,-6895.132238815228
95916.0,-6895.133823831876
95917.0,-6895.135408848524
95918.0,-6895.136993865172
95919.0,-6895.13857888182
95920.0,-6895.140163898468
95921.0,-6895.141748915116
95922.0,-6895.143333931764
95923.0,-6895.144918948412
95924.0,-6895.14650396506
95925.0,-6895.148088981708
95926.0,-6895.149673998356
95927.0,-6895.151259015004
95928.0,-6895.1528440316515
95929.0,-6895.1544290483
95930.0,-6895.156014064948
95931.0,-6895.157599081595
95932.0,-6895.159184098244
95933.0,-6895.160769114892
95934.0,-6895.162354131539
95935.0,-6895.163939148188
95936.0,-6895.165524164836
95937.0,-6895.167109181483
95938.0,-6895.168694198132
95939.0,-6895.17027921478
95940.0,-6895.171864231427
95941.0,-6895.1734492480755
95942.0,-6895.175034264724
95943.0,-6895.176619281371
95944.0,-6895.178204298019
95945.0,-6895.179789314668
95946.0,-6895.181374331315
95947.0,-6895.182959347963
95948.0,-6895.184544364612
95949.0,-6895.186129381259
95950.0,-6895.187714397907
95951.0,-6895.1892994145555
95952.0,-6895.190884431203
95953.0,-6895.192469447851
95954.0,-6895.1940544644995
95955.0,-6895.195639481147
95956.0,-6895.197224497795
95957.0,-6895.198809514443
95958.0,-6895.200394531091
95959.0,-6895.201979547739
95960.0,-6895.203564564387
95961.0,-6895.205149581035
95962.0,-6895.206734597683
95963.0,-6895.208319614331
95964.0,-6895.209904630979
95965.0,-6895.211489647627
95966.0,-6895.213074664275
95967.0,-6895.2146596809225
95968.0,-6895.216244697571
95969.0,-6895.217829714219
95970.0,-6895.219414730866
95971.0,-6895.220999747515
95972.0,-6895.222584764163
95973.0,-6895.22416978081
95974.0,-6895.225754797459
95975.0,-6895.227339814107
95976.0,-6895.228924830754
95977.0,-6895.230509847403
95978.0,-6895.232094864051
95979.0,-6895.233679880698
95980.0,-6895.2352648973465
95981.0,-6895.236849913995
95982.0,-6895.238434930642
95983.0,-6895.24001994729
95984.0,-6895.241604963939
95985.0,-6895.243189980586
95986.0,-6895.244774997234
95987.0,-6895.246360013883
95988.0,-6895.24794503053
95989.0,-6895.249530047178
95990.0,-6895.251115063827
95991.0,-6895.252700080474
95992.0,-6895.254285097122
95993.0,-6895.2558701137705
95994.0,-6895.257455130418
95995.0,-6895.259040147066
95996.0,-6895.260625163714
95997.0,-6895.262210180362
95998.0,-6895.26379519701
95999.0,-6895.265380213658
96000.0,-6895.266965230306
96001.0,-6895.268550246954
96002.0,-6895.270135263602
96003.0,-6895.27172028025
96004.0,-6895.273305296898
96005.0,-6895.274890313546
96006.0,-6895.2764753301935
96007.0,-6895.278060346842
96008.0,-6895.27964536349
96009.0,-6895.2812303801375
96010.0,-6895.282815396786
96011.0,-6895.284400413434
96012.0,-6895.285985430081
96013.0,-6895.28757044673
96014.0,-6895.289155463378
96015.0,-6895.290740480025
96016.0,-6895.292325496674
96017.0,-6895.293910513322
96018.0,-6895.295495529969
96019.0,-6895.2970805466175
96020.0,-6895.298665563266
96021.0,-6895.300250579913
96022.0,-6895.301835596561
96023.0,-6895.30342061321
96024.0,-6895.305005629857
96025.0,-6895.306590646505
96026.0,-6895.308175663154
96027.0,-6895.309760679801
96028.0,-6895.311345696449
96029.0,-6895.312930713098
96030.0,-6895.314515729745
96031.0,-6895.316100746393
96032.0,-6895.3176857630415
96033.0,-6895.319270779689
96034.0,-6895.320855796337
96035.0,-6895.322440812985
96036.0,-6895.324025829633
96037.0,-6895.325610846281
96038.0,-6895.327195862929
96039.0,-6895.328780879577
96040.0,-6895.330365896225
96041.0,-6895.331950912873
96042.0,-6895.333535929521
96043.0,-6895.335120946169
96044.0,-6895.336705962817
96045.0,-6895.338290979465
96046.0,-6895.339875996113
96047.0,-6895.341461012761
96048.0,-6895.3430460294085
96049.0,-6895.344631046057
96050.0,-6895.346216062705
96051.0,-6895.347801079352
96052.0,-6895.349386096001
96053.0,-6895.350971112649
96054.0,-6895.352556129296
96055.0,-6895.354141145945
96056.0,-6895.355726162593
96057.0,-6895.35731117924
96058.0,-6895.3588961958885
96059.0,-6895.360481212537
96060.0,-6895.362066229184
96061.0,-6895.363651245832
96062.0,-6895.365236262481
96063.0,-6895.366821279128
96064.0,-6895.368406295776
96065.0,-6895.369991312425
96066.0,-6895.371576329072
96067.0,-6895.37316134572
96068.0,-6895.374746362369
96069.0,-6895.376331379016
96070.0,-6895.377916395664
96071.0,-6895.3795014123125
96072.0,-6895.38108642896
96073.0,-6895.382671445608
96074.0,-6895.384256462256
96075.0,-6895.385841478904
96076.0,-6895.387426495552
96077.0,-6895.3890115122
96078.0,-6895.390596528848
96079.0,-6895.392181545496
96080.0,-6895.393766562144
96081.0,-6895.395351578792
96082.0,-6895.39693659544
96083.0,-6895.398521612088
96084.0,-6895.400106628736
96085.0,-6895.401691645384
96086.0,-6895.403276662032
96087.0,-6895.4048616786795
96088.0,-6895.406446695328
96089.0,-6895.408031711976
96090.0,-6895.409616728623
96091.0,-6895.411201745272
96092.0,-6895.41278676192
96093.0,-6895.414371778567
96094.0,-6895.415956795216
96095.0,-6895.417541811864
96096.0,-6895.419126828511
96097.0,-6895.4207118451595
96098.0,-6895.422296861808
96099.0,-6895.423881878455
96100.0,-6895.425466895103
96101.0,-6895.427051911752
96102.0,-6895.428636928399
96103.0,-6895.430221945047
96104.0,-6895.431806961696
96105.0,-6895.433391978343
96106.0,-6895.434976994991
96107.0,-6895.43656201164
96108.0,-6895.438147028287
96109.0,-6895.439732044935
96110.0,-6895.4413170615835
96111.0,-6895.442902078231
96112.0,-6895.444487094879
96113.0,-6895.446072111527
96114.0,-6895.447657128175
96115.0,-6895.449242144823
96116.0,-6895.450827161471
96117.0,-6895.452412178119
96118.0,-6895.453997194767
96119.0,-6895.455582211415
96120.0,-6895.457167228063
96121.0,-6895.458752244711
96122.0,-6895.460337261359
96123.0,-6895.461922278007
96124.0,-6895.463507294655
96125.0,-6895.465092311303
96126.0,-6895.4666773279505
96127.0,-6895.468262344599
96128.0,-6895.469847361247
96129.0,-6895.471432377894
96130.0,-6895.473017394543
96131.0,-6895.474602411191
96132.0,-6895.476187427838
96133.0,-6895.477772444487
96134.0,-6895.479357461135
96135.0,-6895.480942477782
96136.0,-6895.4825274944305
96137.0,-6895.484112511079
96138.0,-6895.485697527726
96139.0,-6895.4872825443745
96140.0,-6895.488867561023
96141.0,-6895.49045257767
96142.0,-6895.492037594318
96143.0,-6895.493622610967
96144.0,-6895.495207627614
96145.0,-6895.496792644262
96146.0,-6895.498377660911
96147.0,-6895.499962677558
96148.0,-6895.501547694206
96149.0,-6895.5031327108545
96150.0,-6895.504717727502
96151.0,-6895.50630274415
96152.0,-6895.507887760798
96153.0,-6895.509472777446
96154.0,-6895.511057794094
96155.0,-6895.512642810742
96156.0,-6895.51422782739
96157.0,-6895.515812844038
96158.0,-6895.517397860686
96159.0,-6895.518982877334
96160.0,-6895.520567893982
96161.0,-6895.52215291063
96162.0,-6895.523737927278
96163.0,-6895.525322943926
96164.0,-6895.526907960574
96165.0,-6895.5284929772215
96166.0,-6895.53007799387
96167.0,-6895.531663010518
96168.0,-6895.533248027165
96169.0,-6895.534833043814
96170.0,-6895.536418060462
96171.0,-6895.538003077109
96172.0,-6895.539588093758
96173.0,-6895.541173110406
96174.0,-6895.542758127053
96175.0,-6895.544343143702
96176.0,-6895.54592816035
96177.0,-6895.547513176997
96178.0,-6895.5490981936455
96179.0,-6895.550683210294
96180.0,-6895.552268226941
96181.0,-6895.553853243589
96182.0,-6895.555438260238
96183.0,-6895.557023276885
96184.0,-6895.558608293533
96185.0,-6895.560193310182
96186.0,-6895.561778326829
96187.0,-6895.563363343477
96188.0,-6895.5649483601255
96189.0,-6895.566533376773
96190.0,-6895.568118393421
96191.0,-6895.569703410069
96192.0,-6895.571288426717
96193.0,-6895.572873443365
96194.0,-6895.574458460013
96195.0,-6895.576043476661
96196.0,-6895.577628493309
96197.0,-6895.579213509957
96198.0,-6895.580798526605
96199.0,-6895.582383543253
96200.0,-6895.583968559901
96201.0,-6895.585553576549
96202.0,-6895.587138593197
96203.0,-6895.588723609845
96204.0,-6895.5903086264925
96205.0,-6895.591893643141
96206.0,-6895.593478659789
96207.0,-6895.595063676436
96208.0,-6895.596648693085
96209.0,-6895.598233709733
96210.0,-6895.59981872638
96211.0,-6895.601403743029
96212.0,-6895.602988759677
96213.0,-6895.604573776324
96214.0,-6895.606158792973
96215.0,-6895.607743809621
96216.0,-6895.609328826268
96217.0,-6895.6109138429165
96218.0,-6895.612498859565
96219.0,-6895.614083876212
96220.0,-6895.61566889286
96221.0,-6895.617253909509
96222.0,-6895.618838926156
96223.0,-6895.620423942804
96224.0,-6895.622008959453
96225.0,-6895.6235939761
96226.0,-6895.625178992748
96227.0,-6895.6267640093965
96228.0,-6895.628349026044
96229.0,-6895.629934042692
96230.0,-6895.6315190593405
96231.0,-6895.633104075988
96232.0,-6895.634689092636
96233.0,-6895.636274109284
96234.0,-6895.637859125932
96235.0,-6895.63944414258
96236.0,-6895.641029159228
96237.0,-6895.642614175876
96238.0,-6895.644199192524
96239.0,-6895.645784209172
96240.0,-6895.64736922582
96241.0,-6895.648954242468
96242.0,-6895.650539259116
96243.0,-6895.6521242757635
96244.0,-6895.653709292412
96245.0,-6895.65529430906
96246.0,-6895.656879325707
96247.0,-6895.658464342356
96248.0,-6895.660049359004
96249.0,-6895.661634375651
96250.0,-6895.6632193923
96251.0,-6895.664804408948
96252.0,-6895.666389425595
96253.0,-6895.667974442244
96254.0,-6895.669559458892
96255.0,-6895.671144475539
96256.0,-6895.6727294921875
96257.0,-6895.706100483735
96258.0,-6895.739471475284
96259.0,-6895.772842466831
96260.0,-6895.806213458379
96261.0,-6895.839584449927
96262.0,-6895.872955441475
96263.0,-6895.9063264330225
96264.0,-6895.939697424571
96265.0,-6895.973068416119
96266.0,-6896.006439407666
96267.0,-6896.039810399215
96268.0,-6896.073181390762
96269.0,-6896.10655238231
96270.0,-6896.139923373858
96271.0,-6896.173294365406
96272.0,-6896.206665356954
96273.0,-6896.240036348502
96274.0,-6896.27340734005
96275.0,-6896.306778331597
96276.0,-6896.340149323146
96277.0,-6896.373520314693
96278.0,-6896.406891306241
96279.0,-6896.44026229779
96280.0,-6896.473633289337
96281.0,-6896.507004280885
96282.0,-6896.540375272433
96283.0,-6896.573746263981
96284.0,-6896.6071172555285
96285.0,-6896.640488247077
96286.0,-6896.673859238625
96287.0,-6896.707230230172
96288.0,-6896.740601221721
96289.0,-6896.773972213268
96290.0,-6896.807343204816
96291.0,-6896.840714196364
96292.0,-6896.874085187912
96293.0,-6896.90745617946
96294.0,-6896.940827171008
96295.0,-6896.974198162556
96296.0,-6897.007569154103
96297.0,-6897.040940145652
96298.0,-6897.074311137199
96299.0,-6897.107682128747
96300.0,-6897.1410531202955
96301.0,-6897.174424111843
96302.0,-6897.207795103391
96303.0,-6897.241166094939
96304.0,-6897.274537086487
96305.0,-6897.307908078034
96306.0,-6897.341279069583
96307.0,-6897.3746500611305
96308.0,-6897.408021052678
96309.0,-6897.441392044227
96310.0,-6897.474763035774
96311.0,-6897.508134027322
96312.0,-6897.54150501887
96313.0,-6897.574876010418
96314.0,-6897.6082470019655
96315.0,-6897.641617993514
96316.0,-6897.674988985062
96317.0,-6897.708359976609
96318.0,-6897.741730968158
96319.0,-6897.775101959705
96320.0,-6897.808472951253
96321.0,-6897.8418439428015
96322.0,-6897.875214934349
96323.0,-6897.908585925897
96324.0,-6897.941956917445
96325.0,-6897.975327908993
96326.0,-6898.00869890054
96327.0,-6898.042069892089
96328.0,-6898.0754408836365
96329.0,-6898.108811875184
96330.0,-6898.142182866733
96331.0,-6898.17555385828
96332.0,-6898.208924849828
96333.0,-6898.242295841376
96334.0,-6898.275666832924
96335.0,-6898.3090378244715
96336.0,-6898.34240881602
96337.0,-6898.375779807568
96338.0,-6898.409150799115
96339.0,-6898.442521790664
96340.0,-6898.475892782211
96341.0,-6898.509263773759
96342.0,-6898.542634765307
96343.0,-6898.576005756855
96344.0,-6898.609376748403
96345.0,-6898.642747739951
96346.0,-6898.676118731499
96347.0,-6898.709489723046
96348.0,-6898.742860714595
96349.0,-6898.776231706142
96350.0,-6898.80960269769
96351.0,-6898.8429736892385
96352.0,-6898.876344680786
96353.0,-6898.909715672334
96354.0,-6898.943086663882
96355.0,-6898.97645765543
96356.0,-6899.009828646977
96357.0,-6899.043199638526
96358.0,-6899.076570630074
96359.0,-6899.109941621621
96360.0,-6899.14331261317
96361.0,-6899.176683604717
96362.0,-6899.210054596265
96363.0,-6899.243425587813
96364.0,-6899.276796579361
96365.0,-6899.310167570909
96366.0,-6899.343538562457
96367.0,-6899.376909554005
96368.0,-6899.410280545552
96369.0,-6899.443651537101
96370.0,-6899.477022528648
96371.0,-6899.510393520196
96372.0,-6899.5437645117445
96373.0,-6899.577135503292
96374.0,-6899.61050649484
96375.0,-6899.643877486388
96376.0,-6899.677248477936
96377.0,-6899.710619469483
96378.0,-6899.743990461032
96379.0,-6899.7773614525795
96380.0,-6899.810732444127
96381.0,-6899.844103435676
96382.0,-6899.877474427223
96383.0,-6899.910845418771
96384.0,-6899.944216410319
96385.0,-6899.977587401867
96386.0,-6900.0109583934145
96387.0,-6900.044329384963
96388.0,-6900.077700376511
96389.0,-6900.111071368058
96390.0,-6900.144442359607
96391.0,-6900.177813351154
96392.0,-6900.211184342702
96393.0,-6900.24455533425
96394.0,-6900.277926325798
96395.0,-6900.311297317346
96396.0,-6900.344668308894
96397.0,-6900.378039300442
96398.0,-6900.411410291989
96399.0,-6900.444781283538
96400.0,-6900.478152275085
96401.0,-6900.511523266633
96402.0,-6900.544894258182
96403.0,-6900.578265249729
96404.0,-6900.611636241277
96405.0,-6900.645007232825
96406.0,-6900.678378224373
96407.0,-6900.7117492159205
96408.0,-6900.745120207469
96409.0,-6900.778491199017
96410.0,-6900.811862190564
96411.0,-6900.845233182113
96412.0,-6900.87860417366
96413.0,-6900.911975165208
96414.0,-6900.945346156756
96415.0,-6900.978717148304
96416.0,-6901.012088139852
96417.0,-6901.0454591314
96418.0,-6901.078830122948
96419.0,-6901.112201114495
96420.0,-6901.145572106044
96421.0,-6901.178943097591
96422.0,-6901.212314089139
96423.0,-6901.2456850806875
96424.0,-6901.279056072235
96425.0,-6901.312427063783
96426.0,-6901.345798055331
96427.0,-6901.379169046879
96428.0,-6901.412540038426
96429.0,-6901.445911029975
96430.0,-6901.4792820215225
96431.0,-6901.51265301307
96432.0,-6901.546024004619
96433.0,-6901.579394996166
96434.0,-6901.612765987714
96435.0,-6901.646136979262
96436.0,-6901.67950797081
96437.0,-6901.7128789623575
96438.0,-6901.746249953906
96439.0,-6901.779620945454
96440.0,-6901.812991937001
96441.0,-6901.84636292855
96442.0,-6901.879733920097
96443.0,-6901.913104911645
96444.0,-6901.9464759031935
96445.0,-6901.979846894741
96446.0,-6902.013217886289
96447.0,-6902.046588877837
96448.0,-6902.079959869385
96449.0,-6902.113330860932
96450.0,-6902.146701852481
96451.0,-6902.1800728440285
96452.0,-6902.213443835576
96453.0,-6902.246814827125
96454.0,-6902.280185818672
96455.0,-6902.31355681022
96456.0,-6902.346927801768
96457.0,-6902.380298793316
96458.0,-6902.4136697848635
96459.0,-6902.447040776412
96460.0,-6902.48041176796
96461.0,-6902.513782759507
96462.0,-6902.547153751056
96463.0,-6902.580524742603
96464.0,-6902.613895734151
96465.0,-6902.647266725699
96466.0,-6902.680637717247
96467.0,-6902.714008708795
96468.0,-6902.747379700343
96469.0,-6902.780750691891
96470.0,-6902.814121683438
96471.0,-6902.847492674987
96472.0,-6902.880863666534
96473.0,-6902.914234658082
96474.0,-6902.9476056496305
96475.0,-6902.980976641178
96476.0,-6903.014347632726
96477.0,-6903.047718624274
96478.0,-6903.081089615822
96479.0,-6903.114460607369
96480.0,-6903.147831598918
96481.0,-6903.181202590466
96482.0,-6903.214573582013
96483.0,-6903.247944573562
96484.0,-6903.281315565109
96485.0,-6903.314686556657
96486.0,-6903.348057548205
96487.0,-6903.381428539753
96488.0,-6903.414799531301
96489.0,-6903.448170522849
96490.0,-6903.481541514397
96491.0,-6903.514912505944
96492.0,-6903.548283497493
96493.0,-6903.58165448904
96494.0,-6903.615025480588
96495.0,-6903.6483964721365
96496.0,-6903.681767463684
96497.0,-6903.715138455232
96498.0,-6903.74850944678
96499.0,-6903.781880438328
96500.0,-6903.815251429875
96501.0,-6903.848622421424
96502.0,-6903.8819934129715
96503.0,-6903.915364404519
96504.0,-6903.948735396068
96505.0,-6903.982106387615
96506.0,-6904.015477379163
96507.0,-6904.048848370711
96508.0,-6904.082219362259
96509.0,-6904.1155903538065
96510.0,-6904.148961345355
96511.0,-6904.182332336903
96512.0,-6904.21570332845
96513.0,-6904.249074319999
96514.0,-6904.282445311546
96515.0,-6904.315816303094
96516.0,-6904.349187294642
96517.0,-6904.38255828619
96518.0,-6904.415929277738
96519.0,-6904.449300269286
96520.0,-6904.482671260834
96521.0,-6904.516042252381
96522.0,-6904.54941324393
96523.0,-6904.582784235477
96524.0,-6904.616155227025
96525.0,-6904.649526218574
96526.0,-6904.682897210121
96527.0,-6904.716268201669
96528.0,-6904.749639193217
96529.0,-6904.783010184765
96530.0,-6904.8163811763125
96531.0,-6904.849752167861
96532.0,-6904.883123159409
96533.0,-6904.916494150956
96534.0,-6904.949865142505
96535.0,-6904.983236134052
96536.0,-6905.0166071256
96537.0,-6905.049978117148
96538.0,-6905.083349108696
96539.0,-6905.116720100244
96540.0,-6905.150091091792
96541.0,-6905.18346208334
96542.0,-6905.216833074887
96543.0,-6905.250204066436
96544.0,-6905.283575057983
96545.0,-6905.316946049531
96546.0,-6905.3503170410795
96547.0,-6905.383688032627
96548.0,-6905.417059024175
96549.0,-6905.450430015723
96550.0,-6905.483801007271
96551.0,-6905.517171998818
96552.0,-6905.550542990367
96553.0,-6905.5839139819145
96554.0,-6905.617284973462
96555.0,-6905.650655965011
96556.0,-6905.684026956558
96557.0,-6905.717397948106
96558.0,-6905.750768939654
96559.0,-6905.784139931202
96560.0,-6905.8175109227495
96561.0,-6905.850881914298
96562.0,-6905.884252905846
96563.0,-6905.917623897393
96564.0,-6905.950994888942
96565.0,-6905.984365880489
96566.0,-6906.017736872037
96567.0,-6906.0511078635855
96568.0,-6906.084478855133
96569.0,-6906.117849846681
96570.0,-6906.151220838229
96571.0,-6906.184591829777
96572.0,-6906.217962821324
96573.0,-6906.251333812873
96574.0,-6906.2847048044205
96575.0,-6906.318075795968
96576.0,-6906.351446787517
96577.0,-6906.384817779064
96578.0,-6906.418188770612
96579.0,-6906.45155976216
96580.0,-6906.484930753708
96581.0,-6906.5183017452555
96582.0,-6906.551672736804
96583.0,-6906.585043728352
96584.0,-6906.618414719899
96585.0,-6906.651785711448
96586.0,-6906.685156702995
96587.0,-6906.718527694543
96588.0,-6906.751898686091
96589.0,-6906.785269677639
96590.0,-6906.818640669187
96591.0,-6906.852011660735
96592.0,-6906.885382652283
96593.0,-6906.91875364383
96594.0,-6906.952124635379
96595.0,-6906.985495626926
96596.0,-6907.018866618474
96597.0,-6907.0522376100225
96598.0,-6907.08560860157
96599.0,-6907.118979593118
96600.0,-6907.152350584666
96601.0,-6907.185721576214
96602.0,-6907.219092567761
96603.0,-6907.25246355931
96604.0,-6907.2858345508575
96605.0,-6907.319205542405
96606.0,-6907.352576533954
96607.0,-6907.385947525501
96608.0,-6907.419318517049
96609.0,-6907.452689508597
96610.0,-6907.486060500145
96611.0,-6907.519431491693
96612.0,-6907.552802483241
96613.0,-6907.586173474789
96614.0,-6907.619544466336
96615.0,-6907.652915457885
96616.0,-6907.686286449432
96617.0,-6907.71965744098
96618.0,-6907.7530284325285
96619.0,-6907.786399424076
96620.0,-6907.819770415624
96621.0,-6907.853141407172
96622.0,-6907.88651239872
96623.0,-6907.919883390267
96624.0,-6907.953254381816
96625.0,-6907.9866253733635
96626.0,-6908.019996364911
96627.0,-6908.05336735646
96628.0,-6908.086738348007
96629.0,-6908.120109339555
96630.0,-6908.153480331103
96631.0,-6908.186851322651
96632.0,-6908.2202223141985
96633.0,-6908.253593305747
96634.0,-6908.286964297295
96635.0,-6908.320335288842
96636.0,-6908.353706280391
96637.0,-6908.387077271938
96638.0,-6908.420448263486
96639.0,-6908.453819255034
96640.0,-6908.487190246582
96641.0,-6908.52056123813
96642.0,-6908.553932229678
96643.0,-6908.587303221226
96644.0,-6908.620674212773
96645.0,-6908.654045204322
96646.0,-6908.687416195869
96647.0,-6908.720787187417
96648.0,-6908.754158178966
96649.0,-6908.787529170513
96650.0,-6908.820900162061
96651.0,-6908.854271153609
96652.0,-6908.887642145157
96653.0,-6908.9210131367045
96654.0,-6908.954384128253
96655.0,-6908.987755119801
96656.0,-6909.021126111348
96657.0,-6909.054497102897
96658.0,-6909.087868094444
96659.0,-6909.121239085992
96660.0,-6909.15461007754
96661.0,-6909.187981069088
96662.0,-6909.221352060636
96663.0,-6909.254723052184
96664.0,-6909.288094043732
96665.0,-6909.321465035279
96666.0,-6909.354836026828
96667.0,-6909.388207018375
96668.0,-6909.421578009923
96669.0,-6909.4549490014715
96670.0,-6909.488319993019
96671.0,-6909.521690984567
96672.0,-6909.555061976115
96673.0,-6909.588432967663
96674.0,-6909.62180395921
96675.0,-6909.655174950759
96676.0,-6909.6885459423065
96677.0,-6909.721916933854
96678.0,-6909.755287925403
96679.0,-6909.78865891695
96680.0,-6909.822029908498
96681.0,-6909.855400900046
96682.0,-6909.888771891594
96683.0,-6909.9221428831415
96684.0,-6909.95551387469
96685.0,-6909.988884866238
96686.0,-6910.022255857785
96687.0,-6910.055626849334
96688.0,-6910.088997840881
96689.0,-6910.122368832429
96690.0,-6910.1557398239775
96691.0,-6910.189110815525
96692.0,-6910.222481807073
96693.0,-6910.255852798621
96694.0,-6910.289223790169
96695.0,-6910.322594781716
96696.0,-6910.355965773265
96697.0,-6910.3893367648125
96698.0,-6910.42270775636
96699.0,-6910.456078747909
96700.0,-6910.489449739456
96701.0,-6910.522820731004
96702.0,-6910.556191722552
96703.0,-6910.5895627141
96704.0,-6910.6229337056475
96705.0,-6910.656304697196
96706.0,-6910.689675688744
96707.0,-6910.723046680291
96708.0,-6910.75641767184
96709.0,-6910.789788663387
96710.0,-6910.823159654935
96711.0,-6910.856530646483
96712.0,-6910.889901638031
96713.0,-6910.923272629579
96714.0,-6910.956643621127
96715.0,-6910.990014612675
96716.0,-6911.023385604222
96717.0,-6911.056756595771
96718.0,-6911.090127587318
96719.0,-6911.123498578866
96720.0,-6911.1568695704145
96721.0,-6911.190240561962
96722.0,-6911.22361155351
96723.0,-6911.256982545058
96724.0,-6911.290353536606
96725.0,-6911.323724528153
96726.0,-6911.357095519702
96727.0,-6911.3904665112495
96728.0,-6911.423837502797
96729.0,-6911.457208494346
96730.0,-6911.490579485893
96731.0,-6911.523950477441
96732.0,-6911.557321468989
96733.0,-6911.590692460537
96734.0,-6911.624063452085
96735.0,-6911.657434443633
96736.0,-6911.690805435181
96737.0,-6911.724176426728
96738.0,-6911.757547418277
96739.0,-6911.790918409824
96740.0,-6911.824289401372
96741.0,-6911.8576603929205
96742.0,-6911.891031384468
96743.0,-6911.924402376016
96744.0,-6911.957773367564
96745.0,-6911.991144359112
96746.0,-6912.024515350659
96747.0,-6912.057886342208
96748.0,-6912.0912573337555
96749.0,-6912.124628325303
96750.0,-6912.157999316852
96751.0,-6912.191370308399
96752.0,-6912.224741299947
96753.0,-6912.258112291495
96754.0,-6912.291483283043
96755.0,-6912.3248542745905
96756.0,-6912.358225266139
96757.0,-6912.391596257687
96758.0,-6912.424967249234
96759.0,-6912.458338240783
96760.0,-6912.49170923233
96761.0,-6912.525080223878
96762.0,-6912.558451215426
96763.0,-6912.591822206974
96764.0,-6912.625193198522
96765.0,-6912.65856419007
96766.0,-6912.691935181618
96767.0,-6912.725306173165
96768.0,-6912.758677164714
96769.0,-6912.792048156261
96770.0,-6912.825419147809
96771.0,-6912.858790139358
96772.0,-6912.892161130905
96773.0,-6912.925532122453
96774.0,-6912.958903114001
96775.0,-6912.992274105549
96776.0,-6913.0256450970965
96777.0,-6913.059016088645
96778.0,-6913.092387080193
96779.0,-6913.12575807174
96780.0,-6913.159129063289
96781.0,-6913.192500054836
96782.0,-6913.225871046384
96783.0,-6913.259242037932
96784.0,-6913.29261302948
96785.0,-6913.325984021028
96786.0,-6913.359355012576
96787.0,-6913.392726004124
96788.0,-6913.426096995671
96789.0,-6913.45946798722
96790.0,-6913.492838978767
96791.0,-6913.526209970315
96792.0,-6913.5595809618635
96793.0,-6913.592951953411
96794.0,-6913.626322944959
96795.0,-6913.659693936507
96796.0,-6913.693064928055
96797.0,-6913.726435919602
96798.0,-6913.759806911151
96799.0,-6913.7931779026985
96800.0,-6913.826548894246
96801.0,-6913.859919885795
96802.0,-6913.893290877342
96803.0,-6913.92666186889
96804.0,-6913.960032860438
96805.0,-6913.993403851986
96806.0,-6914.0267748435335
96807.0,-6914.060145835082
96808.0,-6914.09351682663
96809.0,-6914.126887818177
96810.0,-6914.160258809726
96811.0,-6914.193629801273
96812.0,-6914.227000792821
96813.0,-6914.260371784369
96814.0,-6914.293742775917
96815.0,-6914.327113767465
96816.0,-6914.360484759013
96817.0,-6914.393855750561
96818.0,-6914.427226742108
96819.0,-6914.460597733657
96820.0,-6914.4939687252045
96821.0,-6914.527339716752
96822.0,-6914.560710708301
96823.0,-6914.594081699848
96824.0,-6914.627452691396
96825.0,-6914.660823682944
96826.0,-6914.694194674492
96827.0,-6914.7275656660395
96828.0,-6914.760936657588
96829.0,-6914.794307649136
96830.0,-6914.827678640683
96831.0,-6914.861049632232
96832.0,-6914.894420623779
96833.0,-6914.927791615327
96834.0,-6914.961162606875
96835.0,-6914.994533598423
96836.0,-6915.027904589971
96837.0,-6915.061275581519
96838.0,-6915.094646573067
96839.0,-6915.128017564614
96840.0,-6915.161388556163
96841.0,-6915.19475954771
96842.0,-6915.228130539258
96843.0,-6915.2615015308065
96844.0,-6915.294872522354
96845.0,-6915.328243513902
96846.0,-6915.36161450545
96847.0,-6915.394985496998
96848.0,-6915.428356488545
96849.0,-6915.461727480094
96850.0,-6915.4950984716415
96851.0,-6915.528469463189
96852.0,-6915.561840454738
96853.0,-6915.595211446285
96854.0,-6915.628582437833
96855.0,-6915.661953429381
96856.0,-6915.695324420929
96857.0,-6915.728695412477
96858.0,-6915.762066404025
96859.0,-6915.795437395573
96860.0,-6915.82880838712
96861.0,-6915.862179378669
96862.0,-6915.895550370216
96863.0,-6915.928921361764
96864.0,-6915.9622923533125
96865.0,-6915.99566334486
96866.0,-6916.029034336408
96867.0,-6916.062405327956
96868.0,-6916.095776319504
96869.0,-6916.129147311051
96870.0,-6916.1625183026
96871.0,-6916.1958892941475
96872.0,-6916.229260285695
96873.0,-6916.262631277244
96874.0,-6916.296002268791
96875.0,-6916.329373260339
96876.0,-6916.362744251887
96877.0,-6916.396115243435
96878.0,-6916.4294862349825
96879.0,-6916.462857226531
96880.0,-6916.496228218079
96881.0,-6916.529599209626
96882.0,-6916.562970201175
96883.0,-6916.596341192722
96884.0,-6916.62971218427
96885.0,-6916.663083175818
96886.0,-6916.696454167366
96887.0,-6916.729825158914
96888.0,-6916.763196150462
96889.0,-6916.79656714201
96890.0,-6916.829938133557
96891.0,-6916.863309125106
96892.0,-6916.896680116653
96893.0,-6916.930051108201
96894.0,-6916.96342209975
96895.0,-6916.996793091297
96896.0,-6917.030164082845
96897.0,-6917.063535074393
96898.0,-6917.096906065941
96899.0,-6917.1302770574885
96900.0,-6917.163648049037
96901.0,-6917.197019040585
96902.0,-6917.230390032132
96903.0,-6917.263761023681
96904.0,-6917.297132015228
96905.0,-6917.330503006776
96906.0,-6917.363873998324
96907.0,-6917.397244989872
96908.0,-6917.43061598142
96909.0,-6917.463986972968
96910.0,-6917.497357964516
96911.0,-6917.530728956063
96912.0,-6917.564099947612
96913.0,-6917.597470939159
96914.0,-6917.630841930707
96915.0,-6917.6642129222555
96916.0,-6917.697583913803
96917.0,-6917.730954905351
96918.0,-6917.764325896899
96919.0,-6917.797696888447
96920.0,-6917.831067879994
96921.0,-6917.864438871543
96922.0,-6917.8978098630905
96923.0,-6917.931180854638
96924.0,-6917.964551846187
96925.0,-6917.997922837734
96926.0,-6918.031293829282
96927.0,-6918.06466482083
96928.0,-6918.098035812378
96929.0,-6918.1314068039255
96930.0,-6918.164777795474
96931.0,-6918.198148787022
96932.0,-6918.231519778569
96933.0,-6918.264890770118
96934.0,-6918.298261761665
96935.0,-6918.331632753213
96936.0,-6918.365003744761
96937.0,-6918.398374736309
96938.0,-6918.431745727857
96939.0,-6918.465116719405
96940.0,-6918.498487710953
96941.0,-6918.5318587025
96942.0,-6918.565229694049
96943.0,-6918.5986006855965
96944.0,-6918.631971677144
96945.0,-6918.665342668693
96946.0,-6918.69871366024
96947.0,-6918.732084651788
96948.0,-6918.765455643336
96949.0,-6918.798826634884
96950.0,-6918.8321976264315
96951.0,-6918.86556861798
96952.0,-6918.898939609528
96953.0,-6918.932310601075
96954.0,-6918.965681592624
96955.0,-6918.999052584171
96956.0,-6919.032423575719
96957.0,-6919.065794567267
96958.0,-6919.099165558815
96959.0,-6919.132536550363
96960.0,-6919.165907541911
96961.0,-6919.199278533459
96962.0,-6919.232649525006
96963.0,-6919.266020516555
96964.0,-6919.299391508102
96965.0,-6919.33276249965
96966.0,-6919.3661334911985
96967.0,-6919.399504482746
96968.0,-6919.432875474294
96969.0,-6919.466246465842
96970.0,-6919.49961745739
96971.0,-6919.532988448937
96972.0,-6919.566359440486
96973.0,-6919.5997304320335
96974.0,-6919.633101423581
96975.0,-6919.66647241513
96976.0,-6919.699843406677
96977.0,-6919.733214398225
96978.0,-6919.766585389773
96979.0,-6919.799956381321
96980.0,-6919.833327372869
96981.0,-6919.866698364417
96982.0,-6919.900069355965
96983.0,-6919.933440347512
96984.0,-6919.966811339061
96985.0,-6920.000182330608
96986.0,-6920.033553322156
96987.0,-6920.0669243137045
96988.0,-6920.100295305252
96989.0,-6920.1336662968
96990.0,-6920.167037288348
96991.0,-6920.200408279896
96992.0,-6920.233779271443
96993.0,-6920.267150262992
96994.0,-6920.3005212545395
96995.0,-6920.333892246087
96996.0,-6920.367263237636
96997.0,-6920.400634229183
96998.0,-6920.434005220731
96999.0,-6920.467376212279
97000.0,-6920.500747203827
97001.0,-6920.5341181953745
97002.0,-6920.567489186923
97003.0,-6920.600860178471
97004.0,-6920.634231170018
97005.0,-6920.667602161567
97006.0,-6920.700973153114
97007.0,-6920.734344144662
97008.0,-6920.76771513621
97009.0,-6920.801086127758
97010.0,-6920.834457119306
97011.0,-6920.867828110854
97012.0,-6920.901199102402
97013.0,-6920.934570093949
97014.0,-6920.967941085498
97015.0,-6921.001312077045
97016.0,-6921.034683068593
97017.0,-6921.068054060142
97018.0,-6921.101425051689
97019.0,-6921.134796043237
97020.0,-6921.168167034785
97021.0,-6921.201538026333
97022.0,-6921.23490901788
97023.0,-6921.268280009429
97024.0,-6921.301651000977
97025.0,-6921.335021992524
97026.0,-6921.368392984073
97027.0,-6921.40176397562
97028.0,-6921.435134967168
97029.0,-6921.468505958716
97030.0,-6921.501876950264
97031.0,-6921.535247941812
97032.0,-6921.56861893336
97033.0,-6921.601989924908
97034.0,-6921.635360916455
97035.0,-6921.668731908004
97036.0,-6921.702102899551
97037.0,-6921.735473891099
97038.0,-6921.7688448826475
97039.0,-6921.802215874195
97040.0,-6921.835586865743
97041.0,-6921.868957857291
97042.0,-6921.902328848839
97043.0,-6921.935699840386
97044.0,-6921.969070831935
97045.0,-6922.0024418234825
97046.0,-6922.03581281503
97047.0,-6922.069183806579
97048.0,-6922.102554798126
97049.0,-6922.135925789674
97050.0,-6922.169296781222
97051.0,-6922.20266777277
97052.0,-6922.2360387643175
97053.0,-6922.269409755866
97054.0,-6922.302780747414
97055.0,-6922.336151738961
97056.0,-6922.36952273051
97057.0,-6922.402893722057
97058.0,-6922.436264713605
97059.0,-6922.469635705153
97060.0,-6922.503006696701
97061.0,-6922.536377688249
97062.0,-6922.569748679797
97063.0,-6922.603119671345
97064.0,-6922.636490662892
97065.0,-6922.669861654441
97066.0,-6922.7032326459885
97067.0,-6922.736603637536
97068.0,-6922.769974629085
97069.0,-6922.803345620632
97070.0,-6922.83671661218
97071.0,-6922.870087603728
97072.0,-6922.903458595276
97073.0,-6922.9368295868235
97074.0,-6922.970200578372
97075.0,-6923.00357156992
97076.0,-6923.036942561467
97077.0,-6923.070313553016
97078.0,-6923.103684544563
97079.0,-6923.137055536111
97080.0,-6923.170426527659
97081.0,-6923.203797519207
97082.0,-6923.237168510755
97083.0,-6923.270539502303
97084.0,-6923.303910493851
97085.0,-6923.337281485398
97086.0,-6923.370652476947
97087.0,-6923.404023468494
97088.0,-6923.437394460042
97089.0,-6923.4707654515905
97090.0,-6923.504136443138
97091.0,-6923.537507434686
97092.0,-6923.570878426234
97093.0,-6923.604249417782
97094.0,-6923.637620409329
97095.0,-6923.670991400878
97096.0,-6923.7043623924255
97097.0,-6923.737733383973
97098.0,-6923.771104375522
97099.0,-6923.804475367069
97100.0,-6923.837846358617
97101.0,-6923.871217350165
97102.0,-6923.904588341713
97103.0,-6923.937959333261
97104.0,-6923.971330324809
97105.0,-6924.004701316357
97106.0,-6924.038072307904
97107.0,-6924.071443299453
97108.0,-6924.104814291
97109.0,-6924.138185282548
97110.0,-6924.1715562740965
97111.0,-6924.204927265644
97112.0,-6924.238298257192
97113.0,-6924.27166924874
97114.0,-6924.305040240288
97115.0,-6924.338411231835
97116.0,-6924.371782223384
97117.0,-6924.4051532149315
97118.0,-6924.438524206479
97119.0,-6924.471895198028
97120.0,-6924.505266189575
97121.0,-6924.538637181123
97122.0,-6924.572008172671
97123.0,-6924.605379164219
97124.0,-6924.6387501557665
97125.0,-6924.672121147315
97126.0,-6924.705492138863
97127.0,-6924.73886313041
97128.0,-6924.772234121959
97129.0,-6924.805605113506
97130.0,-6924.838976105054
97131.0,-6924.872347096602
97132.0,-6924.90571808815
97133.0,-6924.939089079698
97134.0,-6924.972460071246
97135.0,-6925.005831062794
97136.0,-6925.039202054341
97137.0,-6925.07257304589
97138.0,-6925.105944037437
97139.0,-6925.139315028985
97140.0,-6925.172686020534
97141.0,-6925.206057012081
97142.0,-6925.239428003629
97143.0,-6925.272798995177
97144.0,-6925.306169986725
97145.0,-6925.339540978272
97146.0,-6925.372911969821
97147.0,-6925.406282961369
97148.0,-6925.439653952916
97149.0,-6925.473024944465
97150.0,-6925.506395936012
97151.0,-6925.53976692756
97152.0,-6925.573137919108
97153.0,-6925.606508910656
97154.0,-6925.639879902204
97155.0,-6925.673250893752
97156.0,-6925.7066218853
97157.0,-6925.739992876847
97158.0,-6925.773363868396
97159.0,-6925.806734859943
97160.0,-6925.840105851491
97161.0,-6925.8734768430395
97162.0,-6925.906847834587
97163.0,-6925.940218826135
97164.0,-6925.973589817683
97165.0,-6926.006960809231
97166.0,-6926.040331800778
97167.0,-6926.073702792327
97168.0,-6926.1070737838745
97169.0,-6926.140444775422
97170.0,-6926.173815766971
97171.0,-6926.207186758518
97172.0,-6926.240557750066
97173.0,-6926.273928741614
97174.0,-6926.307299733162
97175.0,-6926.3406707247095
97176.0,-6926.374041716258
97177.0,-6926.407412707806
97178.0,-6926.440783699353
97179.0,-6926.474154690902
97180.0,-6926.507525682449
97181.0,-6926.540896673997
97182.0,-6926.574267665545
97183.0,-6926.607638657093
97184.0,-6926.641009648641
97185.0,-6926.674380640189
97186.0,-6926.707751631737
97187.0,-6926.741122623284
97188.0,-6926.774493614833
97189.0,-6926.8078646063805
97190.0,-6926.841235597928
97191.0,-6926.874606589477
97192.0,-6926.907977581024
97193.0,-6926.941348572572
97194.0,-6926.97471956412
97195.0,-6927.008090555668
97196.0,-6927.0414615472155
97197.0,-6927.074832538764
97198.0,-6927.108203530312
97199.0,-6927.141574521859
97200.0,-6927.174945513408
97201.0,-6927.208316504955
97202.0,-6927.241687496503
97203.0,-6927.275058488051
97204.0,-6927.308429479599
97205.0,-6927.341800471147
97206.0,-6927.375171462695
97207.0,-6927.408542454243
97208.0,-6927.44191344579
97209.0,-6927.475284437339
97210.0,-6927.508655428886
97211.0,-6927.542026420434
97212.0,-6927.5753974119825
97213.0,-6927.60876840353
97214.0,-6927.642139395078
97215.0,-6927.675510386626
97216.0,-6927.708881378174
97217.0,-6927.742252369721
97218.0,-6927.77562336127
97219.0,-6927.8089943528175
97220.0,-6927.842365344365
97221.0,-6927.875736335914
97222.0,-6927.909107327461
97223.0,-6927.942478319009
97224.0,-6927.975849310557
97225.0,-6928.009220302105
97226.0,-6928.042591293653
97227.0,-6928.075962285201
97228.0,-6928.109333276749
97229.0,-6928.142704268296
97230.0,-6928.176075259845
97231.0,-6928.209446251392
97232.0,-6928.24281724294
97233.0,-6928.2761882344885
97234.0,-6928.309559226036
97235.0,-6928.342930217584
97236.0,-6928.376301209132
97237.0,-6928.40967220068
97238.0,-6928.443043192227
97239.0,-6928.476414183776
97240.0,-6928.5097851753235
97241.0,-6928.543156166871
97242.0,-6928.57652715842
97243.0,-6928.609898149967
97244.0,-6928.643269141515
97245.0,-6928.676640133063
97246.0,-6928.710011124611
97247.0,-6928.7433821161585
97248.0,-6928.776753107707
97249.0,-6928.810124099255
97250.0,-6928.843495090802
97251.0,-6928.876866082351
97252.0,-6928.910237073898
97253.0,-6928.943608065446
97254.0,-6928.976979056994
97255.0,-6929.010350048542
97256.0,-6929.04372104009
97257.0,-6929.077092031638
97258.0,-6929.110463023186
97259.0,-6929.143834014733
97260.0,-6929.177205006282
97261.0,-6929.210575997829
97262.0,-6929.243946989377
97263.0,-6929.277317980926
97264.0,-6929.310688972473
97265.0,-6929.344059964021
97266.0,-6929.377430955569
97267.0,-6929.410801947117
97268.0,-6929.444172938664
97269.0,-6929.477543930213
97270.0,-6929.510914921761
97271.0,-6929.544285913308
97272.0,-6929.577656904857
97273.0,-6929.611027896404
97274.0,-6929.644398887952
97275.0,-6929.6777698795
97276.0,-6929.711140871048
97277.0,-6929.744511862596
97278.0,-6929.777882854144
97279.0,-6929.811253845692
97280.0,-6929.844624837239
97281.0,-6929.8301775455475
97282.0,-6929.815730253856
97283.0,-6929.801282962163
97284.0,-6929.786835670471
97285.0,-6929.772388378779
97286.0,-6929.757941087087
97287.0,-6929.743493795395
97288.0,-6929.729046503703
97289.0,-6929.71459921201
97290.0,-6929.700151920319
97291.0,-6929.685704628627
97292.0,-6929.671257336934
97293.0,-6929.656810045242
97294.0,-6929.6423627535505
97295.0,-6929.627915461858
97296.0,-6929.613468170166
97297.0,-6929.599020878474
97298.0,-6929.5845735867815
97299.0,-6929.57012629509
97300.0,-6929.555679003398
97301.0,-6929.541231711705
97302.0,-6929.526784420013
97303.0,-6929.512337128322
97304.0,-6929.497889836629
97305.0,-6929.483442544937
97306.0,-6929.468995253245
97307.0,-6929.454547961553
97308.0,-6929.440100669861
97309.0,-6929.425653378169
97310.0,-6929.411206086476
97311.0,-6929.396758794785
97312.0,-6929.382311503093
97313.0,-6929.3678642114
97314.0,-6929.353416919708
97315.0,-6929.3389696280165
97316.0,-6929.324522336324
97317.0,-6929.310075044632
97318.0,-6929.29562775294
97319.0,-6929.2811804612475
97320.0,-6929.266733169556
97321.0,-6929.252285877864
97322.0,-6929.237838586171
97323.0,-6929.223391294479
97324.0,-6929.208944002788
97325.0,-6929.194496711095
97326.0,-6929.180049419403
97327.0,-6929.165602127711
97328.0,-6929.151154836019
97329.0,-6929.136707544327
97330.0,-6929.122260252635
97331.0,-6929.107812960942
97332.0,-6929.0933656692505
97333.0,-6929.078918377559
97334.0,-6929.064471085866
97335.0,-6929.050023794174
97336.0,-6929.035576502482
97337.0,-6929.02112921079
97338.0,-6929.006681919098
97339.0,-6928.992234627406
97340.0,-6928.977787335713
97341.0,-6928.963340044022
97342.0,-6928.94889275233
97343.0,-6928.934445460637
97344.0,-6928.919998168945
97345.0,-6928.9055508772535
97346.0,-6928.891103585561
97347.0,-6928.876656293869
97348.0,-6928.862209002177
97349.0,-6928.8477617104845
97350.0,-6928.833314418793
97351.0,-6928.818867127101
97352.0,-6928.804419835408
97353.0,-6928.789972543716
97354.0,-6928.775525252025
97355.0,-6928.761077960332
97356.0,-6928.74663066864
97357.0,-6928.732183376948
97358.0,-6928.717736085256
97359.0,-6928.703288793564
97360.0,-6928.688841501872
97361.0,-6928.674394210179
97362.0,-6928.659946918488
97363.0,-6928.645499626796
97364.0,-6928.631052335103
97365.0,-6928.616605043411
97366.0,-6928.6021577517195
97367.0,-6928.587710460027
97368.0,-6928.573263168335
97369.0,-6928.558815876643
97370.0,-6928.5443685849505
97371.0,-6928.529921293259
97372.0,-6928.515474001567
97373.0,-6928.501026709874
97374.0,-6928.486579418182
97375.0,-6928.472132126491
97376.0,-6928.457684834798
97377.0,-6928.443237543106
97378.0,-6928.428790251414
97379.0,-6928.414342959722
97380.0,-6928.39989566803
97381.0,-6928.385448376338
97382.0,-6928.371001084645
97383.0,-6928.3565537929535
97384.0,-6928.342106501262
97385.0,-6928.327659209569
97386.0,-6928.313211917877
97387.0,-6928.298764626185
97388.0,-6928.284317334493
97389.0,-6928.269870042801
97390.0,-6928.255422751109
97391.0,-6928.240975459416
97392.0,-6928.226528167725
97393.0,-6928.212080876033
97394.0,-6928.19763358434
97395.0,-6928.183186292648
97396.0,-6928.1687390009565
97397.0,-6928.154291709264
97398.0,-6928.139844417572
97399.0,-6928.12539712588
97400.0,-6928.1109498341875
97401.0,-6928.096502542496
97402.0,-6928.082055250804
97403.0,-6928.067607959111
97404.0,-6928.053160667419
97405.0,-6928.038713375728
97406.0,-6928.024266084035
97407.0,-6928.009818792343
97408.0,-6927.995371500651
97409.0,-6927.980924208959
97410.0,-6927.966476917267
97411.0,-6927.952029625575
97412.0,-6927.937582333882
97413.0,-6927.923135042191
97414.0,-6927.908687750499
97415.0,-6927.894240458806
97416.0,-6927.879793167114
97417.0,-6927.8653458754225
97418.0,-6927.85089858373
97419.0,-6927.836451292038
97420.0,-6927.822004000346
97421.0,-6927.8075567086535
97422.0,-6927.793109416962
97423.0,-6927.77866212527
97424.0,-6927.764214833577
97425.0,-6927.749767541885
97426.0,-6927.735320250194
97427.0,-6927.720872958501
97428.0,-6927.706425666809
97429.0,-6927.691978375117
97430.0,-6927.677531083425
97431.0,-6927.663083791733
97432.0,-6927.648636500041
97433.0,-6927.634189208348
97434.0,-6927.6197419166565
97435.0,-6927.605294624965
97436.0,-6927.590847333272
97437.0,-6927.57640004158
97438.0,-6927.561952749888
97439.0,-6927.547505458196
97440.0,-6927.533058166504
97441.0,-6927.518610874812
97442.0,-6927.504163583119
97443.0,-6927.489716291428
97444.0,-6927.475268999736
97445.0,-6927.460821708043
97446.0,-6927.446374416351
97447.0,-6927.4319271246595
97448.0,-6927.417479832967
97449.0,-6927.403032541275
97450.0,-6927.388585249583
97451.0,-6927.3741379578905
97452.0,-6927.359690666199
97453.0,-6927.345243374507
97454.0,-6927.330796082814
97455.0,-6927.316348791122
97456.0,-6927.301901499431
97457.0,-6927.287454207738
97458.0,-6927.273006916046
97459.0,-6927.258559624354
97460.0,-6927.244112332662
97461.0,-6927.22966504097
97462.0,-6927.215217749278
97463.0,-6927.200770457585
97464.0,-6927.186323165894
97465.0,-6927.171875874202
97466.0,-6927.157428582509
97467.0,-6927.142981290817
97468.0,-6927.1285339991255
97469.0,-6927.114086707433
97470.0,-6927.099639415741
97471.0,-6927.085192124049
97472.0,-6927.0707448323565
97473.0,-6927.056297540665
97474.0,-6927.041850248973
97475.0,-6927.02740295728
97476.0,-6927.012955665588
97477.0,-6926.998508373897
97478.0,-6926.984061082204
97479.0,-6926.969613790512
97480.0,-6926.95516649882
97481.0,-6926.940719207128
97482.0,-6926.926271915436
97483.0,-6926.911824623744
97484.0,-6926.897377332051
97485.0,-6926.8829300403595
97486.0,-6926.868482748668
97487.0,-6926.854035456975
97488.0,-6926.839588165283
97489.0,-6926.825140873591
97490.0,-6926.810693581899
97491.0,-6926.796246290207
97492.0,-6926.781798998515
97493.0,-6926.767351706822
97494.0,-6926.752904415131
97495.0,-6926.738457123439
97496.0,-6926.724009831746
97497.0,-6926.709562540054
97498.0,-6926.6951152483625
97499.0,-6926.68066795667
97500.0,-6926.666220664978
97501.0,-6926.651773373286
97502.0,-6926.6373260815935
97503.0,-6926.622878789902
97504.0,-6926.60843149821
97505.0,-6926.593984206517
97506.0,-6926.579536914825
97507.0,-6926.565089623134
97508.0,-6926.550642331441
97509.0,-6926.536195039749
97510.0,-6926.521747748057
97511.0,-6926.507300456365
97512.0,-6926.492853164673
97513.0,-6926.478405872981
97514.0,-6926.463958581288
97515.0,-6926.449511289597
97516.0,-6926.435063997905
97517.0,-6926.420616706212
97518.0,-6926.40616941452
97519.0,-6926.3917221228285
97520.0,-6926.377274831136
97521.0,-6926.362827539444
97522.0,-6926.348380247752
97523.0,-6926.3339329560595
97524.0,-6926.319485664368
97525.0,-6926.305038372676
97526.0,-6926.290591080983
97527.0,-6926.276143789291
97528.0,-6926.2616964976
97529.0,-6926.247249205907
97530.0,-6926.232801914215
97531.0,-6926.218354622523
97532.0,-6926.203907330831
97533.0,-6926.189460039139
97534.0,-6926.175012747447
97535.0,-6926.160565455754
97536.0,-6926.1461181640625
97537.0,-6926.131670872371
97538.0,-6926.117223580678
97539.0,-6926.102776288986
97540.0,-6926.088328997294
97541.0,-6926.073881705602
97542.0,-6926.05943441391
97543.0,-6926.044987122218
97544.0,-6926.030539830525
97545.0,-6926.016092538834
97546.0,-6926.001645247142
97547.0,-6925.987197955449
97548.0,-6925.972750663757
97549.0,-6925.9583033720655
97550.0,-6925.943856080373
97551.0,-6925.929408788681
97552.0,-6925.914961496989
97553.0,-6925.9005142052965
97554.0,-6925.886066913605
97555.0,-6925.871619621913
97556.0,-6925.85717233022
97557.0,-6925.842725038528
97558.0,-6925.828277746837
97559.0,-6925.813830455144
97560.0,-6925.799383163452
97561.0,-6925.78493587176
97562.0,-6925.770488580068
97563.0,-6925.756041288376
97564.0,-6925.741593996684
97565.0,-6925.727146704991
97566.0,-6925.7126994133
97567.0,-6925.698252121608
97568.0,-6925.683804829915
97569.0,-6925.669357538223
97570.0,-6925.6549102465315
97571.0,-6925.640462954839
97572.0,-6925.626015663147
97573.0,-6925.611568371455
97574.0,-6925.5971210797625
97575.0,-6925.582673788071
97576.0,-6925.568226496379
97577.0,-6925.553779204686
97578.0,-6925.539331912994
97579.0,-6925.524884621303
97580.0,-6925.51043732961
97581.0,-6925.495990037918
97582.0,-6925.481542746226
97583.0,-6925.467095454534
97584.0,-6925.452648162842
97585.0,-6925.43820087115
97586.0,-6925.423753579457
97587.0,-6925.4093062877655
97588.0,-6925.394858996074
97589.0,-6925.380411704381
97590.0,-6925.365964412689
97591.0,-6925.351517120997
97592.0,-6925.337069829305
97593.0,-6925.322622537613
97594.0,-6925.308175245921
97595.0,-6925.293727954228
97596.0,-6925.279280662537
97597.0,-6925.264833370845
97598.0,-6925.250386079152
97599.0,-6925.23593878746
97600.0,-6925.2214914957685
97601.0,-6925.207044204076
97602.0,-6925.192596912384
97603.0,-6925.178149620692
97604.0,-6925.1637023289995
97605.0,-6925.149255037308
97606.0,-6925.134807745616
97607.0,-6925.120360453923
97608.0,-6925.105913162231
97609.0,-6925.09146587054
97610.0,-6925.077018578847
97611.0,-6925.062571287155
97612.0,-6925.048123995463
97613.0,-6925.033676703771
97614.0,-6925.019229412079
97615.0,-6925.004782120387
97616.0,-6924.990334828694
97617.0,-6924.975887537003
97618.0,-6924.961440245311
97619.0,-6924.946992953618
97620.0,-6924.932545661926
97621.0,-6924.9180983702345
97622.0,-6924.903651078542
97623.0,-6924.88920378685
97624.0,-6924.874756495158
97625.0,-6924.8603092034655
97626.0,-6924.845861911774
97627.0,-6924.831414620082
97628.0,-6924.816967328389
97629.0,-6924.802520036697
97630.0,-6924.788072745006
97631.0,-6924.773625453313
97632.0,-6924.759178161621
97633.0,-6924.744730869929
97634.0,-6924.730283578237
97635.0,-6924.715836286545
97636.0,-6924.701388994853
97637.0,-6924.68694170316
97638.0,-6924.6724944114685
97639.0,-6924.658047119777
97640.0,-6924.643599828084
97641.0,-6924.629152536392
97642.0,-6924.6147052447
97643.0,-6924.600257953008
97644.0,-6924.585810661316
97645.0,-6924.571363369624
97646.0,-6924.556916077931
97647.0,-6924.54246878624
97648.0,-6924.528021494548
97649.0,-6924.513574202855
97650.0,-6924.499126911163
97651.0,-6924.4846796194715
97652.0,-6924.470232327779
97653.0,-6924.455785036087
97654.0,-6924.441337744395
97655.0,-6924.4268904527025
97656.0,-6924.412443161011
97657.0,-6924.397995869319
97658.0,-6924.383548577626
97659.0,-6924.369101285934
97660.0,-6924.354653994243
97661.0,-6924.34020670255
97662.0,-6924.325759410858
97663.0,-6924.311312119166
97664.0,-6924.296864827474
97665.0,-6924.282417535782
97666.0,-6924.26797024409
97667.0,-6924.253522952397
97668.0,-6924.239075660706
97669.0,-6924.224628369014
97670.0,-6924.210181077321
97671.0,-6924.195733785629
97672.0,-6924.1812864939375
97673.0,-6924.166839202245
97674.0,-6924.152391910553
97675.0,-6924.137944618861
97676.0,-6924.1234973271685
97677.0,-6924.109050035477
97678.0,-6924.094602743785
97679.0,-6924.080155452092
97680.0,-6924.0657081604
97681.0,-6924.051260868709
97682.0,-6924.036813577016
97683.0,-6924.022366285324
97684.0,-6924.007918993632
97685.0,-6923.99347170194
97686.0,-6923.979024410248
97687.0,-6923.964577118556
97688.0,-6923.950129826863
97689.0,-6923.9356825351715
97690.0,-6923.92123524348
97691.0,-6923.906787951787
97692.0,-6923.892340660095
97693.0,-6923.877893368403
97694.0,-6923.863446076711
97695.0,-6923.848998785019
97696.0,-6923.834551493327
97697.0,-6923.820104201634
97698.0,-6923.805656909943
97699.0,-6923.791209618251
97700.0,-6923.776762326558
97701.0,-6923.762315034866
97702.0,-6923.7478677431745
97703.0,-6923.733420451482
97704.0,-6923.71897315979
97705.0,-6923.704525868098
97706.0,-6923.6900785764055
97707.0,-6923.675631284714
97708.0,-6923.661183993022
97709.0,-6923.646736701329
97710.0,-6923.632289409637
97711.0,-6923.617842117946
97712.0,-6923.603394826253
97713.0,-6923.588947534561
97714.0,-6923.574500242869
97715.0,-6923.560052951177
97716.0,-6923.545605659485
97717.0,-6923.531158367793
97718.0,-6923.5167110761
97719.0,-6923.502263784409
97720.0,-6923.487816492717
97721.0,-6923.473369201024
97722.0,-6923.458921909332
97723.0,-6923.4444746176405
97724.0,-6923.430027325948
97725.0,-6923.415580034256
97726.0,-6923.401132742564
97727.0,-6923.3866854508715
97728.0,-6923.37223815918
97729.0,-6923.357790867488
97730.0,-6923.343343575795
97731.0,-6923.328896284103
97732.0,-6923.314448992412
97733.0,-6923.300001700719
97734.0,-6923.285554409027
97735.0,-6923.271107117335
97736.0,-6923.256659825643
97737.0,-6923.242212533951
97738.0,-6923.227765242259
97739.0,-6923.213317950566
97740.0,-6923.1988706588745
97741.0,-6923.184423367183
97742.0,-6923.16997607549
97743.0,-6923.155528783798
97744.0,-6923.141081492106
97745.0,-6923.126634200414
97746.0,-6923.112186908722
97747.0,-6923.09773961703
97748.0,-6923.083292325337
97749.0,-6923.068845033646
97750.0,-6923.054397741954
97751.0,-6923.039950450261
97752.0,-6923.025503158569
97753.0,-6923.0110558668775
97754.0,-6922.996608575185
97755.0,-6922.982161283493
97756.0,-6922.967713991801
97757.0,-6922.9532667001085
97758.0,-6922.938819408417
97759.0,-6922.924372116725
97760.0,-6922.909924825032
97761.0,-6922.89547753334
97762.0,-6922.881030241649
97763.0,-6922.866582949956
97764.0,-6922.852135658264
97765.0,-6922.837688366572
97766.0,-6922.82324107488
97767.0,-6922.808793783188
97768.0,-6922.794346491496
97769.0,-6922.779899199803
97770.0,-6922.765451908112
97771.0,-6922.75100461642
97772.0,-6922.736557324727
97773.0,-6922.722110033035
97774.0,-6922.7076627413435
97775.0,-6922.693215449651
97776.0,-6922.678768157959
97777.0,-6922.664320866267
97778.0,-6922.6498735745745
97779.0,-6922.635426282883
97780.0,-6922.620978991191
97781.0,-6922.606531699498
97782.0,-6922.592084407806
97783.0,-6922.577637116115
97784.0,-6922.563189824422
97785.0,-6922.54874253273
97786.0,-6922.534295241038
97787.0,-6922.519847949346
97788.0,-6922.505400657654
97789.0,-6922.490953365962
97790.0,-6922.476506074269
97791.0,-6922.4620587825775
97792.0,-6922.447611490886
97793.0,-6922.433164199193
97794.0,-6922.418716907501
97795.0,-6922.404269615809
97796.0,-6922.389822324117
97797.0,-6922.375375032425
97798.0,-6922.360927740733
97799.0,-6922.34648044904
97800.0,-6922.332033157349
97801.0,-6922.317585865657
97802.0,-6922.303138573964
97803.0,-6922.288691282272
97804.0,-6922.2742439905805
97805.0,-6922.259796698888
97806.0,-6922.245349407196
97807.0,-6922.230902115504
97808.0,-6922.216454823812
97809.0,-6922.20200753212
97810.0,-6922.187560240428
97811.0,-6922.173112948735
97812.0,-6922.1586656570435
97813.0,-6922.144218365352
97814.0,-6922.129771073659
97815.0,-6922.115323781967
97816.0,-6922.100876490275
97817.0,-6922.086429198583
97818.0,-6922.071981906891
97819.0,-6922.057534615199
97820.0,-6922.043087323506
97821.0,-6922.028640031815
97822.0,-6922.014192740123
97823.0,-6921.99974544843
97824.0,-6921.985298156738
97825.0,-6921.9708508650465
97826.0,-6921.956403573354
97827.0,-6921.941956281662
97828.0,-6921.92750898997
97829.0,-6921.9130616982775
97830.0,-6921.898614406586
97831.0,-6921.884167114894
97832.0,-6921.869719823201
97833.0,-6921.855272531509
97834.0,-6921.840825239818
97835.0,-6921.826377948125
97836.0,-6921.811930656433
97837.0,-6921.797483364741
97838.0,-6921.783036073049
97839.0,-6921.768588781357
97840.0,-6921.754141489665
97841.0,-6921.739694197972
97842.0,-6921.7252469062805
97843.0,-6921.710799614589
97844.0,-6921.696352322896
97845.0,-6921.681905031204
97846.0,-6921.667457739512
97847.0,-6921.65301044782
97848.0,-6921.638563156128
97849.0,-6921.624115864436
97850.0,-6921.609668572743
97851.0,-6921.595221281052
97852.0,-6921.58077398936
97853.0,-6921.566326697667
97854.0,-6921.551879405975
97855.0,-6921.537432114284
97856.0,-6921.522984822591
97857.0,-6921.508537530899
97858.0,-6921.494090239207
97859.0,-6921.479642947515
97860.0,-6921.465195655823
97861.0,-6921.450748364131
97862.0,-6921.436301072438
97863.0,-6921.4218537807465
97864.0,-6921.407406489055
97865.0,-6921.392959197362
97866.0,-6921.37851190567
97867.0,-6921.364064613978
97868.0,-6921.349617322286
97869.0,-6921.335170030594
97870.0,-6921.320722738902
97871.0,-6921.306275447209
97872.0,-6921.291828155518
97873.0,-6921.277380863826
97874.0,-6921.262933572133
97875.0,-6921.248486280441
97876.0,-6921.2340389887495
97877.0,-6921.219591697057
97878.0,-6921.205144405365
97879.0,-6921.190697113673
97880.0,-6921.1762498219805
97881.0,-6921.161802530289
97882.0,-6921.147355238597
97883.0,-6921.132907946904
97884.0,-6921.118460655212
97885.0,-6921.104013363521
97886.0,-6921.089566071828
97887.0,-6921.075118780136
97888.0,-6921.060671488444
97889.0,-6921.046224196752
97890.0,-6921.03177690506
97891.0,-6921.017329613368
97892.0,-6921.002882321675
97893.0,-6920.9884350299835
97894.0,-6920.973987738292
97895.0,-6920.959540446599
97896.0,-6920.945093154907
97897.0,-6920.930645863215
97898.0,-6920.916198571523
97899.0,-6920.901751279831
97900.0,-6920.887303988139
97901.0,-6920.872856696446
97902.0,-6920.858409404755
97903.0,-6920.843962113063
97904.0,-6920.82951482137
97905.0,-6920.815067529678
97906.0,-6920.800620237987
97907.0,-6920.786172946294
97908.0,-6920.771725654602
97909.0,-6920.75727836291
97910.0,-6920.742831071218
97911.0,-6920.728383779526
97912.0,-6920.713936487834
97913.0,-6920.699489196141
97914.0,-6920.6850419044495
97915.0,-6920.670594612758
97916.0,-6920.656147321065
97917.0,-6920.641700029373
97918.0,-6920.627252737681
97919.0,-6920.612805445989
97920.0,-6920.598358154297
97921.0,-6920.583910862605
97922.0,-6920.569463570912
97923.0,-6920.555016279221
97924.0,-6920.540568987529
97925.0,-6920.526121695836
97926.0,-6920.511674404144
97927.0,-6920.4972271124525
97928.0,-6920.48277982076
97929.0,-6920.468332529068
97930.0,-6920.453885237376
97931.0,-6920.4394379456835
97932.0,-6920.424990653992
97933.0,-6920.4105433623
97934.0,-6920.396096070607
97935.0,-6920.381648778915
97936.0,-6920.367201487224
97937.0,-6920.352754195531
97938.0,-6920.338306903839
97939.0,-6920.323859612147
97940.0,-6920.309412320455
97941.0,-6920.294965028763
97942.0,-6920.280517737071
97943.0,-6920.266070445378
97944.0,-6920.2516231536865
97945.0,-6920.237175861995
97946.0,-6920.222728570302
97947.0,-6920.20828127861
97948.0,-6920.193833986918
97949.0,-6920.179386695226
97950.0,-6920.164939403534
97951.0,-6920.150492111842
97952.0,-6920.136044820149
97953.0,-6920.121597528458
97954.0,-6920.107150236766
97955.0,-6920.092702945073
97956.0,-6920.078255653381
97957.0,-6920.06380836169
97958.0,-6920.049361069997
97959.0,-6920.034913778305
97960.0,-6920.020466486613
97961.0,-6920.006019194921
97962.0,-6919.991571903229
97963.0,-6919.977124611537
97964.0,-6919.962677319844
97965.0,-6919.9482300281525
97966.0,-6919.933782736461
97967.0,-6919.919335444768
97968.0,-6919.904888153076
97969.0,-6919.890440861384
97970.0,-6919.875993569692
97971.0,-6919.861546278
97972.0,-6919.847098986308
97973.0,-6919.832651694615
97974.0,-6919.818204402924
97975.0,-6919.803757111232
97976.0,-6919.789309819539
97977.0,-6919.774862527847
97978.0,-6919.7604152361555
97979.0,-6919.745967944463
97980.0,-6919.731520652771
97981.0,-6919.717073361079
97982.0,-6919.7026260693865
97983.0,-6919.688178777695
97984.0,-6919.673731486003
97985.0,-6919.65928419431
97986.0,-6919.644836902618
97987.0,-6919.630389610927
97988.0,-6919.615942319234
97989.0,-6919.601495027542
97990.0,-6919.58704773585
97991.0,-6919.572600444158
97992.0,-6919.558153152466
97993.0,-6919.543705860774
97994.0,-6919.529258569081
97995.0,-6919.5148112773895
97996.0,-6919.500363985698
97997.0,-6919.485916694005
97998.0,-6919.471469402313
97999.0,-6919.457022110621
98000.0,-6919.442574818929
98001.0,-6919.428127527237
98002.0,-6919.413680235545
98003.0,-6919.399232943852
98004.0,-6919.384785652161
98005.0,-6919.370338360469
98006.0,-6919.355891068776
98007.0,-6919.341443777084
98008.0,-6919.326996485393
98009.0,-6919.3125491937
98010.0,-6919.298101902008
98011.0,-6919.283654610316
98012.0,-6919.269207318624
98013.0,-6919.254760026932
98014.0,-6919.24031273524
98015.0,-6919.225865443547
98016.0,-6919.2114181518555
98017.0,-6919.196970860164
98018.0,-6919.182523568471
98019.0,-6919.168076276779
98020.0,-6919.153628985087
98021.0,-6919.139181693395
98022.0,-6919.124734401703
98023.0,-6919.110287110011
98024.0,-6919.095839818318
98025.0,-6919.081392526627
98026.0,-6919.066945234935
98027.0,-6919.052497943242
98028.0,-6919.03805065155
98029.0,-6919.0236033598585
98030.0,-6919.009156068166
98031.0,-6918.994708776474
98032.0,-6918.980261484782
98033.0,-6918.9658141930895
98034.0,-6918.951366901398
98035.0,-6918.936919609706
98036.0,-6918.922472318013
98037.0,-6918.908025026321
98038.0,-6918.89357773463
98039.0,-6918.879130442937
98040.0,-6918.864683151245
98041.0,-6918.850235859553
98042.0,-6918.835788567861
98043.0,-6918.821341276169
98044.0,-6918.806893984477
98045.0,-6918.792446692784
98046.0,-6918.7779994010925
98047.0,-6918.763552109401
98048.0,-6918.749104817708
98049.0,-6918.734657526016
98050.0,-6918.720210234324
98051.0,-6918.705762942632
98052.0,-6918.69131565094
98053.0,-6918.676868359248
98054.0,-6918.662421067555
98055.0,-6918.647973775864
98056.0,-6918.633526484172
98057.0,-6918.619079192479
98058.0,-6918.604631900787
98059.0,-6918.590184609096
98060.0,-6918.575737317403
98061.0,-6918.561290025711
98062.0,-6918.546842734019
98063.0,-6918.532395442327
98064.0,-6918.517948150635
98065.0,-6918.503500858943
98066.0,-6918.48905356725
98067.0,-6918.4746062755585
98068.0,-6918.460158983867
98069.0,-6918.445711692174
98070.0,-6918.431264400482
98071.0,-6918.41681710879
98072.0,-6918.402369817098
98073.0,-6918.387922525406
98074.0,-6918.373475233714
98075.0,-6918.359027942021
98076.0,-6918.34458065033
98077.0,-6918.330133358638
98078.0,-6918.315686066945
98079.0,-6918.301238775253
98080.0,-6918.2867914835615
98081.0,-6918.272344191869
98082.0,-6918.257896900177
98083.0,-6918.243449608485
98084.0,-6918.2290023167925
98085.0,-6918.214555025101
98086.0,-6918.200107733409
98087.0,-6918.185660441716
98088.0,-6918.171213150024
98089.0,-6918.156765858333
98090.0,-6918.14231856664
98091.0,-6918.127871274948
98092.0,-6918.113423983256
98093.0,-6918.098976691564
98094.0,-6918.084529399872
98095.0,-6918.07008210818
98096.0,-6918.055634816487
98097.0,-6918.0411875247955
98098.0,-6918.026740233104
98099.0,-6918.012292941411
98100.0,-6917.997845649719
98101.0,-6917.983398358027
98102.0,-6917.968951066335
98103.0,-6917.954503774643
98104.0,-6917.940056482951
98105.0,-6917.925609191258
98106.0,-6917.911161899567
98107.0,-6917.896714607875
98108.0,-6917.882267316182
98109.0,-6917.86782002449
98110.0,-6917.853372732799
98111.0,-6917.838925441106
98112.0,-6917.824478149414
98113.0,-6917.810030857722
98114.0,-6917.79558356603
98115.0,-6917.781136274338
98116.0,-6917.766688982646
98117.0,-6917.752241690953
98118.0,-6917.7377943992615
98119.0,-6917.72334710757
98120.0,-6917.708899815877
98121.0,-6917.694452524185
98122.0,-6917.680005232493
98123.0,-6917.665557940801
98124.0,-6917.651110649109
98125.0,-6917.636663357417
98126.0,-6917.622216065724
98127.0,-6917.607768774033
98128.0,-6917.593321482341
98129.0,-6917.578874190648
98130.0,-6917.564426898956
98131.0,-6917.5499796072645
98132.0,-6917.535532315572
98133.0,-6917.52108502388
98134.0,-6917.506637732188
98135.0,-6917.4921904404955
98136.0,-6917.477743148804
98137.0,-6917.463295857112
98138.0,-6917.448848565419
98139.0,-6917.434401273727
98140.0,-6917.419953982036
98141.0,-6917.405506690343
98142.0,-6917.391059398651
98143.0,-6917.376612106959
98144.0,-6917.362164815267
98145.0,-6917.347717523575
98146.0,-6917.333270231883
98147.0,-6917.31882294019
98148.0,-6917.3043756484985
98149.0,-6917.289928356807
98150.0,-6917.275481065114
98151.0,-6917.261033773422
98152.0,-6917.24658648173
98153.0,-6917.232139190038
98154.0,-6917.217691898346
98155.0,-6917.203244606654
98156.0,-6917.188797314961
98157.0,-6917.17435002327
98158.0,-6917.159902731578
98159.0,-6917.145455439885
98160.0,-6917.131008148193
98161.0,-6917.116560856502
98162.0,-6917.102113564809
98163.0,-6917.087666273117
98164.0,-6917.073218981425
98165.0,-6917.058771689733
98166.0,-6917.044324398041
98167.0,-6917.029877106349
98168.0,-6917.015429814656
98169.0,-6917.0009825229645
98170.0,-6916.986535231273
98171.0,-6916.97208793958
98172.0,-6916.957640647888
98173.0,-6916.943193356196
98174.0,-6916.928746064504
98175.0,-6916.914298772812
98176.0,-6916.89985148112
98177.0,-6916.885404189427
98178.0,-6916.870956897736
98179.0,-6916.856509606044
98180.0,-6916.842062314351
98181.0,-6916.827615022659
98182.0,-6916.8131677309675
98183.0,-6916.798720439275
98184.0,-6916.784273147583
98185.0,-6916.769825855891
98186.0,-6916.7553785641985
98187.0,-6916.740931272507
98188.0,-6916.726483980815
98189.0,-6916.712036689122
98190.0,-6916.69758939743
98191.0,-6916.683142105739
98192.0,-6916.668694814046
98193.0,-6916.654247522354
98194.0,-6916.639800230662
98195.0,-6916.62535293897
98196.0,-6916.610905647278
98197.0,-6916.596458355586
98198.0,-6916.582011063893
98199.0,-6916.5675637722015
98200.0,-6916.55311648051
98201.0,-6916.538669188817
98202.0,-6916.524221897125
98203.0,-6916.509774605433
98204.0,-6916.495327313741
98205.0,-6916.480880022049
98206.0,-6916.466432730357
98207.0,-6916.451985438664
98208.0,-6916.437538146973
98209.0,-6916.423090855281
98210.0,-6916.408643563588
98211.0,-6916.394196271896
98212.0,-6916.379748980205
98213.0,-6916.365301688512
98214.0,-6916.35085439682
98215.0,-6916.336407105128
98216.0,-6916.321959813436
98217.0,-6916.307512521744
98218.0,-6916.293065230052
98219.0,-6916.278617938359
98220.0,-6916.2641706466675
98221.0,-6916.249723354976
98222.0,-6916.235276063283
98223.0,-6916.220828771591
98224.0,-6916.206381479899
98225.0,-6916.191934188207
98226.0,-6916.177486896515
98227.0,-6916.163039604823
98228.0,-6916.14859231313
98229.0,-6916.134145021439
98230.0,-6916.119697729747
98231.0,-6916.105250438054
98232.0,-6916.090803146362
98233.0,-6916.0763558546705
98234.0,-6916.061908562978
98235.0,-6916.047461271286
98236.0,-6916.033013979594
98237.0,-6916.0185666879015
98238.0,-6916.00411939621
98239.0,-6915.989672104518
98240.0,-6915.975224812825
98241.0,-6915.960777521133
98242.0,-6915.946330229442
98243.0,-6915.931882937749
98244.0,-6915.917435646057
98245.0,-6915.902988354365
98246.0,-6915.888541062673
98247.0,-6915.874093770981
98248.0,-6915.859646479289
98249.0,-6915.845199187596
98250.0,-6915.8307518959045
98251.0,-6915.816304604213
98252.0,-6915.80185731252
98253.0,-6915.787410020828
98254.0,-6915.772962729136
98255.0,-6915.758515437444
98256.0,-6915.744068145752
98257.0,-6915.72962085406
98258.0,-6915.715173562367
98259.0,-6915.700726270676
98260.0,-6915.686278978984
98261.0,-6915.671831687291
98262.0,-6915.657384395599
98263.0,-6915.642937103908
98264.0,-6915.628489812215
98265.0,-6915.614042520523
98266.0,-6915.599595228831
98267.0,-6915.585147937139
98268.0,-6915.570700645447
98269.0,-6915.556253353755
98270.0,-6915.541806062062
98271.0,-6915.5273587703705
98272.0,-6915.512911478679
98273.0,-6915.498464186986
98274.0,-6915.484016895294
98275.0,-6915.469569603602
98276.0,-6915.45512231191
98277.0,-6915.440675020218
98278.0,-6915.426227728526
98279.0,-6915.411780436833
98280.0,-6915.397333145142
98281.0,-6915.38288585345
98282.0,-6915.368438561757
98283.0,-6915.353991270065
98284.0,-6915.3395439783735
98285.0,-6915.325096686681
98286.0,-6915.310649394989
98287.0,-6915.296202103297
98288.0,-6915.2817548116045
98289.0,-6915.267307519913
98290.0,-6915.252860228221
98291.0,-6915.238412936528
98292.0,-6915.223965644836
98293.0,-6915.209518353145
98294.0,-6915.195071061452
98295.0,-6915.18062376976
98296.0,-6915.166176478068
98297.0,-6915.151729186376
98298.0,-6915.137281894684
98299.0,-6915.122834602992
98300.0,-6915.108387311299
98301.0,-6915.0939400196075
98302.0,-6915.079492727916
98303.0,-6915.065045436223
98304.0,-6915.050598144531
98305.0,-6915.048222680886
98306.0,-6915.045847217242
98307.0,-6915.043471753597
98308.0,-6915.041096289952
98309.0,-6915.038720826308
98310.0,-6915.036345362663
98311.0,-6915.033969899018
98312.0,-6915.031594435374
98313.0,-6915.029218971729
98314.0,-6915.026843508084
98315.0,-6915.02446804444
98316.0,-6915.022092580795
98317.0,-6915.01971711715
98318.0,-6915.017341653506
98319.0,-6915.014966189861
98320.0,-6915.012590726216
98321.0,-6915.010215262572
98322.0,-6915.007839798927
98323.0,-6915.005464335282
98324.0,-6915.003088871638
98325.0,-6915.000713407993
98326.0,-6914.998337944348
98327.0,-6914.995962480704
98328.0,-6914.993587017059
98329.0,-6914.991211553414
98330.0,-6914.98883608977
98331.0,-6914.986460626125
98332.0,-6914.98408516248
98333.0,-6914.981709698836
98334.0,-6914.979334235191
98335.0,-6914.976958771546
98336.0,-6914.974583307902
98337.0,-6914.972207844257
98338.0,-6914.969832380612
98339.0,-6914.967456916968
98340.0,-6914.965081453323
98341.0,-6914.962705989678
98342.0,-6914.960330526034
98343.0,-6914.957955062389
98344.0,-6914.955579598744
98345.0,-6914.9532041351
98346.0,-6914.950828671455
98347.0,-6914.94845320781
98348.0,-6914.946077744166
98349.0,-6914.943702280521
98350.0,-6914.941326816876
98351.0,-6914.938951353232
98352.0,-6914.936575889587
98353.0,-6914.934200425942
98354.0,-6914.931824962298
98355.0,-6914.929449498653
98356.0,-6914.927074035008
98357.0,-6914.924698571364
98358.0,-6914.922323107719
98359.0,-6914.919947644074
98360.0,-6914.91757218043
98361.0,-6914.915196716785
98362.0,-6914.9128212531405
98363.0,-6914.910445789496
98364.0,-6914.908070325851
98365.0,-6914.9056948622065
98366.0,-6914.903319398562
98367.0,-6914.900943934917
98368.0,-6914.8985684712725
98369.0,-6914.896193007628
98370.0,-6914.8938175439835
98371.0,-6914.8914420803385
98372.0,-6914.889066616694
98373.0,-6914.8866911530495
98374.0,-6914.8843156894045
98375.0,-6914.88194022576
98376.0,-6914.8795647621155
98377.0,-6914.8771892984705
98378.0,-6914.874813834826
98379.0,-6914.8724383711815
98380.0,-6914.8700629075365
98381.0,-6914.8676874438925
98382.0,-6914.8653119802475
98383.0,-6914.8629365166025
98384.0,-6914.8605610529585
98385.0,-6914.8581855893135
98386.0,-6914.8558101256685
98387.0,-6914.8534346620245
98388.0,-6914.8510591983795
98389.0,-6914.848683734735
98390.0,-6914.8463082710905
98391.0,-6914.8439328074455
98392.0,-6914.841557343801
98393.0,-6914.8391818801565
98394.0,-6914.8368064165115
98395.0,-6914.834430952867
98396.0,-6914.8320554892225
98397.0,-6914.8296800255775
98398.0,-6914.827304561933
98399.0,-6914.8249290982885
98400.0,-6914.822553634644
98401.0,-6914.820178170999
98402.0,-6914.8178027073545
98403.0,-6914.81542724371
98404.0,-6914.813051780065
98405.0,-6914.8106763164205
98406.0,-6914.808300852776
98407.0,-6914.805925389131
98408.0,-6914.803549925487
98409.0,-6914.801174461842
98410.0,-6914.798798998197
98411.0,-6914.796423534553
98412.0,-6914.794048070908
98413.0,-6914.791672607263
98414.0,-6914.789297143619
98415.0,-6914.786921679974
98416.0,-6914.784546216329
98417.0,-6914.782170752685
98418.0,-6914.77979528904
98419.0,-6914.777419825395
98420.0,-6914.775044361751
98421.0,-6914.772668898106
98422.0,-6914.770293434461
98423.0,-6914.767917970817
98424.0,-6914.765542507172
98425.0,-6914.763167043527
98426.0,-6914.760791579883
98427.0,-6914.758416116238
98428.0,-6914.756040652593
98429.0,-6914.753665188949
98430.0,-6914.751289725304
98431.0,-6914.748914261659
98432.0,-6914.746538798015
98433.0,-6914.74416333437
98434.0,-6914.741787870725
98435.0,-6914.739412407081
98436.0,-6914.737036943436
98437.0,-6914.734661479791
98438.0,-6914.732286016147
98439.0,-6914.729910552502
98440.0,-6914.727535088857
98441.0,-6914.725159625213
98442.0,-6914.722784161568
98443.0,-6914.720408697923
98444.0,-6914.718033234279
98445.0,-6914.715657770634
98446.0,-6914.713282306989
98447.0,-6914.710906843345
98448.0,-6914.7085313797
98449.0,-6914.706155916055
98450.0,-6914.703780452411
98451.0,-6914.701404988766
98452.0,-6914.699029525121
98453.0,-6914.696654061477
98454.0,-6914.694278597832
98455.0,-6914.691903134187
98456.0,-6914.689527670543
98457.0,-6914.687152206898
98458.0,-6914.684776743253
98459.0,-6914.682401279609
98460.0,-6914.680025815964
98461.0,-6914.677650352319
98462.0,-6914.675274888675
98463.0,-6914.67289942503
98464.0,-6914.670523961385
98465.0,-6914.668148497741
98466.0,-6914.665773034096
98467.0,-6914.663397570451
98468.0,-6914.661022106807
98469.0,-6914.658646643162
98470.0,-6914.656271179517
98471.0,-6914.653895715873
98472.0,-6914.651520252228
98473.0,-6914.649144788583
98474.0,-6914.646769324939
98475.0,-6914.644393861294
98476.0,-6914.642018397649
98477.0,-6914.639642934005
98478.0,-6914.63726747036
98479.0,-6914.634892006715
98480.0,-6914.632516543071
98481.0,-6914.630141079426
98482.0,-6914.627765615781
98483.0,-6914.625390152137
98484.0,-6914.623014688492
98485.0,-6914.620639224847
98486.0,-6914.618263761203
98487.0,-6914.615888297558
98488.0,-6914.613512833913
98489.0,-6914.611137370269
98490.0,-6914.608761906624
98491.0,-6914.606386442979
98492.0,-6914.604010979335
98493.0,-6914.60163551569
98494.0,-6914.599260052045
98495.0,-6914.596884588401
98496.0,-6914.594509124756
98497.0,-6914.592133661111
98498.0,-6914.589758197467
98499.0,-6914.587382733822
98500.0,-6914.585007270177
98501.0,-6914.582631806533
98502.0,-6914.580256342888
98503.0,-6914.577880879243
98504.0,-6914.575505415599
98505.0,-6914.573129951954
98506.0,-6914.570754488309
98507.0,-6914.568379024665
98508.0,-6914.56600356102
98509.0,-6914.563628097375
98510.0,-6914.561252633731
98511.0,-6914.558877170086
98512.0,-6914.556501706441
98513.0,-6914.554126242797
98514.0,-6914.551750779152
98515.0,-6914.549375315507
98516.0,-6914.546999851863
98517.0,-6914.544624388218
98518.0,-6914.542248924573
98519.0,-6914.539873460929
98520.0,-6914.537497997284
98521.0,-6914.535122533639
98522.0,-6914.532747069995
98523.0,-6914.53037160635
98524.0,-6914.527996142705
98525.0,-6914.525620679061
98526.0,-6914.523245215416
98527.0,-6914.520869751771
98528.0,-6914.518494288127
98529.0,-6914.516118824482
98530.0,-6914.513743360837
98531.0,-6914.511367897193
98532.0,-6914.508992433548
98533.0,-6914.506616969903
98534.0,-6914.504241506259
98535.0,-6914.501866042614
98536.0,-6914.499490578969
98537.0,-6914.497115115325
98538.0,-6914.49473965168
98539.0,-6914.492364188035
98540.0,-6914.489988724391
98541.0,-6914.487613260746
98542.0,-6914.485237797101
98543.0,-6914.482862333457
98544.0,-6914.480486869812
98545.0,-6914.478111406167
98546.0,-6914.475735942523
98547.0,-6914.473360478878
98548.0,-6914.470985015233
98549.0,-6914.468609551589
98550.0,-6914.466234087944
98551.0,-6914.463858624299
98552.0,-6914.461483160655
98553.0,-6914.45910769701
98554.0,-6914.456732233365
98555.0,-6914.454356769721
98556.0,-6914.451981306076
98557.0,-6914.449605842431
98558.0,-6914.447230378787
98559.0,-6914.444854915142
98560.0,-6914.442479451497
98561.0,-6914.440103987853
98562.0,-6914.437728524208
98563.0,-6914.435353060563
98564.0,-6914.432977596919
98565.0,-6914.430602133274
98566.0,-6914.428226669629
98567.0,-6914.425851205985
98568.0,-6914.42347574234
98569.0,-6914.421100278695
98570.0,-6914.418724815051
98571.0,-6914.416349351406
98572.0,-6914.413973887761
98573.0,-6914.411598424117
98574.0,-6914.409222960472
98575.0,-6914.406847496827
98576.0,-6914.404472033183
98577.0,-6914.402096569538
98578.0,-6914.399721105893
98579.0,-6914.397345642249
98580.0,-6914.394970178604
98581.0,-6914.392594714959
98582.0,-6914.390219251315
98583.0,-6914.38784378767
98584.0,-6914.385468324025
98585.0,-6914.383092860381
98586.0,-6914.380717396736
98587.0,-6914.378341933091
98588.0,-6914.375966469447
98589.0,-6914.373591005802
98590.0,-6914.371215542157
98591.0,-6914.368840078513
98592.0,-6914.366464614868
98593.0,-6914.364089151223
98594.0,-6914.361713687579
98595.0,-6914.359338223934
98596.0,-6914.356962760289
98597.0,-6914.354587296645
98598.0,-6914.352211833
98599.0,-6914.349836369355
98600.0,-6914.347460905711
98601.0,-6914.345085442066
98602.0,-6914.342709978421
98603.0,-6914.340334514777
98604.0,-6914.337959051132
98605.0,-6914.335583587487
98606.0,-6914.333208123843
98607.0,-6914.330832660198
98608.0,-6914.328457196553
98609.0,-6914.326081732909
98610.0,-6914.323706269264
98611.0,-6914.321330805619
98612.0,-6914.318955341975
98613.0,-6914.31657987833
98614.0,-6914.314204414685
98615.0,-6914.311828951041
98616.0,-6914.309453487396
98617.0,-6914.307078023751
98618.0,-6914.304702560107
98619.0,-6914.302327096462
98620.0,-6914.299951632817
98621.0,-6914.297576169173
98622.0,-6914.295200705528
98623.0,-6914.292825241883
98624.0,-6914.290449778239
98625.0,-6914.288074314594
98626.0,-6914.285698850949
98627.0,-6914.283323387305
98628.0,-6914.28094792366
98629.0,-6914.278572460015
98630.0,-6914.276196996371
98631.0,-6914.273821532726
98632.0,-6914.271446069081
98633.0,-6914.269070605437
98634.0,-6914.266695141792
98635.0,-6914.264319678147
98636.0,-6914.261944214503
98637.0,-6914.259568750858
98638.0,-6914.257193287213
98639.0,-6914.254817823569
98640.0,-6914.252442359924
98641.0,-6914.250066896279
98642.0,-6914.247691432635
98643.0,-6914.24531596899
98644.0,-6914.242940505345
98645.0,-6914.240565041701
98646.0,-6914.238189578056
98647.0,-6914.235814114411
98648.0,-6914.233438650767
98649.0,-6914.231063187122
98650.0,-6914.228687723477
98651.0,-6914.226312259833
98652.0,-6914.223936796188
98653.0,-6914.221561332543
98654.0,-6914.219185868899
98655.0,-6914.216810405254
98656.0,-6914.214434941609
98657.0,-6914.212059477965
98658.0,-6914.20968401432
98659.0,-6914.207308550675
98660.0,-6914.204933087031
98661.0,-6914.202557623386
98662.0,-6914.200182159741
98663.0,-6914.197806696097
98664.0,-6914.195431232452
98665.0,-6914.193055768807
98666.0,-6914.190680305163
98667.0,-6914.188304841518
98668.0,-6914.185929377873
98669.0,-6914.183553914229
98670.0,-6914.181178450584
98671.0,-6914.178802986939
98672.0,-6914.176427523295
98673.0,-6914.17405205965
98674.0,-6914.171676596005
98675.0,-6914.169301132361
98676.0,-6914.166925668716
98677.0,-6914.1645502050715
98678.0,-6914.162174741427
98679.0,-6914.159799277782
98680.0,-6914.1574238141375
98681.0,-6914.155048350493
98682.0,-6914.152672886848
98683.0,-6914.1502974232035
98684.0,-6914.147921959559
98685.0,-6914.1455464959145
98686.0,-6914.1431710322695
98687.0,-6914.140795568625
98688.0,-6914.1384201049805
98689.0,-6914.1360446413355
98690.0,-6914.133669177691
98691.0,-6914.1312937140465
98692.0,-6914.1289182504015
98693.0,-6914.126542786757
98694.0,-6914.1241673231125
98695.0,-6914.1217918594675
98696.0,-6914.1194163958235
98697.0,-6914.1170409321785
98698.0,-6914.1146654685335
98699.0,-6914.1122900048895
98700.0,-6914.1099145412445
98701.0,-6914.1075390775995
98702.0,-6914.1051636139555
98703.0,-6914.1027881503105
98704.0,-6914.100412686666
98705.0,-6914.0980372230215
98706.0,-6914.0956617593765
98707.0,-6914.093286295732
98708.0,-6914.0909108320875
98709.0,-6914.0885353684425
98710.0,-6914.086159904798
98711.0,-6914.0837844411535
98712.0,-6914.0814089775085
98713.0,-6914.079033513864
98714.0,-6914.0766580502195
98715.0,-6914.074282586575
98716.0,-6914.07190712293
98717.0,-6914.0695316592855
98718.0,-6914.067156195641
98719.0,-6914.064780731996
98720.0,-6914.0624052683515
98721.0,-6914.060029804707
98722.0,-6914.057654341062
98723.0,-6914.055278877418
98724.0,-6914.052903413773
98725.0,-6914.050527950128
98726.0,-6914.048152486484
98727.0,-6914.045777022839
98728.0,-6914.043401559194
98729.0,-6914.04102609555
98730.0,-6914.038650631905
98731.0,-6914.03627516826
98732.0,-6914.033899704616
98733.0,-6914.031524240971
98734.0,-6914.029148777326
98735.0,-6914.026773313682
98736.0,-6914.024397850037
98737.0,-6914.022022386392
98738.0,-6914.019646922748
98739.0,-6914.017271459103
98740.0,-6914.014895995458
98741.0,-6914.012520531814
98742.0,-6914.010145068169
98743.0,-6914.007769604524
98744.0,-6914.00539414088
98745.0,-6914.003018677235
98746.0,-6914.00064321359
98747.0,-6913.998267749946
98748.0,-6913.995892286301
98749.0,-6913.993516822656
98750.0,-6913.991141359012
98751.0,-6913.988765895367
98752.0,-6913.986390431722
98753.0,-6913.984014968078
98754.0,-6913.981639504433
98755.0,-6913.979264040788
98756.0,-6913.976888577144
98757.0,-6913.974513113499
98758.0,-6913.972137649854
98759.0,-6913.96976218621
98760.0,-6913.967386722565
98761.0,-6913.96501125892
98762.0,-6913.962635795276
98763.0,-6913.960260331631
98764.0,-6913.957884867986
98765.0,-6913.955509404342
98766.0,-6913.953133940697
98767.0,-6913.950758477052
98768.0,-6913.948383013408
98769.0,-6913.946007549763
98770.0,-6913.943632086118
98771.0,-6913.941256622474
98772.0,-6913.938881158829
98773.0,-6913.936505695184
98774.0,-6913.93413023154
98775.0,-6913.931754767895
98776.0,-6913.92937930425
98777.0,-6913.927003840606
98778.0,-6913.924628376961
98779.0,-6913.922252913316
98780.0,-6913.919877449672
98781.0,-6913.917501986027
98782.0,-6913.915126522382
98783.0,-6913.912751058738
98784.0,-6913.910375595093
98785.0,-6913.908000131448
98786.0,-6913.905624667804
98787.0,-6913.903249204159
98788.0,-6913.900873740514
98789.0,-6913.89849827687
98790.0,-6913.896122813225
98791.0,-6913.89374734958
98792.0,-6913.891371885936
98793.0,-6913.888996422291
98794.0,-6913.886620958646
98795.0,-6913.884245495002
98796.0,-6913.881870031357
98797.0,-6913.879494567712
98798.0,-6913.877119104068
98799.0,-6913.874743640423
98800.0,-6913.872368176778
98801.0,-6913.869992713134
98802.0,-6913.867617249489
98803.0,-6913.865241785844
98804.0,-6913.8628663222
98805.0,-6913.860490858555
98806.0,-6913.85811539491
98807.0,-6913.855739931266
98808.0,-6913.853364467621
98809.0,-6913.850989003976
98810.0,-6913.848613540332
98811.0,-6913.846238076687
98812.0,-6913.843862613042
98813.0,-6913.841487149398
98814.0,-6913.839111685753
98815.0,-6913.836736222108
98816.0,-6913.834360758464
98817.0,-6913.831985294819
98818.0,-6913.829609831174
98819.0,-6913.82723436753
98820.0,-6913.824858903885
98821.0,-6913.82248344024
98822.0,-6913.820107976596
98823.0,-6913.817732512951
98824.0,-6913.815357049306
98825.0,-6913.812981585662
98826.0,-6913.810606122017
98827.0,-6913.808230658372
98828.0,-6913.805855194728
98829.0,-6913.803479731083
98830.0,-6913.801104267438
98831.0,-6913.798728803794
98832.0,-6913.796353340149
98833.0,-6913.793977876504
98834.0,-6913.79160241286
98835.0,-6913.789226949215
98836.0,-6913.78685148557
98837.0,-6913.784476021926
98838.0,-6913.782100558281
98839.0,-6913.779725094636
98840.0,-6913.777349630992
98841.0,-6913.774974167347
98842.0,-6913.772598703702
98843.0,-6913.770223240058
98844.0,-6913.767847776413
98845.0,-6913.765472312768
98846.0,-6913.763096849124
98847.0,-6913.760721385479
98848.0,-6913.758345921834
98849.0,-6913.75597045819
98850.0,-6913.753594994545
98851.0,-6913.7512195309
98852.0,-6913.748844067256
98853.0,-6913.746468603611
98854.0,-6913.744093139966
98855.0,-6913.741717676322
98856.0,-6913.739342212677
98857.0,-6913.736966749032
98858.0,-6913.734591285388
98859.0,-6913.732215821743
98860.0,-6913.729840358098
98861.0,-6913.727464894454
98862.0,-6913.725089430809
98863.0,-6913.722713967164
98864.0,-6913.72033850352
98865.0,-6913.717963039875
98866.0,-6913.71558757623
98867.0,-6913.713212112586
98868.0,-6913.710836648941
98869.0,-6913.708461185296
98870.0,-6913.706085721652
98871.0,-6913.703710258007
98872.0,-6913.701334794362
98873.0,-6913.698959330718
98874.0,-6913.696583867073
98875.0,-6913.694208403428
98876.0,-6913.691832939784
98877.0,-6913.689457476139
98878.0,-6913.687082012494
98879.0,-6913.68470654885
98880.0,-6913.682331085205
98881.0,-6913.67995562156
98882.0,-6913.677580157916
98883.0,-6913.675204694271
98884.0,-6913.672829230626
98885.0,-6913.670453766982
98886.0,-6913.668078303337
98887.0,-6913.665702839692
98888.0,-6913.663327376048
98889.0,-6913.660951912403
98890.0,-6913.658576448758
98891.0,-6913.656200985114
98892.0,-6913.653825521469
98893.0,-6913.651450057824
98894.0,-6913.64907459418
98895.0,-6913.646699130535
98896.0,-6913.64432366689
98897.0,-6913.641948203246
98898.0,-6913.639572739601
98899.0,-6913.637197275956
98900.0,-6913.634821812312
98901.0,-6913.632446348667
98902.0,-6913.630070885022
98903.0,-6913.627695421378
98904.0,-6913.625319957733
98905.0,-6913.622944494088
98906.0,-6913.620569030444
98907.0,-6913.618193566799
98908.0,-6913.615818103154
98909.0,-6913.61344263951
98910.0,-6913.611067175865
98911.0,-6913.60869171222
98912.0,-6913.606316248576
98913.0,-6913.603940784931
98914.0,-6913.601565321286
98915.0,-6913.599189857642
98916.0,-6913.596814393997
98917.0,-6913.594438930352
98918.0,-6913.592063466708
98919.0,-6913.589688003063
98920.0,-6913.587312539418
98921.0,-6913.584937075774
98922.0,-6913.582561612129
98923.0,-6913.580186148484
98924.0,-6913.57781068484
98925.0,-6913.575435221195
98926.0,-6913.57305975755
98927.0,-6913.570684293906
98928.0,-6913.568308830261
98929.0,-6913.565933366616
98930.0,-6913.563557902972
98931.0,-6913.561182439327
98932.0,-6913.558806975682
98933.0,-6913.556431512038
98934.0,-6913.554056048393
98935.0,-6913.551680584748
98936.0,-6913.549305121104
98937.0,-6913.546929657459
98938.0,-6913.544554193814
98939.0,-6913.54217873017
98940.0,-6913.539803266525
98941.0,-6913.53742780288
98942.0,-6913.535052339236
98943.0,-6913.532676875591
98944.0,-6913.530301411946
98945.0,-6913.527925948302
98946.0,-6913.525550484657
98947.0,-6913.523175021012
98948.0,-6913.520799557368
98949.0,-6913.518424093723
98950.0,-6913.516048630078
98951.0,-6913.513673166434
98952.0,-6913.511297702789
98953.0,-6913.508922239144
98954.0,-6913.5065467755
98955.0,-6913.504171311855
98956.0,-6913.50179584821
98957.0,-6913.499420384566
98958.0,-6913.497044920921
98959.0,-6913.494669457276
98960.0,-6913.492293993632
98961.0,-6913.489918529987
98962.0,-6913.487543066342
98963.0,-6913.485167602698
98964.0,-6913.482792139053
98965.0,-6913.480416675408
98966.0,-6913.478041211764
98967.0,-6913.475665748119
98968.0,-6913.473290284474
98969.0,-6913.47091482083
98970.0,-6913.468539357185
98971.0,-6913.46616389354
98972.0,-6913.463788429896
98973.0,-6913.461412966251
98974.0,-6913.459037502606
98975.0,-6913.456662038962
98976.0,-6913.454286575317
98977.0,-6913.451911111672
98978.0,-6913.449535648028
98979.0,-6913.447160184383
98980.0,-6913.444784720738
98981.0,-6913.442409257094
98982.0,-6913.440033793449
98983.0,-6913.437658329804
98984.0,-6913.43528286616
98985.0,-6913.432907402515
98986.0,-6913.43053193887
98987.0,-6913.428156475226
98988.0,-6913.425781011581
98989.0,-6913.423405547936
98990.0,-6913.421030084292
98991.0,-6913.418654620647
98992.0,-6913.4162791570025
98993.0,-6913.413903693358
98994.0,-6913.411528229713
98995.0,-6913.4091527660685
98996.0,-6913.406777302424
98997.0,-6913.404401838779
98998.0,-6913.4020263751345
98999.0,-6913.39965091149
99000.0,-6913.3972754478455
99001.0,-6913.3948999842005
99002.0,-6913.392524520556
99003.0,-6913.3901490569115
99004.0,-6913.3877735932665
99005.0,-6913.385398129622
99006.0,-6913.3830226659775
99007.0,-6913.3806472023325
99008.0,-6913.378271738688
99009.0,-6913.3758962750435
99010.0,-6913.3735208113985
99011.0,-6913.3711453477545
99012.0,-6913.3687698841095
99013.0,-6913.3663944204645
99014.0,-6913.3640189568205
99015.0,-6913.3616434931755
99016.0,-6913.3592680295305
99017.0,-6913.3568925658865
99018.0,-6913.3545171022415
99019.0,-6913.352141638597
99020.0,-6913.3497661749525
99021.0,-6913.3473907113075
99022.0,-6913.345015247663
99023.0,-6913.3426397840185
99024.0,-6913.3402643203735
99025.0,-6913.337888856729
99026.0,-6913.3355133930845
99027.0,-6913.3331379294395
99028.0,-6913.330762465795
99029.0,-6913.3283870021505
99030.0,-6913.326011538506
99031.0,-6913.323636074861
99032.0,-6913.3212606112165
99033.0,-6913.318885147572
99034.0,-6913.316509683927
99035.0,-6913.3141342202825
99036.0,-6913.311758756638
99037.0,-6913.309383292993
99038.0,-6913.307007829349
99039.0,-6913.304632365704
99040.0,-6913.302256902059
99041.0,-6913.299881438415
99042.0,-6913.29750597477
99043.0,-6913.295130511125
99044.0,-6913.292755047481
99045.0,-6913.290379583836
99046.0,-6913.288004120191
99047.0,-6913.285628656547
99048.0,-6913.283253192902
99049.0,-6913.280877729257
99050.0,-6913.278502265613
99051.0,-6913.276126801968
99052.0,-6913.273751338323
99053.0,-6913.271375874679
99054.0,-6913.269000411034
99055.0,-6913.266624947389
99056.0,-6913.264249483745
99057.0,-6913.2618740201
99058.0,-6913.259498556455
99059.0,-6913.257123092811
99060.0,-6913.254747629166
99061.0,-6913.252372165521
99062.0,-6913.249996701877
99063.0,-6913.247621238232
99064.0,-6913.245245774587
99065.0,-6913.242870310943
99066.0,-6913.240494847298
99067.0,-6913.238119383653
99068.0,-6913.235743920009
99069.0,-6913.233368456364
99070.0,-6913.230992992719
99071.0,-6913.228617529075
99072.0,-6913.22624206543
99073.0,-6913.223866601785
99074.0,-6913.221491138141
99075.0,-6913.219115674496
99076.0,-6913.216740210851
99077.0,-6913.214364747207
99078.0,-6913.211989283562
99079.0,-6913.209613819917
99080.0,-6913.207238356273
99081.0,-6913.204862892628
99082.0,-6913.202487428983
99083.0,-6913.200111965339
99084.0,-6913.197736501694
99085.0,-6913.195361038049
99086.0,-6913.192985574405
99087.0,-6913.19061011076
99088.0,-6913.188234647115
99089.0,-6913.185859183471
99090.0,-6913.183483719826
99091.0,-6913.181108256181
99092.0,-6913.178732792537
99093.0,-6913.176357328892
99094.0,-6913.173981865247
99095.0,-6913.171606401603
99096.0,-6913.169230937958
99097.0,-6913.166855474313
99098.0,-6913.164480010669
99099.0,-6913.162104547024
99100.0,-6913.159729083379
99101.0,-6913.157353619735
99102.0,-6913.15497815609
99103.0,-6913.152602692445
99104.0,-6913.150227228801
99105.0,-6913.147851765156
99106.0,-6913.145476301511
99107.0,-6913.143100837867
99108.0,-6913.140725374222
99109.0,-6913.138349910577
99110.0,-6913.135974446933
99111.0,-6913.133598983288
99112.0,-6913.131223519643
99113.0,-6913.128848055999
99114.0,-6913.126472592354
99115.0,-6913.124097128709
99116.0,-6913.121721665065
99117.0,-6913.11934620142
99118.0,-6913.116970737775
99119.0,-6913.114595274131
99120.0,-6913.112219810486
99121.0,-6913.109844346841
99122.0,-6913.107468883197
99123.0,-6913.105093419552
99124.0,-6913.102717955907
99125.0,-6913.100342492263
99126.0,-6913.097967028618
99127.0,-6913.095591564973
99128.0,-6913.093216101329
99129.0,-6913.090840637684
99130.0,-6913.088465174039
99131.0,-6913.086089710395
99132.0,-6913.08371424675
99133.0,-6913.081338783105
99134.0,-6913.078963319461
99135.0,-6913.076587855816
99136.0,-6913.074212392171
99137.0,-6913.071836928527
99138.0,-6913.069461464882
99139.0,-6913.067086001237
99140.0,-6913.064710537593
99141.0,-6913.062335073948
99142.0,-6913.059959610303
99143.0,-6913.057584146659
99144.0,-6913.055208683014
99145.0,-6913.052833219369
99146.0,-6913.050457755725
99147.0,-6913.04808229208
99148.0,-6913.045706828435
99149.0,-6913.043331364791
99150.0,-6913.040955901146
99151.0,-6913.038580437501
99152.0,-6913.036204973857
99153.0,-6913.033829510212
99154.0,-6913.031454046567
99155.0,-6913.029078582923
99156.0,-6913.026703119278
99157.0,-6913.024327655633
99158.0,-6913.021952191989
99159.0,-6913.019576728344
99160.0,-6913.017201264699
99161.0,-6913.014825801055
99162.0,-6913.01245033741
99163.0,-6913.010074873765
99164.0,-6913.007699410121
99165.0,-6913.005323946476
99166.0,-6913.002948482831
99167.0,-6913.000573019187
99168.0,-6912.998197555542
99169.0,-6912.995822091897
99170.0,-6912.993446628253
99171.0,-6912.991071164608
99172.0,-6912.988695700963
99173.0,-6912.986320237319
99174.0,-6912.983944773674
99175.0,-6912.981569310029
99176.0,-6912.979193846385
99177.0,-6912.97681838274
99178.0,-6912.974442919095
99179.0,-6912.972067455451
99180.0,-6912.969691991806
99181.0,-6912.967316528161
99182.0,-6912.964941064517
99183.0,-6912.962565600872
99184.0,-6912.960190137227
99185.0,-6912.957814673583
99186.0,-6912.955439209938
99187.0,-6912.953063746293
99188.0,-6912.950688282649
99189.0,-6912.948312819004
99190.0,-6912.945937355359
99191.0,-6912.943561891715
99192.0,-6912.94118642807
99193.0,-6912.938810964425
99194.0,-6912.936435500781
99195.0,-6912.934060037136
99196.0,-6912.931684573491
99197.0,-6912.929309109847
99198.0,-6912.926933646202
99199.0,-6912.924558182557
99200.0,-6912.922182718913
99201.0,-6912.919807255268
99202.0,-6912.917431791623
99203.0,-6912.915056327979
99204.0,-6912.912680864334
99205.0,-6912.910305400689
99206.0,-6912.907929937045
99207.0,-6912.9055544734
99208.0,-6912.903179009755
99209.0,-6912.900803546111
99210.0,-6912.898428082466
99211.0,-6912.896052618821
99212.0,-6912.893677155177
99213.0,-6912.891301691532
99214.0,-6912.888926227887
99215.0,-6912.886550764243
99216.0,-6912.884175300598
99217.0,-6912.881799836953
99218.0,-6912.879424373309
99219.0,-6912.877048909664
99220.0,-6912.874673446019
99221.0,-6912.872297982375
99222.0,-6912.86992251873
99223.0,-6912.867547055085
99224.0,-6912.865171591441
99225.0,-6912.862796127796
99226.0,-6912.860420664151
99227.0,-6912.858045200507
99228.0,-6912.855669736862
99229.0,-6912.853294273217
99230.0,-6912.850918809573
99231.0,-6912.848543345928
99232.0,-6912.846167882283
99233.0,-6912.843792418639
99234.0,-6912.841416954994
99235.0,-6912.839041491349
99236.0,-6912.836666027705
99237.0,-6912.83429056406
99238.0,-6912.831915100415
99239.0,-6912.829539636771
99240.0,-6912.827164173126
99241.0,-6912.824788709481
99242.0,-6912.822413245837
99243.0,-6912.820037782192
99244.0,-6912.817662318547
99245.0,-6912.815286854903
99246.0,-6912.812911391258
99247.0,-6912.810535927613
99248.0,-6912.808160463969
99249.0,-6912.805785000324
99250.0,-6912.803409536679
99251.0,-6912.801034073035
99252.0,-6912.79865860939
99253.0,-6912.796283145745
99254.0,-6912.793907682101
99255.0,-6912.791532218456
99256.0,-6912.789156754811
99257.0,-6912.786781291167
99258.0,-6912.784405827522
99259.0,-6912.782030363877
99260.0,-6912.779654900233
99261.0,-6912.777279436588
99262.0,-6912.774903972943
99263.0,-6912.772528509299
99264.0,-6912.770153045654
99265.0,-6912.767777582009
99266.0,-6912.765402118365
99267.0,-6912.76302665472
99268.0,-6912.760651191075
99269.0,-6912.758275727431
99270.0,-6912.755900263786
99271.0,-6912.753524800141
99272.0,-6912.751149336497
99273.0,-6912.748773872852
99274.0,-6912.746398409207
99275.0,-6912.744022945563
99276.0,-6912.741647481918
99277.0,-6912.739272018273
99278.0,-6912.736896554629
99279.0,-6912.734521090984
99280.0,-6912.732145627339
99281.0,-6912.729770163695
99282.0,-6912.72739470005
99283.0,-6912.725019236405
99284.0,-6912.722643772761
99285.0,-6912.720268309116
99286.0,-6912.717892845471
99287.0,-6912.715517381827
99288.0,-6912.713141918182
99289.0,-6912.710766454537
99290.0,-6912.708390990893
99291.0,-6912.706015527248
99292.0,-6912.703640063603
99293.0,-6912.701264599959
99294.0,-6912.698889136314
99295.0,-6912.696513672669
99296.0,-6912.694138209025
99297.0,-6912.69176274538
99298.0,-6912.689387281735
99299.0,-6912.687011818091
99300.0,-6912.684636354446
99301.0,-6912.682260890801
99302.0,-6912.679885427157
99303.0,-6912.677509963512
99304.0,-6912.675134499867
99305.0,-6912.672759036223
99306.0,-6912.670383572578
99307.0,-6912.6680081089335
99308.0,-6912.665632645289
99309.0,-6912.663257181644
99310.0,-6912.6608817179995
99311.0,-6912.658506254355
99312.0,-6912.65613079071
99313.0,-6912.6537553270655
99314.0,-6912.651379863421
99315.0,-6912.6490043997765
99316.0,-6912.6466289361315
99317.0,-6912.644253472487
99318.0,-6912.6418780088425
99319.0,-6912.6395025451975
99320.0,-6912.637127081553
99321.0,-6912.6347516179085
99322.0,-6912.6323761542635
99323.0,-6912.630000690619
99324.0,-6912.6276252269745
99325.0,-6912.6252497633295
99326.0,-6912.6228742996855
99327.0,-6912.6204988360405
99328.0,-6912.6181233723955
99329.0,-6912.6181233723955
99330.0,-6912.6181233723955
99331.0,-6912.6181233723955
99332.0,-6912.6181233723955
99333.0,-6912.6181233723955
99334.0,-6912.6181233723955
99335.0,-6912.6181233723955
99336.0,-6912.6181233723955
99337.0,-6912.6181233723955
99338.0,-6912.6181233723955
99339.0,-6912.6181233723955
99340.0,-6912.6181233723955
99341.0,-6912.6181233723955
99342.0,-6912.6181233723955
99343.0,-6912.6181233723955
99344.0,-6912.6181233723955
99345.0,-6912.6181233723955
99346.0,-6912.6181233723955
99347.0,-6912.6181233723955
99348.0,-6912.6181233723955
99349.0,-6912.6181233723955
99350.0,-6912.6181233723955
99351.0,-6912.6181233723955
99352.0,-6912.6181233723955
99353.0,-6912.6181233723955
99354.0,-6912.6181233723955
99355.0,-6912.6181233723955
99356.0,-6912.6181233723955
99357.0,-6912.6181233723955
99358.0,-6912.6181233723955
99359.0,-6912.6181233723955
99360.0,-6912.6181233723955
99361.0,-6912.6181233723955
99362.0,-6912.6181233723955
99363.0,-6912.6181233723955
99364.0,-6912.6181233723955
99365.0,-6912.6181233723955
99366.0,-6912.6181233723955
99367.0,-6912.6181233723955
99368.0,-6912.6181233723955
99369.0,-6912.6181233723955
99370.0,-6912.6181233723955
99371.0,-6912.6181233723955
99372.0,-6912.6181233723955
99373.0,-6912.6181233723955
99374.0,-6912.6181233723955
99375.0,-6912.6181233723955
99376.0,-6912.6181233723955
99377.0,-6912.6181233723955
99378.0,-6912.6181233723955
99379.0,-6912.6181233723955
99380.0,-6912.6181233723955
99381.0,-6912.6181233723955
99382.0,-6912.6181233723955
99383.0,-6912.6181233723955
99384.0,-6912.6181233723955
99385.0,-6912.6181233723955
99386.0,-6912.6181233723955
99387.0,-6912.6181233723955
99388.0,-6912.6181233723955
99389.0,-6912.6181233723955
99390.0,-6912.6181233723955
99391.0,-6912.6181233723955
99392.0,-6912.6181233723955
99393.0,-6912.6181233723955
99394.0,-6912.6181233723955
99395.0,-6912.6181233723955
99396.0,-6912.6181233723955
99397.0,-6912.6181233723955
99398.0,-6912.6181233723955
99399.0,-6912.6181233723955
99400.0,-6912.6181233723955
99401.0,-6912.6181233723955
99402.0,-6912.6181233723955
99403.0,-6912.6181233723955
99404.0,-6912.6181233723955
99405.0,-6912.6181233723955
99406.0,-6912.6181233723955
99407.0,-6912.6181233723955
99408.0,-6912.6181233723955
99409.0,-6912.6181233723955
99410.0,-6912.6181233723955
99411.0,-6912.6181233723955
99412.0,-6912.6181233723955
99413.0,-6912.6181233723955
99414.0,-6912.6181233723955
99415.0,-6912.6181233723955
99416.0,-6912.6181233723955
99417.0,-6912.6181233723955
99418.0,-6912.6181233723955
99419.0,-6912.6181233723955
99420.0,-6912.6181233723955
99421.0,-6912.6181233723955
99422.0,-6912.6181233723955
99423.0,-6912.6181233723955
99424.0,-6912.6181233723955
99425.0,-6912.6181233723955
99426.0,-6912.6181233723955
99427.0,-6912.6181233723955
99428.0,-6912.6181233723955
99429.0,-6912.6181233723955
99430.0,-6912.6181233723955
99431.0,-6912.6181233723955
99432.0,-6912.6181233723955
99433.0,-6912.6181233723955
99434.0,-6912.6181233723955
99435.0,-6912.6181233723955
99436.0,-6912.6181233723955
99437.0,-6912.6181233723955
99438.0,-6912.6181233723955
99439.0,-6912.6181233723955
99440.0,-6912.6181233723955
99441.0,-6912.6181233723955
99442.0,-6912.6181233723955
99443.0,-6912.6181233723955
99444.0,-6912.6181233723955
99445.0,-6912.6181233723955
99446.0,-6912.6181233723955
99447.0,-6912.6181233723955
99448.0,-6912.6181233723955
99449.0,-6912.6181233723955
99450.0,-6912.6181233723955
99451.0,-6912.6181233723955
99452.0,-6912.6181233723955
99453.0,-6912.6181233723955
99454.0,-6912.6181233723955
99455.0,-6912.6181233723955
99456.0,-6912.6181233723955
99457.0,-6912.6181233723955
99458.0,-6912.6181233723955
99459.0,-6912.6181233723955
99460.0,-6912.6181233723955
99461.0,-6912.6181233723955
99462.0,-6912.6181233723955
99463.0,-6912.6181233723955
99464.0,-6912.6181233723955
99465.0,-6912.6181233723955
99466.0,-6912.6181233723955
99467.0,-6912.6181233723955
99468.0,-6912.6181233723955
99469.0,-6912.6181233723955
99470.0,-6912.6181233723955
99471.0,-6912.6181233723955
99472.0,-6912.6181233723955
99473.0,-6912.6181233723955
99474.0,-6912.6181233723955
99475.0,-6912.6181233723955
99476.0,-6912.6181233723955
99477.0,-6912.6181233723955
99478.0,-6912.6181233723955
99479.0,-6912.6181233723955
99480.0,-6912.6181233723955
99481.0,-6912.6181233723955
99482.0,-6912.6181233723955
99483.0,-6912.6181233723955
99484.0,-6912.6181233723955
99485.0,-6912.6181233723955
99486.0,-6912.6181233723955
99487.0,-6912.6181233723955
99488.0,-6912.6181233723955
99489.0,-6912.6181233723955
99490.0,-6912.6181233723955
99491.0,-6912.6181233723955
99492.0,-6912.6181233723955
99493.0,-6912.6181233723955
99494.0,-6912.6181233723955
99495.0,-6912.6181233723955
99496.0,-6912.6181233723955
99497.0,-6912.6181233723955
99498.0,-6912.6181233723955
99499.0,-6912.6181233723955
99500.0,-6912.6181233723955
99501.0,-6912.6181233723955
99502.0,-6912.6181233723955
99503.0,-6912.6181233723955
99504.0,-6912.6181233723955
99505.0,-6912.6181233723955
99506.0,-6912.6181233723955
99507.0,-6912.6181233723955
99508.0,-6912.6181233723955
99509.0,-6912.6181233723955
99510.0,-6912.6181233723955
99511.0,-6912.6181233723955
99512.0,-6912.6181233723955
99513.0,-6912.6181233723955
99514.0,-6912.6181233723955
99515.0,-6912.6181233723955
99516.0,-6912.6181233723955
99517.0,-6912.6181233723955
99518.0,-6912.6181233723955
99519.0,-6912.6181233723955
99520.0,-6912.6181233723955
99521.0,-6912.6181233723955
99522.0,-6912.6181233723955
99523.0,-6912.6181233723955
99524.0,-6912.6181233723955
99525.0,-6912.6181233723955
99526.0,-6912.6181233723955
99527.0,-6912.6181233723955
99528.0,-6912.6181233723955
99529.0,-6912.6181233723955
99530.0,-6912.6181233723955
99531.0,-6912.6181233723955
99532.0,-6912.6181233723955
99533.0,-6912.6181233723955
99534.0,-6912.6181233723955
99535.0,-6912.6181233723955
99536.0,-6912.6181233723955
99537.0,-6912.6181233723955
99538.0,-6912.6181233723955
99539.0,-6912.6181233723955
99540.0,-6912.6181233723955
99541.0,-6912.6181233723955
99542.0,-6912.6181233723955
99543.0,-6912.6181233723955
99544.0,-6912.6181233723955
99545.0,-6912.6181233723955
99546.0,-6912.6181233723955
99547.0,-6912.6181233723955
99548.0,-6912.6181233723955
99549.0,-6912.6181233723955
99550.0,-6912.6181233723955
99551.0,-6912.6181233723955
99552.0,-6912.6181233723955
99553.0,-6912.6181233723955
99554.0,-6912.6181233723955
99555.0,-6912.6181233723955
99556.0,-6912.6181233723955
99557.0,-6912.6181233723955
99558.0,-6912.6181233723955
99559.0,-6912.6181233723955
99560.0,-6912.6181233723955
99561.0,-6912.6181233723955
99562.0,-6912.6181233723955
99563.0,-6912.6181233723955
99564.0,-6912.6181233723955
99565.0,-6912.6181233723955
99566.0,-6912.6181233723955
99567.0,-6912.6181233723955
99568.0,-6912.6181233723955
99569.0,-6912.6181233723955
99570.0,-6912.6181233723955
99571.0,-6912.6181233723955
99572.0,-6912.6181233723955
99573.0,-6912.6181233723955
99574.0,-6912.6181233723955
99575.0,-6912.6181233723955
99576.0,-6912.6181233723955
99577.0,-6912.6181233723955
99578.0,-6912.6181233723955
99579.0,-6912.6181233723955
99580.0,-6912.6181233723955
99581.0,-6912.6181233723955
99582.0,-6912.6181233723955
99583.0,-6912.6181233723955
99584.0,-6912.6181233723955
99585.0,-6912.6181233723955
99586.0,-6912.6181233723955
99587.0,-6912.6181233723955
99588.0,-6912.6181233723955
99589.0,-6912.6181233723955
99590.0,-6912.6181233723955
99591.0,-6912.6181233723955
99592.0,-6912.6181233723955
99593.0,-6912.6181233723955
99594.0,-6912.6181233723955
99595.0,-6912.6181233723955
99596.0,-6912.6181233723955
99597.0,-6912.6181233723955
99598.0,-6912.6181233723955
99599.0,-6912.6181233723955
99600.0,-6912.6181233723955
99601.0,-6912.6181233723955
99602.0,-6912.6181233723955
99603.0,-6912.6181233723955
99604.0,-6912.6181233723955
99605.0,-6912.6181233723955
99606.0,-6912.6181233723955
99607.0,-6912.6181233723955
99608.0,-6912.6181233723955
99609.0,-6912.6181233723955
99610.0,-6912.6181233723955
99611.0,-6912.6181233723955
99612.0,-6912.6181233723955
99613.0,-6912.6181233723955
99614.0,-6912.6181233723955
99615.0,-6912.6181233723955
99616.0,-6912.6181233723955
99617.0,-6912.6181233723955
99618.0,-6912.6181233723955
99619.0,-6912.6181233723955
99620.0,-6912.6181233723955
99621.0,-6912.6181233723955
99622.0,-6912.6181233723955
99623.0,-6912.6181233723955
99624.0,-6912.6181233723955
99625.0,-6912.6181233723955
99626.0,-6912.6181233723955
99627.0,-6912.6181233723955
99628.0,-6912.6181233723955
99629.0,-6912.6181233723955
99630.0,-6912.6181233723955
99631.0,-6912.6181233723955
99632.0,-6912.6181233723955
99633.0,-6912.6181233723955
99634.0,-6912.6181233723955
99635.0,-6912.6181233723955
99636.0,-6912.6181233723955
99637.0,-6912.6181233723955
99638.0,-6912.6181233723955
99639.0,-6912.6181233723955
99640.0,-6912.6181233723955
99641.0,-6912.6181233723955
99642.0,-6912.6181233723955
99643.0,-6912.6181233723955
99644.0,-6912.6181233723955
99645.0,-6912.6181233723955
99646.0,-6912.6181233723955
99647.0,-6912.6181233723955
99648.0,-6912.6181233723955
99649.0,-6912.6181233723955
99650.0,-6912.6181233723955
99651.0,-6912.6181233723955
99652.0,-6912.6181233723955
99653.0,-6912.6181233723955
99654.0,-6912.6181233723955
99655.0,-6912.6181233723955
99656.0,-6912.6181233723955
99657.0,-6912.6181233723955
99658.0,-6912.6181233723955
99659.0,-6912.6181233723955
99660.0,-6912.6181233723955
99661.0,-6912.6181233723955
99662.0,-6912.6181233723955
99663.0,-6912.6181233723955
99664.0,-6912.6181233723955
99665.0,-6912.6181233723955
99666.0,-6912.6181233723955
99667.0,-6912.6181233723955
99668.0,-6912.6181233723955
99669.0,-6912.6181233723955
99670.0,-6912.6181233723955
99671.0,-6912.6181233723955
99672.0,-6912.6181233723955
99673.0,-6912.6181233723955
99674.0,-6912.6181233723955
99675.0,-6912.6181233723955
99676.0,-6912.6181233723955
99677.0,-6912.6181233723955
99678.0,-6912.6181233723955
99679.0,-6912.6181233723955
99680.0,-6912.6181233723955
99681.0,-6912.6181233723955
99682.0,-6912.6181233723955
99683.0,-6912.6181233723955
99684.0,-6912.6181233723955
99685.0,-6912.6181233723955
99686.0,-6912.6181233723955
99687.0,-6912.6181233723955
99688.0,-6912.6181233723955
99689.0,-6912.6181233723955
99690.0,-6912.6181233723955
99691.0,-6912.6181233723955
99692.0,-6912.6181233723955
99693.0,-6912.6181233723955
99694.0,-6912.6181233723955
99695.0,-6912.6181233723955
99696.0,-6912.6181233723955
99697.0,-6912.6181233723955
99698.0,-6912.6181233723955
99699.0,-6912.6181233723955
99700.0,-6912.6181233723955
99701.0,-6912.6181233723955
99702.0,-6912.6181233723955
99703.0,-6912.6181233723955
99704.0,-6912.6181233723955
99705.0,-6912.6181233723955
99706.0,-6912.6181233723955
99707.0,-6912.6181233723955
99708.0,-6912.6181233723955
99709.0,-6912.6181233723955
99710.0,-6912.6181233723955
99711.0,-6912.6181233723955
99712.0,-6912.6181233723955
99713.0,-6912.6181233723955
99714.0,-6912.6181233723955
99715.0,-6912.6181233723955
99716.0,-6912.6181233723955
99717.0,-6912.6181233723955
99718.0,-6912.6181233723955
99719.0,-6912.6181233723955
99720.0,-6912.6181233723955
99721.0,-6912.6181233723955
99722.0,-6912.6181233723955
99723.0,-6912.6181233723955
99724.0,-6912.6181233723955
99725.0,-6912.6181233723955
99726.0,-6912.6181233723955
99727.0,-6912.6181233723955
99728.0,-6912.6181233723955
99729.0,-6912.6181233723955
99730.0,-6912.6181233723955
99731.0,-6912.6181233723955
99732.0,-6912.6181233723955
99733.0,-6912.6181233723955
99734.0,-6912.6181233723955
99735.0,-6912.6181233723955
99736.0,-6912.6181233723955
99737.0,-6912.6181233723955
99738.0,-6912.6181233723955
99739.0,-6912.6181233723955
99740.0,-6912.6181233723955
99741.0,-6912.6181233723955
99742.0,-6912.6181233723955
99743.0,-6912.6181233723955
99744.0,-6912.6181233723955
99745.0,-6912.6181233723955
99746.0,-6912.6181233723955
99747.0,-6912.6181233723955
99748.0,-6912.6181233723955
99749.0,-6912.6181233723955
99750.0,-6912.6181233723955
99751.0,-6912.6181233723955
99752.0,-6912.6181233723955
99753.0,-6912.6181233723955
99754.0,-6912.6181233723955
99755.0,-6912.6181233723955
99756.0,-6912.6181233723955
99757.0,-6912.6181233723955
99758.0,-6912.6181233723955
99759.0,-6912.6181233723955
99760.0,-6912.6181233723955
99761.0,-6912.6181233723955
99762.0,-6912.6181233723955
99763.0,-6912.6181233723955
99764.0,-6912.6181233723955
99765.0,-6912.6181233723955
99766.0,-6912.6181233723955
99767.0,-6912.6181233723955
99768.0,-6912.6181233723955
99769.0,-6912.6181233723955
99770.0,-6912.6181233723955
99771.0,-6912.6181233723955
99772.0,-6912.6181233723955
99773.0,-6912.6181233723955
99774.0,-6912.6181233723955
99775.0,-6912.6181233723955
99776.0,-6912.6181233723955
99777.0,-6912.6181233723955
99778.0,-6912.6181233723955
99779.0,-6912.6181233723955
99780.0,-6912.6181233723955
99781.0,-6912.6181233723955
99782.0,-6912.6181233723955
99783.0,-6912.6181233723955
99784.0,-6912.6181233723955
99785.0,-6912.6181233723955
99786.0,-6912.6181233723955
99787.0,-6912.6181233723955
99788.0,-6912.6181233723955
99789.0,-6912.6181233723955
99790.0,-6912.6181233723955
99791.0,-6912.6181233723955
99792.0,-6912.6181233723955
99793.0,-6912.6181233723955
99794.0,-6912.6181233723955
99795.0,-6912.6181233723955
99796.0,-6912.6181233723955
99797.0,-6912.6181233723955
99798.0,-6912.6181233723955
99799.0,-6912.6181233723955
99800.0,-6912.6181233723955
99801.0,-6912.6181233723955
99802.0,-6912.6181233723955
99803.0,-6912.6181233723955
99804.0,-6912.6181233723955
99805.0,-6912.6181233723955
99806.0,-6912.6181233723955
99807.0,-6912.6181233723955
99808.0,-6912.6181233723955
99809.0,-6912.6181233723955
99810.0,-6912.6181233723955
99811.0,-6912.6181233723955
99812.0,-6912.6181233723955
99813.0,-6912.6181233723955
99814.0,-6912.6181233723955
99815.0,-6912.6181233723955
99816.0,-6912.6181233723955
99817.0,-6912.6181233723955
99818.0,-6912.6181233723955
99819.0,-6912.6181233723955
99820.0,-6912.6181233723955
99821.0,-6912.6181233723955
99822.0,-6912.6181233723955
99823.0,-6912.6181233723955
99824.0,-6912.6181233723955
99825.0,-6912.6181233723955
99826.0,-6912.6181233723955
99827.0,-6912.6181233723955
99828.0,-6912.6181233723955
99829.0,-6912.6181233723955
99830.0,-6912.6181233723955
99831.0,-6912.6181233723955
99832.0,-6912.6181233723955
99833.0,-6912.6181233723955
99834.0,-6912.6181233723955
99835.0,-6912.6181233723955
99836.0,-6912.6181233723955
99837.0,-6912.6181233723955
99838.0,-6912.6181233723955
99839.0,-6912.6181233723955
99840.0,-6912.6181233723955
99841.0,-6912.6181233723955
99842.0,-6912.6181233723955
99843.0,-6912.6181233723955
99844.0,-6912.6181233723955
99845.0,-6912.6181233723955
99846.0,-6912.6181233723955
99847.0,-6912.6181233723955
99848.0,-6912.6181233723955
99849.0,-6912.6181233723955
99850.0,-6912.6181233723955
99851.0,-6912.6181233723955
99852.0,-6912.6181233723955
99853.0,-6912.6181233723955
99854.0,-6912.6181233723955
99855.0,-6912.6181233723955
99856.0,-6912.6181233723955
99857.0,-6912.6181233723955
99858.0,-6912.6181233723955
99859.0,-6912.6181233723955
99860.0,-6912.6181233723955
99861.0,-6912.6181233723955
99862.0,-6912.6181233723955
99863.0,-6912.6181233723955
99864.0,-6912.6181233723955
99865.0,-6912.6181233723955
99866.0,-6912.6181233723955
99867.0,-6912.6181233723955
99868.0,-6912.6181233723955
99869.0,-6912.6181233723955
99870.0,-6912.6181233723955
99871.0,-6912.6181233723955
99872.0,-6912.6181233723955
99873.0,-6912.6181233723955
99874.0,-6912.6181233723955
99875.0,-6912.6181233723955
99876.0,-6912.6181233723955
99877.0,-6912.6181233723955
99878.0,-6912.6181233723955
99879.0,-6912.6181233723955
99880.0,-6912.6181233723955
99881.0,-6912.6181233723955
99882.0,-6912.6181233723955
99883.0,-6912.6181233723955
99884.0,-6912.6181233723955
99885.0,-6912.6181233723955
99886.0,-6912.6181233723955
99887.0,-6912.6181233723955
99888.0,-6912.6181233723955
99889.0,-6912.6181233723955
99890.0,-6912.6181233723955
99891.0,-6912.6181233723955
99892.0,-6912.6181233723955
99893.0,-6912.6181233723955
99894.0,-6912.6181233723955
99895.0,-6912.6181233723955
99896.0,-6912.6181233723955
99897.0,-6912.6181233723955
99898.0,-6912.6181233723955
99899.0,-6912.6181233723955
99900.0,-6912.6181233723955
99901.0,-6912.6181233723955
99902.0,-6912.6181233723955
99903.0,-6912.6181233723955
99904.0,-6912.6181233723955
99905.0,-6912.6181233723955
99906.0,-6912.6181233723955
99907.0,-6912.6181233723955
99908.0,-6912.6181233723955
99909.0,-6912.6181233723955
99910.0,-6912.6181233723955
99911.0,-6912.6181233723955
99912.0,-6912.6181233723955
99913.0,-6912.6181233723955
99914.0,-6912.6181233723955
99915.0,-6912.6181233723955
99916.0,-6912.6181233723955
99917.0,-6912.6181233723955
99918.0,-6912.6181233723955
99919.0,-6912.6181233723955
99920.0,-6912.6181233723955
99921.0,-6912.6181233723955
99922.0,-6912.6181233723955
99923.0,-6912.6181233723955
99924.0,-6912.6181233723955
99925.0,-6912.6181233723955
99926.0,-6912.6181233723955
99927.0,-6912.6181233723955
99928.0,-6912.6181233723955
99929.0,-6912.6181233723955
99930.0,-6912.6181233723955
99931.0,-6912.6181233723955
99932.0,-6912.6181233723955
99933.0,-6912.6181233723955
99934.0,-6912.6181233723955
99935.0,-6912.6181233723955
99936.0,-6912.6181233723955
99937.0,-6912.6181233723955
99938.0,-6912.6181233723955
99939.0,-6912.6181233723955
99940.0,-6912.6181233723955
99941.0,-6912.6181233723955
99942.0,-6912.6181233723955
99943.0,-6912.6181233723955
99944.0,-6912.6181233723955
99945.0,-6912.6181233723955
99946.0,-6912.6181233723955
99947.0,-6912.6181233723955
99948.0,-6912.6181233723955
99949.0,-6912.6181233723955
99950.0,-6912.6181233723955
99951.0,-6912.6181233723955
99952.0,-6912.6181233723955
99953.0,-6912.6181233723955
99954.0,-6912.6181233723955
99955.0,-6912.6181233723955
99956.0,-6912.6181233723955
99957.0,-6912.6181233723955
99958.0,-6912.6181233723955
99959.0,-6912.6181233723955
99960.0,-6912.6181233723955
99961.0,-6912.6181233723955
99962.0,-6912.6181233723955
99963.0,-6912.6181233723955
99964.0,-6912.6181233723955
99965.0,-6912.6181233723955
99966.0,-6912.6181233723955
99967.0,-6912.6181233723955
99968.0,-6912.6181233723955
99969.0,-6912.6181233723955
99970.0,-6912.6181233723955
99971.0,-6912.6181233723955
99972.0,-6912.6181233723955
99973.0,-6912.6181233723955
99974.0,-6912.6181233723955
99975.0,-6912.6181233723955
99976.0,-6912.6181233723955
99977.0,-6912.6181233723955
99978.0,-6912.6181233723955
99979.0,-6912.6181233723955
99980.0,-6912.6181233723955
99981.0,-6912.6181233723955
99982.0,-6912.6181233723955
99983.0,-6912.6181233723955
99984.0,-6912.6181233723955
99985.0,-6912.6181233723955
99986.0,-6912.6181233723955
99987.0,-6912.6181233723955
99988.0,-6912.6181233723955
99989.0,-6912.6181233723955
99990.0,-6912.6181233723955
99991.0,-6912.6181233723955
99992.0,-6912.6181233723955
99993.0,-6912.6181233723955
99994.0,-6912.6181233723955
99995.0,-6912.6181233723955
99996.0,-6912.6181233723955
99997.0,-6912.6181233723955
99998.0,-6912.6181233723955
99999.0,-6912.6181233723955
